0.000000000000000000e+00 2.272585370375049596e+00
1.000009030627765395e-02 2.272585370375403535e+00
2.000018061255530791e-02 2.272585370376465796e+00
3.000027091883296360e-02 2.272585370378224390e+00
4.000036122511061581e-02 2.272585370380674874e+00
5.000045153138826803e-02 2.272585370383803038e+00
6.000054183766592719e-02 2.272585370387587123e+00
7.000063214394357247e-02 2.272585370392010695e+00
8.000072245022123163e-02 2.272585370397047555e+00
9.000081275649889079e-02 2.272585370402666172e+00
1.000009030627765361e-01 2.272585370408838124e+00
1.100009933690541952e-01 2.272585370415523442e+00
1.200010836753318544e-01 2.272585370422684381e+00
1.300011739816095135e-01 2.272585370430278751e+00
1.400012642878871449e-01 2.272585370438256369e+00
1.500013545941648041e-01 2.272585370446570607e+00
1.600014449004424633e-01 2.272585370455161957e+00
1.700015352067201224e-01 2.272585370463977572e+00
1.800016255129977816e-01 2.272585370472957056e+00
1.900017158192754130e-01 2.272585370482033795e+00
2.000018061255530721e-01 2.272585370491143841e+00
2.100018964318307313e-01 2.272585370500218360e+00
2.200019867381083905e-01 2.272585370509179192e+00
2.300020770443860496e-01 2.272585370517956616e+00
2.400021673506637088e-01 2.272585370526468918e+00
2.500022576569413402e-01 2.272585370534637939e+00
2.600023479632190271e-01 2.272585370542377525e+00
2.700024382694966585e-01 2.272585370549603745e+00
2.800025285757742899e-01 2.272585370556228668e+00
2.900026188820519768e-01 2.272585370562159035e+00
3.000027091883296082e-01 2.272585370567304253e+00
3.100027994946072951e-01 2.272585370571570174e+00
3.200028898008849265e-01 2.272585370574859098e+00
3.300029801071625579e-01 2.272585370577073771e+00
3.400030704134402448e-01 2.272585370578114716e+00
3.500031607197178762e-01 2.272585370577878905e+00
3.600032510259955632e-01 2.272585370576266861e+00
3.700033413322731946e-01 2.272585370573171115e+00
3.800034316385508260e-01 2.272585370568485086e+00
3.900035219448285129e-01 2.272585370562107077e+00
4.000036122511061443e-01 2.272585370553930062e+00
4.100037025573838312e-01 2.272585370543838135e+00
4.200037928636614626e-01 2.272585370531731819e+00
4.300038831699390940e-01 2.272585370517496095e+00
4.400039734762167809e-01 2.272585370501023050e+00
4.500040637824944123e-01 2.272585370482203881e+00
4.600041540887720992e-01 2.272585370460925347e+00
4.700042443950497306e-01 2.272585370437078645e+00
4.800043347013274175e-01 2.272585370410553196e+00
4.900044250076050489e-01 2.272585370381242864e+00
5.000045153138826803e-01 2.272585370349029965e+00
5.100046056201603673e-01 2.272585370313809694e+00
5.200046959264380542e-01 2.272585370275472805e+00
5.300047862327156301e-01 2.272585370233911384e+00
5.400048765389933170e-01 2.272585370189019738e+00
5.500049668452710039e-01 2.272585370140684624e+00
5.600050571515485798e-01 2.272585370088807011e+00
5.700051474578262667e-01 2.272585370033277208e+00
5.800052377641039536e-01 2.272585369973994851e+00
5.900053280703815295e-01 2.272585369910858244e+00
