0.000000000000000000e+00 0.000000000000000000e+00
1.000009030627765395e-02 2.925828299479556873e-23
2.000018061255530791e-02 1.182047557686812118e-21
3.000027091883296360e-02 2.946436728959491289e-21
4.000036122511061581e-02 5.791866950308015215e-21
5.000045153138826803e-02 2.143819503190167194e-21
6.000054183766592719e-02 5.855870050204305732e-21
7.000063214394357247e-02 8.466633009180657048e-21
8.000072245022123163e-02 6.134810862393672033e-21
9.000081275649889079e-02 3.341163439860674754e-21
1.000009030627765361e-01 -7.481073158717866856e-22
1.100009933690541952e-01 1.465893292414676450e-21
1.200010836753318544e-01 1.800177657462668760e-21
1.300011739816095135e-01 4.082911804773460039e-22
1.400012642878871449e-01 1.597621804963746108e-21
1.500013545941648041e-01 3.443035902175408568e-21
1.600014449004424633e-01 1.893623217287018605e-21
1.700015352067201224e-01 2.212449644637926209e-21
1.800016255129977816e-01 4.181139502514132075e-21
1.900017158192754130e-01 3.308360558694118750e-21
