0.000000000000000000e+00 0.000000000000000000e+00
1.000009030627765395e-02 8.535606737403600372e-11
2.000018061255530791e-02 1.707098437312434467e-10
3.000027091883296360e-02 2.560596945981868109e-10
4.000036122511061581e-02 3.414036581240806690e-10
5.000045153138826803e-02 4.267397743320628196e-10
6.000054183766592719e-02 5.120660907152208123e-10
7.000063214394357247e-02 5.973806654075335078e-10
8.000072245022123163e-02 6.826815555915532142e-10
9.000081275649889079e-02 7.679668340869863195e-10
1.000009030627765361e-01 8.532345819841576095e-10
1.100009933690541952e-01 9.384828845030749477e-10
1.200010836753318544e-01 1.023709850046443842e-09
1.300011739816095135e-01 1.108913589598595218e-09
1.400012642878871449e-01 1.194092236430814101e-09
1.500013545941648041e-01 1.279243940307371211e-09
1.600014449004424633e-01 1.364366857226196419e-09
1.700015352067201224e-01 1.449459164794843884e-09
1.800016255129977816e-01 1.534519062964304855e-09
1.900017158192754130e-01 1.619544765752979619e-09
2.000018061255530721e-01 1.704534509439804686e-09
2.100018964318307313e-01 1.789486549837448801e-09
2.200019867381083905e-01 1.874399163650836949e-09
2.300020770443860496e-01 1.959270649589324469e-09
2.400021673506637088e-01 2.044099334224076501e-09
2.500022576569413402e-01 2.128883567324630900e-09
2.600023479632190271e-01 2.213621713860315455e-09
2.700024382694966585e-01 2.298312168334055813e-09
2.800025285757742899e-01 2.382953354278160922e-09
2.900026188820519768e-01 2.467543719775306280e-09
3.000027091883296082e-01 2.552081733633082503e-09
3.100027994946072951e-01 2.636565903586642378e-09
3.200028898008849265e-01 2.720994753321269947e-09
3.300029801071625579e-01 2.805366840733345851e-09
3.400030704134402448e-01 2.889680747028439391e-09
3.500031607197178762e-01 2.973935086228618906e-09
3.600032510259955632e-01 3.058128497488181287e-09
3.700033413322731946e-01 3.142259655596878307e-09
3.800034316385508260e-01 3.226327255195835256e-09
3.900035219448285129e-01 3.310330029592565585e-09
4.000036122511061443e-01 3.394266733871567796e-09
4.100037025573838312e-01 3.478136158748067935e-09
4.200037928636614626e-01 3.561937129278333762e-09
4.300038831699390940e-01 3.645668489193826859e-09
4.400039734762167809e-01 3.729329125391163076e-09
4.500040637824944123e-01 3.812917943601630028e-09
4.600041540887720992e-01 3.896433891862955615e-09
4.700042443950497306e-01 3.979875943338443278e-09
4.800043347013274175e-01 4.063243103490965515e-09
4.900044250076050489e-01 4.146534405938830379e-09
5.000045153138826803e-01 4.229748921419465450e-09
5.100046056201603673e-01 4.312885753547499169e-09
5.200046959264380542e-01 4.395944032190449518e-09
5.300047862327156301e-01 4.478922919418781395e-09
5.400048765389933170e-01 4.561821610859449556e-09
5.500049668452710039e-01 4.644639331674388005e-09
5.600050571515485798e-01 4.727375342071062339e-09
5.700051474578262667e-01 4.810028935896252775e-09
5.800052377641039536e-01 4.892599432743757662e-09
5.900053280703815295e-01 4.975086185716909470e-09
