0.000000000000000000e+00 3.875012227034524535e-18
1.000009030627765395e-02 3.875180804478397225e-18
2.000018061255530791e-02 3.879395527835096691e-18
3.000027091883296360e-02 3.913955075932017269e-18
4.000036122511061581e-02 4.044598389716955015e-18
5.000045153138826803e-02 4.397703655259928627e-18
6.000054183766592719e-02 5.180474588986074313e-18
7.000063214394357247e-02 6.701076028555507409e-18
8.000072245022123163e-02 9.388728230830689678e-18
9.000081275649889079e-02 1.381374825136120632e-17
1.000009030627765361e-01 2.070752967389427198e-17
1.100009933690541952e-01 3.098245224681433662e-17
1.200010836753318544e-01 4.575171309566068262e-17
1.300011739816095135e-01 6.634907132886218108e-17
1.400012642878871449e-01 9.434849801884130573e-17
1.500013545941648041e-01 1.315837237205817305e-16
1.600014449004424633e-01 1.801676758843428804e-16
1.700015352067201224e-01 2.425117987280758218e-16
1.800016255129977816e-01 3.213452483577201331e-16
1.900017158192754130e-01 4.197339561595655738e-16
2.000018061255530721e-01 5.410995537376187671e-16
2.100018964318307313e-01 6.892381529299864559e-16
2.200019867381083905e-01 8.683389747110866082e-16
2.300020770443860496e-01 1.083002821070381629e-15
2.400021673506637088e-01 1.338260384252846079e-15
2.500022576569413402e-01 1.639590388050703614e-15
2.600023479632190271e-01 1.992937556149717481e-15
2.700024382694966585e-01 2.404730402855520140e-15
2.800025285757742899e-01 2.881898841855848096e-15
2.900026188820519768e-01 3.431891609011923263e-15
