0.000000000000000000e+00 -1.461692096111222838e+01
1.000000000000000021e-02 -1.461736833168334293e+01
2.000000000000000042e-02 -1.461736833168392380e+01
2.999999999999999889e-02 -1.461736833169006999e+01
4.000000000000000083e-02 -1.461736833172119532e+01
5.000000000000000278e-02 -1.461736833182769324e+01
5.999999999999999778e-02 -1.461736833211421782e+01
7.000000000000000666e-02 -1.461736833276931158e+01
8.000000000000000167e-02 -1.461736833410171776e+01
8.999999999999999667e-02 -1.461736833658290635e+01
1.000000000000000056e-01 -1.461736834089609793e+01
1.100000000000000006e-01 -1.461736834799129703e+01
1.199999999999999956e-01 -1.461736835914658705e+01
1.300000000000000044e-01 -1.461736837603530326e+01
1.400000000000000133e-01 -1.461736840079900368e+01
1.499999999999999944e-01 -1.461736843612616532e+01
1.600000000000000033e-01 -1.461736848533632305e+01
1.700000000000000122e-01 -1.461736855246957312e+01
1.799999999999999933e-01 -1.461736864238110911e+01
1.900000000000000022e-01 -1.461736876084082937e+01
2.000000000000000111e-01 -1.461736891463749721e+01
2.099999999999999922e-01 -1.461736911168752506e+01
2.200000000000000011e-01 -1.461736936114790275e+01
2.300000000000000100e-01 -1.461736967353326122e+01
2.399999999999999911e-01 -1.461737006083657597e+01
2.500000000000000000e-01 -1.461737053665350317e+01
2.600000000000000089e-01 -1.461737111630986163e+01
2.700000000000000178e-01 -1.461737181699213117e+01
2.800000000000000266e-01 -1.461737265788071483e+01
2.899999999999999800e-01 -1.461737366028543050e+01
2.999999999999999889e-01 -1.461737484778328167e+01
3.099999999999999978e-01 -1.461737624635800081e+01
3.200000000000000067e-01 -1.461737788454109577e+01
3.300000000000000155e-01 -1.461737979355411987e+01
3.400000000000000244e-01 -1.461738200745188898e+01
3.500000000000000333e-01 -1.461738456326622959e+01
3.599999999999999867e-01 -1.461738750115015506e+01
3.699999999999999956e-01 -1.461739086452181802e+01
3.800000000000000044e-01 -1.461739470020833309e+01
3.900000000000000133e-01 -1.461739905858884470e+01
4.000000000000000222e-01 -1.461740399373665511e+01
4.100000000000000311e-01 -1.461740956356007537e+01
4.199999999999999845e-01 -1.461741582994174316e+01
4.299999999999999933e-01 -1.461742285887602222e+01
4.400000000000000022e-01 -1.461743072060419024e+01
4.500000000000000111e-01 -1.461743948974719487e+01
4.600000000000000200e-01 -1.461744924543554980e+01
4.700000000000000289e-01 -1.461746007143622883e+01
4.799999999999999822e-01 -1.461747205627616175e+01
4.899999999999999911e-01 -1.461748529336202118e+01
5.000000000000000000e-01 -1.461749988109621512e+01
5.100000000000000089e-01 -1.461751592298855762e+01
5.200000000000000178e-01 -1.461753352776355186e+01
5.300000000000000266e-01 -1.461755280946296409e+01
5.400000000000000355e-01 -1.461757388754342024e+01
5.500000000000000444e-01 -1.461759688696881554e+01
5.600000000000000533e-01 -1.461762193829728140e+01
5.700000000000000622e-01 -1.461764917776252659e+01
5.799999999999999600e-01 -1.461767874734934480e+01
5.899999999999999689e-01 -1.461771079486297431e+01
5.999999999999999778e-01 -1.461774547399230428e+01
6.099999999999999867e-01 -1.461778294436658321e+01
6.199999999999999956e-01 -1.461782337160552814e+01
6.300000000000000044e-01 -1.461786692736266069e+01
6.400000000000000133e-01 -1.461791378936176500e+01
6.500000000000000222e-01 -1.461796414142621181e+01
6.600000000000000311e-01 -1.461801817350111676e+01
6.700000000000000400e-01 -1.461807608166820849e+01
6.800000000000000488e-01 -1.461813806815324668e+01
6.900000000000000577e-01 -1.461820434132592439e+01
7.000000000000000666e-01 -1.461827511569216220e+01
7.099999999999999645e-01 -1.461835061187873386e+01
7.199999999999999734e-01 -1.461843105661008302e+01
7.299999999999999822e-01 -1.461851668267739512e+01
7.399999999999999911e-01 -1.461860772889977866e+01
7.500000000000000000e-01 -1.461870444007754166e+01
7.600000000000000089e-01 -1.461880706693756515e+01
7.700000000000000178e-01 -1.461891586607071680e+01
7.800000000000000266e-01 -1.461903109986131533e+01
7.900000000000000355e-01 -1.461915303640862795e+01
8.000000000000000444e-01 -1.461928194944041692e+01
8.100000000000000533e-01 -1.461941811821855453e+01
8.200000000000000622e-01 -1.461956182743670141e+01
8.300000000000000711e-01 -1.461971336711005343e+01
8.399999999999999689e-01 -1.461987303245725478e+01
8.499999999999999778e-01 -1.462004112377448983e+01
8.599999999999999867e-01 -1.462021794630168436e+01
8.699999999999999956e-01 -1.462040381008102230e+01
8.800000000000000044e-01 -1.462059902980773174e+01
8.900000000000000133e-01 -1.462080392467311896e+01
9.000000000000000222e-01 -1.462101881820010263e+01
9.100000000000000311e-01 -1.462124403807102802e+01
9.200000000000000400e-01 -1.462147991594804530e+01
9.300000000000000488e-01 -1.462172678728588515e+01
9.400000000000000577e-01 -1.462198499113724992e+01
9.500000000000000666e-01 -1.462225486995077439e+01
9.599999999999999645e-01 -1.462253676936154712e+01
9.699999999999999734e-01 -1.462283103797430073e+01
9.799999999999999822e-01 -1.462313802713923039e+01
9.899999999999999911e-01 -1.462345809072051139e+01
1.000000000000000000e+00 -1.462379158485745023e+01
1.010000000000000009e+00 -1.462413886771835259e+01
1.020000000000000018e+00 -1.462450029924696082e+01
1.030000000000000027e+00 -1.462487624090163152e+01
1.040000000000000036e+00 -1.462526705538702387e+01
1.050000000000000044e+00 -1.462567310637836826e+01
1.060000000000000053e+00 -1.462609475823825633e+01
1.070000000000000062e+00 -1.462653237572580522e+01
1.080000000000000071e+00 -1.462698632369817808e+01
1.090000000000000080e+00 -1.462745696680436502e+01
1.100000000000000089e+00 -1.462794466917108060e+01
1.110000000000000098e+00 -1.462844979408062329e+01
1.120000000000000107e+00 -1.462897270364067559e+01
1.130000000000000115e+00 -1.462951375844574109e+01
1.140000000000000124e+00 -1.463007331723015447e+01
1.150000000000000133e+00 -1.463065173651245665e+01
1.159999999999999920e+00 -1.463124937023086325e+01
1.169999999999999929e+00 -1.463186656936977670e+01
1.179999999999999938e+00 -1.463250368157697068e+01
1.189999999999999947e+00 -1.463316105077127105e+01
1.199999999999999956e+00 -1.463383901674050591e+01
1.209999999999999964e+00 -1.463453791472940146e+01
1.219999999999999973e+00 -1.463525807501733311e+01
1.229999999999999982e+00 -1.463599982248538289e+01
1.239999999999999991e+00 -1.463676347617273521e+01
1.250000000000000000e+00 -1.463754934882188863e+01
1.260000000000000009e+00 -1.463835774641261978e+01
1.270000000000000018e+00 -1.463918896768413802e+01
1.280000000000000027e+00 -1.464004330364557482e+01
1.290000000000000036e+00 -1.464092103707409542e+01
1.300000000000000044e+00 -1.464182244200069860e+01
1.310000000000000053e+00 -1.464274778318331194e+01
1.320000000000000062e+00 -1.464369731556700316e+01
1.330000000000000071e+00 -1.464467128373108018e+01
1.340000000000000080e+00 -1.464566992132288981e+01
1.350000000000000089e+00 -1.464669345047819071e+01
1.360000000000000098e+00 -1.464774208122791066e+01
1.370000000000000107e+00 -1.464881601089120799e+01
1.380000000000000115e+00 -1.464991542345488895e+01
1.390000000000000124e+00 -1.465104048893890543e+01
1.400000000000000133e+00 -1.465219136274825296e+01
1.409999999999999920e+00 -1.465336818501112681e+01
1.419999999999999929e+00 -1.465457107990363639e+01
1.429999999999999938e+00 -1.465580015496111876e+01
1.439999999999999947e+00 -1.465705550037636762e+01
1.449999999999999956e+00 -1.465833718828522692e+01
1.459999999999999964e+00 -1.465964527203964884e+01
1.469999999999999973e+00 -1.466097978546899760e+01
1.479999999999999982e+00 -1.466234074213000405e+01
1.489999999999999991e+00 -1.466372813454593960e+01
1.500000000000000000e+00 -1.466514193343591366e+01
1.510000000000000009e+00 -1.466658208693491616e+01
1.520000000000000018e+00 -1.466804851980569779e+01
1.530000000000000027e+00 -1.466954113264332626e+01
1.540000000000000036e+00 -1.467105980107363905e+01
1.550000000000000044e+00 -1.467260437494678982e+01
1.560000000000000053e+00 -1.467417467752714799e+01
1.570000000000000062e+00 -1.467577050468102406e+01
1.580000000000000071e+00 -1.467739162406373410e+01
1.590000000000000080e+00 -1.467903777430765011e+01
1.600000000000000089e+00 -1.468070866421299492e+01
1.610000000000000098e+00 -1.468240397194317204e+01
1.620000000000000107e+00 -1.468412334422670718e+01
1.630000000000000115e+00 -1.468586639556774998e+01
1.640000000000000124e+00 -1.468763270746745242e+01
1.650000000000000133e+00 -1.468942182765829862e+01
1.660000000000000142e+00 -1.469123326935399909e+01
1.669999999999999929e+00 -1.469306651051724621e+01
1.679999999999999938e+00 -1.469492099314791211e+01
1.689999999999999947e+00 -1.469679612259444035e+01
1.699999999999999956e+00 -1.469869126689103211e+01
1.709999999999999964e+00 -1.470060575612344955e+01
1.719999999999999973e+00 -1.470253888182638669e+01
1.729999999999999982e+00 -1.470448989641516846e+01
1.739999999999999991e+00 -1.470645801265486163e+01
1.750000000000000000e+00 -1.470844240316977292e+01
1.760000000000000009e+00 -1.471044219999634173e+01
1.770000000000000018e+00 -1.471245649418245094e+01
1.780000000000000027e+00 -1.471448433543632284e+01
1.790000000000000036e+00 -1.471652473182789223e+01
1.800000000000000044e+00 -1.471857664954575995e+01
1.810000000000000053e+00 -1.472063901271283015e+01
1.820000000000000062e+00 -1.472271070326337572e+01
1.830000000000000071e+00 -1.472479056088453753e+01
1.840000000000000080e+00 -1.472687738302520088e+01
1.850000000000000089e+00 -1.472896992497465973e+01
1.860000000000000098e+00 -1.473106690001409547e+01
1.870000000000000107e+00 -1.473316697964306243e+01
1.880000000000000115e+00 -1.473526879388356114e+01
1.890000000000000124e+00 -1.473737093166379708e+01
1.900000000000000133e+00 -1.473947194128388105e+01
1.910000000000000142e+00 -1.474157033096512848e+01
1.919999999999999929e+00 -1.474366456948484938e+01
1.929999999999999938e+00 -1.474575308689807507e+01
1.939999999999999947e+00 -1.474783427534746671e+01
1.949999999999999956e+00 -1.474990648996245923e+01
1.959999999999999964e+00 -1.475196804984845222e+01
1.969999999999999973e+00 -1.475401723916658447e+01
1.979999999999999982e+00 -1.475605230830437264e+01
1.989999999999999991e+00 -1.475807147513709694e+01
2.000000000000000000e+00 -1.476007292637981649e+01
2.010000000000000231e+00 -1.476205481902918848e+01
2.020000000000000018e+00 -1.476401528189442303e+01
2.030000000000000249e+00 -1.476595241721583385e+01
2.040000000000000036e+00 -1.476786430236979797e+01
2.049999999999999822e+00 -1.476974899165798583e+01
2.060000000000000053e+00 -1.477160451817878695e+01
2.069999999999999840e+00 -1.477342889577843721e+01
2.080000000000000071e+00 -1.477522012107895577e+01
2.089999999999999858e+00 -1.477697617557978127e+01
2.100000000000000089e+00 -1.477869502782962563e+01
2.109999999999999876e+00 -1.478037463566479737e+01
2.120000000000000107e+00 -1.478201294850989100e+01
2.129999999999999893e+00 -1.478360790973643191e+01
2.140000000000000124e+00 -1.478515745907499124e+01
2.149999999999999911e+00 -1.478665953507567821e+01
2.160000000000000142e+00 -1.478811207761192748e+01
2.169999999999999929e+00 -1.478951303042222420e+01
2.180000000000000160e+00 -1.479086034368411795e+01
2.189999999999999947e+00 -1.479215197661464920e+01
2.200000000000000178e+00 -1.479338590009132659e+01
2.209999999999999964e+00 -1.479456009928741800e+01
2.220000000000000195e+00 -1.479567257631534893e+01
2.229999999999999982e+00 -1.479672135287170676e+01
2.240000000000000213e+00 -1.479770447287761037e+01
2.250000000000000000e+00 -1.479862000510764908e+01
2.260000000000000231e+00 -1.479946604580105252e+01
2.270000000000000018e+00 -1.480024072124849255e+01
2.280000000000000249e+00 -1.480094219034787706e+01
2.290000000000000036e+00 -1.480156864712284381e+01
2.300000000000000266e+00 -1.480211832319738186e+01
2.310000000000000053e+00 -1.480258949022044135e+01
2.319999999999999840e+00 -1.480298046223424535e+01
2.330000000000000071e+00 -1.480328959798040067e+01
2.339999999999999858e+00 -1.480351530313791741e+01
2.350000000000000089e+00 -1.480365603248758255e+01
2.359999999999999876e+00 -1.480371029199737087e+01
2.370000000000000107e+00 -1.480367664082354118e+01
2.379999999999999893e+00 -1.480355369322287906e+01
2.390000000000000124e+00 -1.480334012037134350e+01
2.399999999999999911e+00 -1.480303465208486813e+01
2.410000000000000142e+00 -1.480263607843853357e+01
2.419999999999999929e+00 -1.480214325128042141e+01
2.430000000000000160e+00 -1.480155508563696287e+01
2.439999999999999947e+00 -1.480087056100700948e+01
2.450000000000000178e+00 -1.480008872254201258e+01
2.459999999999999964e+00 -1.479920868211030260e+01
2.470000000000000195e+00 -1.479822961924374880e+01
2.479999999999999982e+00 -1.479715078196546152e+01
2.490000000000000213e+00 -1.479597148749752655e+01
2.500000000000000000e+00 -1.479469112284835575e+01
2.510000000000000231e+00 -1.479330914527935015e+01
2.520000000000000018e+00 -1.479182508265114748e+01
2.530000000000000249e+00 -1.479023853365001173e+01
2.540000000000000036e+00 -1.478854916789526719e+01
2.550000000000000266e+00 -1.478675672592913237e+01
2.560000000000000053e+00 -1.478486101909052941e+01
2.569999999999999840e+00 -1.478286192927481579e+01
2.580000000000000071e+00 -1.478075940858169979e+01
2.589999999999999858e+00 -1.477855347885398984e+01
2.600000000000000089e+00 -1.477624423110989049e+01
2.609999999999999876e+00 -1.477383182487201196e+01
2.620000000000000107e+00 -1.477131648739646330e+01
2.629999999999999893e+00 -1.476869851280558343e+01
2.640000000000000124e+00 -1.476597826112811873e+01
2.649999999999999911e+00 -1.476315615725075325e+01
2.660000000000000142e+00 -1.476023268978521408e+01
2.669999999999999929e+00 -1.475720840985521320e+01
2.680000000000000160e+00 -1.475408392980764205e+01
2.689999999999999947e+00 -1.475085992185254824e+01
2.700000000000000178e+00 -1.474753711663651679e+01
2.709999999999999964e+00 -1.474411630175414345e+01
2.720000000000000195e+00 -1.474059832020230942e+01
2.729999999999999982e+00 -1.473698406878217249e+01
2.740000000000000213e+00 -1.473327449645339016e+01
2.750000000000000000e+00 -1.472947060264568719e+01
2.760000000000000231e+00 -1.472557343553222786e+01
2.770000000000000018e+00 -1.472158409026978809e+01
2.780000000000000249e+00 -1.471750370721023948e+01
2.790000000000000036e+00 -1.471333347008802228e+01
2.800000000000000266e+00 -1.470907460418810331e+01
2.810000000000000053e+00 -1.470472837449900716e+01
2.819999999999999840e+00 -1.470029608385504893e+01
2.830000000000000071e+00 -1.469577907107221293e+01
2.839999999999999858e+00 -1.469117870908163681e+01
2.850000000000000089e+00 -1.468649640306471760e+01
2.859999999999999876e+00 -1.468173358859375632e+01
2.870000000000000107e+00 -1.467689172978166212e+01
2.879999999999999893e+00 -1.467197231744441233e+01
2.890000000000000124e+00 -1.466697686727951044e+01
2.899999999999999911e+00 -1.466190691806371227e+01
2.910000000000000142e+00 -1.465676402987300619e+01
2.919999999999999929e+00 -1.465154978232773786e+01
2.930000000000000160e+00 -1.464626577286554010e+01
2.939999999999999947e+00 -1.464091361504455335e+01
2.950000000000000178e+00 -1.463549493687927061e+01
2.959999999999999964e+00 -1.463001137921115813e+01
2.970000000000000195e+00 -1.462446459411603428e+01
2.979999999999999982e+00 -1.461885624334986389e+01
2.990000000000000213e+00 -1.461318799683475333e+01
3.000000000000000000e+00 -1.460746153118645729e+01
3.010000000000000231e+00 -1.460167852828468682e+01
3.020000000000000018e+00 -1.459584067388732542e+01
3.030000000000000249e+00 -1.458994965628942708e+01
3.040000000000000036e+00 -1.458400716502787731e+01
3.050000000000000266e+00 -1.457801488963214531e+01
3.060000000000000053e+00 -1.457197451842180946e+01
3.070000000000000284e+00 -1.456588773735096254e+01
3.080000000000000071e+00 -1.455975622889979526e+01
3.089999999999999858e+00 -1.455358167101337763e+01
3.100000000000000089e+00 -1.454736573608753325e+01
3.109999999999999876e+00 -1.454111009000159527e+01
3.120000000000000107e+00 -1.453481639119775615e+01
3.129999999999999893e+00 -1.452848628980653700e+01
3.140000000000000124e+00 -1.452212142681793594e+01
3.149999999999999911e+00 -1.451572343329745962e+01
3.160000000000000142e+00 -1.450929392964654951e+01
3.169999999999999929e+00 -1.450283452490641345e+01
3.180000000000000160e+00 -1.449634681610456965e+01
3.189999999999999947e+00 -1.448983238764301262e+01
3.200000000000000178e+00 -1.448329281072714636e+01
3.209999999999999964e+00 -1.447672964283434283e+01
3.220000000000000195e+00 -1.447014442722110417e+01
3.229999999999999982e+00 -1.446353869246770607e+01
3.240000000000000213e+00 -1.445691395205905216e+01
3.250000000000000000e+00 -1.445027170400068250e+01
3.260000000000000231e+00 -1.444361343046862700e+01
3.270000000000000018e+00 -1.443694059749194381e+01
3.280000000000000249e+00 -1.443025465466663348e+01
3.290000000000000036e+00 -1.442355703489967134e+01
3.300000000000000266e+00 -1.441684915418200852e+01
3.310000000000000053e+00 -1.441013241138916001e+01
3.320000000000000284e+00 -1.440340818810816792e+01
3.330000000000000071e+00 -1.439667784848982102e+01
3.339999999999999858e+00 -1.438994273912463129e+01
3.350000000000000089e+00 -1.438320418894171482e+01
3.359999999999999876e+00 -1.437646350912904758e+01
3.370000000000000107e+00 -1.436972199307416886e+01
3.379999999999999893e+00 -1.436298091632405516e+01
3.390000000000000124e+00 -1.435624153656306845e+01
3.399999999999999911e+00 -1.434950509360794690e+01
3.410000000000000142e+00 -1.434277280941865307e+01
3.419999999999999929e+00 -1.433604588812418257e+01
3.430000000000000160e+00 -1.432932551606220528e+01
3.439999999999999947e+00 -1.432261286183167037e+01
3.450000000000000178e+00 -1.431590907635735910e+01
3.459999999999999964e+00 -1.430921529296550432e+01
3.470000000000000195e+00 -1.430253262746963117e+01
3.479999999999999982e+00 -1.429586217826575023e+01
3.490000000000000213e+00 -1.428920502643608081e+01
3.500000000000000000e+00 -1.428256223586056706e+01
3.510000000000000231e+00 -1.427593485333544798e+01
3.520000000000000018e+00 -1.426932390869809986e+01
3.530000000000000249e+00 -1.426273041495759841e+01
3.540000000000000036e+00 -1.425615536843025311e+01
3.550000000000000266e+00 -1.424959974887947567e+01
3.560000000000000053e+00 -1.424306451965955489e+01
3.570000000000000284e+00 -1.423655062786257730e+01
3.580000000000000071e+00 -1.423005900446813676e+01
3.589999999999999858e+00 -1.422359056449514547e+01
3.600000000000000089e+00 -1.421714620715550481e+01
3.609999999999999876e+00 -1.421072681600896637e+01
3.620000000000000107e+00 -1.420433325911882960e+01
3.629999999999999893e+00 -1.419796638920816534e+01
3.640000000000000124e+00 -1.419162704381598950e+01
3.649999999999999911e+00 -1.418531604545323077e+01
3.660000000000000142e+00 -1.417903420175798601e+01
3.669999999999999929e+00 -1.417278230564982877e+01
3.680000000000000160e+00 -1.416656113548285667e+01
3.689999999999999947e+00 -1.416037145519718621e+01
3.700000000000000178e+00 -1.415421401446857885e+01
3.709999999999999964e+00 -1.414808954885604031e+01
3.720000000000000195e+00 -1.414199877994712473e+01
3.729999999999999982e+00 -1.413594241550063124e+01
3.740000000000000213e+00 -1.412992114958663770e+01
3.750000000000000000e+00 -1.412393566272361056e+01
3.760000000000000231e+00 -1.411798662201234933e+01
3.770000000000000018e+00 -1.411207468126674414e+01
3.780000000000000249e+00 -1.410620048114105352e+01
3.790000000000000036e+00 -1.410036464925369515e+01
3.800000000000000266e+00 -1.409456780030732226e+01
3.810000000000000053e+00 -1.408881053620508972e+01
3.820000000000000284e+00 -1.408309344616310277e+01
3.830000000000000071e+00 -1.407741710681881564e+01
3.839999999999999858e+00 -1.407178208233542271e+01
3.850000000000000089e+00 -1.406618892450208769e+01
3.859999999999999876e+00 -1.406063817283002493e+01
3.870000000000000107e+00 -1.405513035464435845e+01
3.879999999999999893e+00 -1.404966598517169096e+01
3.890000000000000124e+00 -1.404424556762345055e+01
3.899999999999999911e+00 -1.403886959327485151e+01
3.910000000000000142e+00 -1.403353854153970737e+01
3.919999999999999929e+00 -1.402825288004080129e+01
3.930000000000000160e+00 -1.402301306467608555e+01
3.939999999999999947e+00 -1.401781953968064975e+01
3.950000000000000178e+00 -1.401267273768443467e+01
3.959999999999999964e+00 -1.400757307976581778e+01
3.970000000000000195e+00 -1.400252097550118435e+01
3.979999999999999982e+00 -1.399751682301035061e+01
3.990000000000000213e+00 -1.399256100899815181e+01
4.000000000000000000e+00 -1.398765390879214365e+01
4.009999999999999787e+00 -1.398279588637654847e+01
4.020000000000000462e+00 -1.397798729442256871e+01
4.030000000000000249e+00 -1.397322847431513004e+01
4.040000000000000036e+00 -1.396851975617633101e+01
4.049999999999999822e+00 -1.396386145888545194e+01
4.060000000000000497e+00 -1.395925389009601858e+01
4.070000000000000284e+00 -1.395469734624975011e+01
4.080000000000000071e+00 -1.395019211258777680e+01
4.089999999999999858e+00 -1.394573846315915411e+01
4.099999999999999645e+00 -1.394133666082688272e+01
4.110000000000000320e+00 -1.393698695727171710e+01
4.120000000000000107e+00 -1.393268959299373222e+01
4.129999999999999893e+00 -1.392844479731209795e+01
4.139999999999999680e+00 -1.392425278836294389e+01
4.150000000000000355e+00 -1.392011377309593279e+01
4.160000000000000142e+00 -1.391602794726932757e+01
4.169999999999999929e+00 -1.391199549544399439e+01
4.179999999999999716e+00 -1.390801659097655296e+01
4.190000000000000391e+00 -1.390409139601181820e+01
4.200000000000000178e+00 -1.390022006147478706e+01
4.209999999999999964e+00 -1.389640272706236779e+01
4.219999999999999751e+00 -1.389263952123512702e+01
4.230000000000000426e+00 -1.388893056120923930e+01
4.240000000000000213e+00 -1.388527595294883454e+01
4.250000000000000000e+00 -1.388167579115905959e+01
4.259999999999999787e+00 -1.387813015927997462e+01
4.270000000000000462e+00 -1.387463912948155631e+01
4.280000000000000249e+00 -1.387120276266008467e+01
4.290000000000000036e+00 -1.386782110843594040e+01
4.299999999999999822e+00 -1.386449420515329045e+01
4.310000000000000497e+00 -1.386122207988164945e+01
4.320000000000000284e+00 -1.385800474841965269e+01
4.330000000000000071e+00 -1.385484221530115967e+01
4.339999999999999858e+00 -1.385173447380396183e+01
4.350000000000000533e+00 -1.384868150596122405e+01
4.360000000000000320e+00 -1.384568328257585001e+01
4.370000000000000107e+00 -1.384273976323802735e+01
4.379999999999999893e+00 -1.383985089634592569e+01
4.389999999999999680e+00 -1.383701661913000436e+01
4.400000000000000355e+00 -1.383423685768077149e+01
4.410000000000000142e+00 -1.383151152698040498e+01
4.419999999999999929e+00 -1.382884053093814281e+01
4.429999999999999716e+00 -1.382622376242975903e+01
4.440000000000000391e+00 -1.382366110334113962e+01
4.450000000000000178e+00 -1.382115242461604865e+01
4.459999999999999964e+00 -1.381869758630826084e+01
4.469999999999999751e+00 -1.381629643763809945e+01
4.480000000000000426e+00 -1.381394881705343458e+01
4.490000000000000213e+00 -1.381165455229526629e+01
4.500000000000000000e+00 -1.380941346046787288e+01
4.509999999999999787e+00 -1.380722534811362401e+01
4.520000000000000462e+00 -1.380509001129248681e+01
4.530000000000000249e+00 -1.380300723566621635e+01
4.540000000000000036e+00 -1.380097679658722143e+01
4.549999999999999822e+00 -1.379899845919223011e+01
4.560000000000000497e+00 -1.379707197850052403e+01
4.570000000000000284e+00 -1.379519709951693329e+01
4.580000000000000071e+00 -1.379337355733946069e+01
4.589999999999999858e+00 -1.379160107727145324e+01
4.600000000000000533e+00 -1.378987937493833371e+01
4.610000000000000320e+00 -1.378820815640883168e+01
4.620000000000000107e+00 -1.378658711832057548e+01
4.629999999999999893e+00 -1.378501594800999008e+01
4.639999999999999680e+00 -1.378349432364645821e+01
4.650000000000000355e+00 -1.378202191437055468e+01
4.660000000000000142e+00 -1.378059838043632723e+01
4.669999999999999929e+00 -1.377922337335740899e+01
4.679999999999999716e+00 -1.377789653605694831e+01
4.690000000000000391e+00 -1.377661750302114640e+01
4.700000000000000178e+00 -1.377538590045625000e+01
4.709999999999999964e+00 -1.377420134644892258e+01
4.719999999999999751e+00 -1.377306345112978825e+01
4.730000000000000426e+00 -1.377197181684000782e+01
4.740000000000000213e+00 -1.377092603830072548e+01
4.750000000000000000e+00 -1.376992570278518180e+01
4.759999999999999787e+00 -1.376897039029340597e+01
4.770000000000000462e+00 -1.376805967372920847e+01
4.780000000000000249e+00 -1.376719311907942256e+01
4.790000000000000036e+00 -1.376637028559506248e+01
4.799999999999999822e+00 -1.376559072597437172e+01
4.810000000000000497e+00 -1.376485398654744863e+01
4.820000000000000284e+00 -1.376415960746240508e+01
4.830000000000000071e+00 -1.376350712287269040e+01
4.839999999999999858e+00 -1.376289606112564101e+01
4.850000000000000533e+00 -1.376232594495184003e+01
4.860000000000000320e+00 -1.376179629165523721e+01
4.870000000000000107e+00 -1.376130661330387106e+01
4.879999999999999893e+00 -1.376085641692093198e+01
4.889999999999999680e+00 -1.376044520467602617e+01
4.900000000000000355e+00 -1.376007247407653189e+01
4.910000000000000142e+00 -1.375973771815879765e+01
4.919999999999999929e+00 -1.375944042567912007e+01
4.929999999999999716e+00 -1.375918008130415338e+01
4.940000000000000391e+00 -1.375895616580094050e+01
4.950000000000000178e+00 -1.375876815622599025e+01
4.959999999999999964e+00 -1.375861552611368843e+01
4.969999999999999751e+00 -1.375849774566354000e+01
4.980000000000000426e+00 -1.375841428192636506e+01
4.990000000000000213e+00 -1.375836459898924780e+01
5.000000000000000000e+00 -1.375834815815906076e+01
5.009999999999999787e+00 -1.375834815818912560e+01
5.020000000000000462e+00 -1.375834815818889645e+01
5.030000000000000249e+00 -1.375834815818875967e+01
5.040000000000000036e+00 -1.375834815818862467e+01
5.049999999999999822e+00 -1.375834815818849144e+01
5.060000000000000497e+00 -1.375834815818835466e+01
5.070000000000000284e+00 -1.375834815818821610e+01
5.080000000000000071e+00 -1.375834815818808288e+01
5.089999999999999858e+00 -1.375834815818795143e+01
5.100000000000000533e+00 -1.375834815818782531e+01
5.110000000000000320e+00 -1.375834815818768675e+01
5.120000000000000107e+00 -1.375834815818755175e+01
5.129999999999999893e+00 -1.375834815818742207e+01
5.139999999999999680e+00 -1.375834815818729240e+01
5.150000000000000355e+00 -1.375834815818716628e+01
5.160000000000000142e+00 -1.375834815818703660e+01
5.169999999999999929e+00 -1.375834815818691226e+01
5.179999999999999716e+00 -1.375834815818678969e+01
5.190000000000000391e+00 -1.375834815818667067e+01
5.200000000000000178e+00 -1.375834815818654810e+01
5.209999999999999964e+00 -1.375834815818643087e+01
5.219999999999999751e+00 -1.375834815818631540e+01
5.230000000000000426e+00 -1.375834815818620349e+01
5.240000000000000213e+00 -1.375834815818608092e+01
5.250000000000000000e+00 -1.375834815818597079e+01
5.259999999999999787e+00 -1.375834815818586065e+01
5.270000000000000462e+00 -1.375834815818575052e+01
5.280000000000000249e+00 -1.375834815818564039e+01
5.290000000000000036e+00 -1.375834815818553736e+01
5.299999999999999822e+00 -1.375834815818543433e+01
5.310000000000000497e+00 -1.375834815818532419e+01
5.320000000000000284e+00 -1.375834815818522294e+01
5.330000000000000071e+00 -1.375834815818512169e+01
5.339999999999999858e+00 -1.375834815818502221e+01
5.350000000000000533e+00 -1.375834815818492629e+01
5.360000000000000320e+00 -1.375834815818483037e+01
5.370000000000000107e+00 -1.375834815818473267e+01
5.379999999999999893e+00 -1.375834815818463674e+01
5.389999999999999680e+00 -1.375834815818454615e+01
5.400000000000000355e+00 -1.375834815818445911e+01
5.410000000000000142e+00 -1.375834815818436851e+01
5.419999999999999929e+00 -1.375834815818427970e+01
5.429999999999999716e+00 -1.375834815818419266e+01
5.440000000000000391e+00 -1.375834815818410739e+01
5.450000000000000178e+00 -1.375834815818402745e+01
5.459999999999999964e+00 -1.375834815818393864e+01
5.469999999999999751e+00 -1.375834815818386403e+01
5.480000000000000426e+00 -1.375834815818378765e+01
5.490000000000000213e+00 -1.375834815818371304e+01
5.500000000000000000e+00 -1.375834815818363843e+01
5.509999999999999787e+00 -1.375834815818356383e+01
5.520000000000000462e+00 -1.375834815818349810e+01
5.530000000000000249e+00 -1.375834815818342705e+01
5.540000000000000036e+00 -1.375834815818337198e+01
5.549999999999999822e+00 -1.375834815818330803e+01
5.560000000000000497e+00 -1.375834815818325119e+01
5.570000000000000284e+00 -1.375834815818318901e+01
5.580000000000000071e+00 -1.375834815818313395e+01
5.589999999999999858e+00 -1.375834815818308066e+01
5.600000000000000533e+00 -1.375834815818303092e+01
5.610000000000000320e+00 -1.375834815818298296e+01
5.620000000000000107e+00 -1.375834815818294032e+01
5.629999999999999893e+00 -1.375834815818289769e+01
5.639999999999999680e+00 -1.375834815818286216e+01
5.650000000000000355e+00 -1.375834815818282841e+01
5.660000000000000142e+00 -1.375834815818278933e+01
5.669999999999999929e+00 -1.375834815818275914e+01
5.679999999999999716e+00 -1.375834815818273249e+01
5.690000000000000391e+00 -1.375834815818271473e+01
5.700000000000000178e+00 -1.375834815818269341e+01
5.709999999999999964e+00 -1.375834815818267742e+01
5.719999999999999751e+00 -1.375834815818265966e+01
5.730000000000000426e+00 -1.375834815818263834e+01
5.740000000000000213e+00 -1.375834815818263124e+01
5.750000000000000000e+00 -1.375834815818262413e+01
5.759999999999999787e+00 -1.375834815818261703e+01
5.770000000000000462e+00 -1.375834815818260815e+01
5.780000000000000249e+00 -1.375834815818260282e+01
5.790000000000000036e+00 -1.375834815818260637e+01
5.799999999999999822e+00 -1.375834815818260992e+01
5.810000000000000497e+00 -1.375834815818260815e+01
5.820000000000000284e+00 -1.375834815818261170e+01
5.830000000000000071e+00 -1.375834815818262058e+01
5.839999999999999858e+00 -1.375834815818262058e+01
5.850000000000000533e+00 -1.375834815818262413e+01
5.860000000000000320e+00 -1.375834815818262769e+01
5.870000000000000107e+00 -1.375834815818263834e+01
5.879999999999999893e+00 -1.375834815818263834e+01
5.889999999999999680e+00 -1.375834815818264545e+01
5.900000000000000355e+00 -1.375834815818265078e+01
5.910000000000000142e+00 -1.375834815818265788e+01
5.919999999999999929e+00 -1.375834815818265788e+01
5.929999999999999716e+00 -1.375834815818265611e+01
5.940000000000000391e+00 -1.375834815818265788e+01
5.950000000000000178e+00 -1.375834815818265788e+01
5.959999999999999964e+00 -1.375834815818265078e+01
5.969999999999999751e+00 -1.375834815818264900e+01
5.980000000000000426e+00 -1.375834815818263834e+01
5.990000000000000213e+00 -1.375834815818262591e+01
6.000000000000000000e+00 -1.375834815818261703e+01
6.009999999999999787e+00 -1.375834815818259926e+01
6.020000000000000462e+00 -1.375834815818257617e+01
6.030000000000000249e+00 -1.375834815818255663e+01
6.040000000000000036e+00 -1.375834815818252999e+01
6.049999999999999822e+00 -1.375834815818249801e+01
6.060000000000000497e+00 -1.375834815818246248e+01
6.070000000000000284e+00 -1.375834815818242696e+01
6.080000000000000071e+00 -1.375834815818238432e+01
6.089999999999999858e+00 -1.375834815818233636e+01
6.100000000000000533e+00 -1.375834815818228840e+01
6.110000000000000320e+00 -1.375834815818223866e+01
6.120000000000000107e+00 -1.375834815818218893e+01
6.129999999999999893e+00 -1.375834815818212142e+01
6.140000000000000568e+00 -1.375834815818205925e+01
6.150000000000000355e+00 -1.375834815818199175e+01
6.160000000000000142e+00 -1.375834815818191359e+01
6.169999999999999929e+00 -1.375834815818184254e+01
6.179999999999999716e+00 -1.375834815818175905e+01
6.190000000000000391e+00 -1.375834815818168089e+01
6.200000000000000178e+00 -1.375834815818159385e+01
6.209999999999999964e+00 -1.375834815818150325e+01
6.219999999999999751e+00 -1.375834815818141088e+01
6.230000000000000426e+00 -1.375834815818131496e+01
6.240000000000000213e+00 -1.375834815818122259e+01
6.250000000000000000e+00 -1.375834815818112489e+01
6.259999999999999787e+00 -1.375834815818102008e+01
6.270000000000000462e+00 -1.375834815818091172e+01
6.280000000000000249e+00 -1.375834815818080692e+01
6.290000000000000036e+00 -1.375834815818070034e+01
6.299999999999999822e+00 -1.375834815818059376e+01
6.310000000000000497e+00 -1.375834815818048007e+01
6.320000000000000284e+00 -1.375834815818037171e+01
6.330000000000000071e+00 -1.375834815818025625e+01
6.339999999999999858e+00 -1.375834815818013901e+01
6.350000000000000533e+00 -1.375834815818003243e+01
6.360000000000000320e+00 -1.375834815817991519e+01
6.370000000000000107e+00 -1.375834815817980505e+01
6.379999999999999893e+00 -1.375834815817969314e+01
6.390000000000000568e+00 -1.375834815817957768e+01
6.400000000000000355e+00 -1.375834815817946222e+01
6.410000000000000142e+00 -1.375834815817935386e+01
6.419999999999999929e+00 -1.375834815817924195e+01
6.429999999999999716e+00 -1.375834815817913537e+01
6.440000000000000391e+00 -1.375834815817902701e+01
6.450000000000000178e+00 -1.375834815817892043e+01
6.459999999999999964e+00 -1.375834815817881385e+01
6.469999999999999751e+00 -1.375834815817870904e+01
6.480000000000000426e+00 -1.375834815817860068e+01
6.490000000000000213e+00 -1.375834815817850121e+01
6.500000000000000000e+00 -1.375834815817839996e+01
6.509999999999999787e+00 -1.375834815817829337e+01
6.520000000000000462e+00 -1.375834815817820278e+01
6.530000000000000249e+00 -1.375834815817810330e+01
6.540000000000000036e+00 -1.375834815817801449e+01
6.549999999999999822e+00 -1.375834815817792212e+01
6.560000000000000497e+00 -1.375834815817782797e+01
6.570000000000000284e+00 -1.375834815817773915e+01
6.580000000000000071e+00 -1.375834815817765211e+01
6.589999999999999858e+00 -1.375834815817757217e+01
6.600000000000000533e+00 -1.375834815817748336e+01
6.610000000000000320e+00 -1.375834815817739809e+01
6.620000000000000107e+00 -1.375834815817732526e+01
6.629999999999999893e+00 -1.375834815817723822e+01
6.640000000000000568e+00 -1.375834815817716361e+01
6.650000000000000355e+00 -1.375834815817708900e+01
6.660000000000000142e+00 -1.375834815817701262e+01
6.669999999999999929e+00 -1.375834815817693801e+01
6.679999999999999716e+00 -1.375834815817686163e+01
6.690000000000000391e+00 -1.375834815817678702e+01
6.700000000000000178e+00 -1.375834815817671597e+01
6.709999999999999964e+00 -1.375834815817664669e+01
6.719999999999999751e+00 -1.375834815817657919e+01
6.730000000000000426e+00 -1.375834815817650281e+01
6.740000000000000213e+00 -1.375834815817643531e+01
6.750000000000000000e+00 -1.375834815817636603e+01
6.759999999999999787e+00 -1.375834815817630563e+01
6.770000000000000462e+00 -1.375834815817623635e+01
6.780000000000000249e+00 -1.375834815817617240e+01
6.790000000000000036e+00 -1.375834815817610135e+01
6.799999999999999822e+00 -1.375834815817604273e+01
6.810000000000000497e+00 -1.375834815817598056e+01
6.820000000000000284e+00 -1.375834815817591839e+01
6.830000000000000071e+00 -1.375834815817585266e+01
6.839999999999999858e+00 -1.375834815817578871e+01
6.850000000000000533e+00 -1.375834815817573009e+01
6.860000000000000320e+00 -1.375834815817566970e+01
6.870000000000000107e+00 -1.375834815817560575e+01
6.879999999999999893e+00 -1.375834815817554713e+01
6.890000000000000568e+00 -1.375834815817548851e+01
6.900000000000000355e+00 -1.375834815817542633e+01
6.910000000000000142e+00 -1.375834815817537837e+01
6.919999999999999929e+00 -1.375834815817532508e+01
6.929999999999999716e+00 -1.375834815817526113e+01
6.940000000000000391e+00 -1.375834815817520607e+01
6.950000000000000178e+00 -1.375834815817515278e+01
6.959999999999999964e+00 -1.375834815817509948e+01
6.969999999999999751e+00 -1.375834815817504797e+01
6.980000000000000426e+00 -1.375834815817500179e+01
6.990000000000000213e+00 -1.375834815817495027e+01
7.000000000000000000e+00 -1.375834815817490586e+01
7.009999999999999787e+00 -1.375834815817485790e+01
7.020000000000000462e+00 -1.375834815817480994e+01
7.030000000000000249e+00 -1.375834815817477086e+01
7.040000000000000036e+00 -1.375834815817472823e+01
7.049999999999999822e+00 -1.375834815817468737e+01
7.060000000000000497e+00 -1.375834815817464829e+01
7.070000000000000284e+00 -1.375834815817461276e+01
7.080000000000000071e+00 -1.375834815817458257e+01
7.089999999999999858e+00 -1.375834815817454704e+01
7.100000000000000533e+00 -1.375834815817450796e+01
7.110000000000000320e+00 -1.375834815817447954e+01
7.120000000000000107e+00 -1.375834815817445111e+01
7.129999999999999893e+00 -1.375834815817442092e+01
7.140000000000000568e+00 -1.375834815817439427e+01
7.150000000000000355e+00 -1.375834815817436763e+01
7.160000000000000142e+00 -1.375834815817434276e+01
7.169999999999999929e+00 -1.375834815817432322e+01
7.179999999999999716e+00 -1.375834815817430190e+01
7.190000000000000391e+00 -1.375834815817427526e+01
7.200000000000000178e+00 -1.375834815817425749e+01
7.209999999999999964e+00 -1.375834815817423795e+01
7.219999999999999751e+00 -1.375834815817421486e+01
7.230000000000000426e+00 -1.375834815817420420e+01
7.240000000000000213e+00 -1.375834815817418111e+01
7.250000000000000000e+00 -1.375834815817416334e+01
7.259999999999999787e+00 -1.375834815817414380e+01
7.270000000000000462e+00 -1.375834815817412426e+01
7.280000000000000249e+00 -1.375834815817410828e+01
7.290000000000000036e+00 -1.375834815817409051e+01
7.299999999999999822e+00 -1.375834815817407453e+01
7.310000000000000497e+00 -1.375834815817405143e+01
7.320000000000000284e+00 -1.375834815817403012e+01
7.330000000000000071e+00 -1.375834815817400703e+01
7.339999999999999858e+00 -1.375834815817398749e+01
7.350000000000000533e+00 -1.375834815817396972e+01
7.360000000000000320e+00 -1.375834815817394130e+01
7.370000000000000107e+00 -1.375834815817391821e+01
7.379999999999999893e+00 -1.375834815817388801e+01
7.390000000000000568e+00 -1.375834815817386136e+01
7.400000000000000355e+00 -1.375834815817383117e+01
7.410000000000000142e+00 -1.375834815817379919e+01
7.419999999999999929e+00 -1.375834815817376544e+01
7.429999999999999716e+00 -1.375834815817373702e+01
7.440000000000000391e+00 -1.375834815817369261e+01
7.450000000000000178e+00 -1.375834815817366064e+01
7.459999999999999964e+00 -1.375834815817361800e+01
7.469999999999999751e+00 -1.375834815817357359e+01
7.480000000000000426e+00 -1.375834815817353274e+01
7.490000000000000213e+00 -1.375834815817347945e+01
7.500000000000000000e+00 -1.375834815817342616e+01
7.509999999999999787e+00 -1.375834815817337464e+01
7.520000000000000462e+00 -1.375834815817331958e+01
7.530000000000000249e+00 -1.375834815817326984e+01
7.540000000000000036e+00 -1.375834815817320766e+01
7.549999999999999822e+00 -1.375834815817315437e+01
7.560000000000000497e+00 -1.375834815817309043e+01
7.570000000000000284e+00 -1.375834815817302648e+01
7.580000000000000071e+00 -1.375834815817296608e+01
7.589999999999999858e+00 -1.375834815817289503e+01
7.600000000000000533e+00 -1.375834815817282397e+01
7.610000000000000320e+00 -1.375834815817275292e+01
7.620000000000000107e+00 -1.375834815817268186e+01
7.629999999999999893e+00 -1.375834815817260903e+01
7.640000000000000568e+00 -1.375834815817253265e+01
7.650000000000000355e+00 -1.375834815817245982e+01
7.660000000000000142e+00 -1.375834815817238166e+01
7.669999999999999929e+00 -1.375834815817230350e+01
7.679999999999999716e+00 -1.375834815817222889e+01
7.690000000000000391e+00 -1.375834815817214718e+01
7.700000000000000178e+00 -1.375834815817206902e+01
7.709999999999999964e+00 -1.375834815817198020e+01
7.719999999999999751e+00 -1.375834815817190204e+01
7.730000000000000426e+00 -1.375834815817182033e+01
7.740000000000000213e+00 -1.375834815817173151e+01
7.750000000000000000e+00 -1.375834815817165335e+01
7.759999999999999787e+00 -1.375834815817156809e+01
7.770000000000000462e+00 -1.375834815817148993e+01
7.780000000000000249e+00 -1.375834815817140644e+01
7.790000000000000036e+00 -1.375834815817132117e+01
7.799999999999999822e+00 -1.375834815817124124e+01
7.810000000000000497e+00 -1.375834815817115775e+01
7.820000000000000284e+00 -1.375834815817107426e+01
7.830000000000000071e+00 -1.375834815817099965e+01
7.839999999999999858e+00 -1.375834815817091616e+01
7.850000000000000533e+00 -1.375834815817084156e+01
7.860000000000000320e+00 -1.375834815817076162e+01
7.870000000000000107e+00 -1.375834815817067813e+01
7.879999999999999893e+00 -1.375834815817059820e+01
7.890000000000000568e+00 -1.375834815817052537e+01
7.900000000000000355e+00 -1.375834815817044365e+01
7.910000000000000142e+00 -1.375834815817037082e+01
7.919999999999999929e+00 -1.375834815817028733e+01
7.930000000000000604e+00 -1.375834815817021095e+01
7.940000000000000391e+00 -1.375834815817013990e+01
7.950000000000000178e+00 -1.375834815817006884e+01
7.959999999999999964e+00 -1.375834815816999068e+01
7.969999999999999751e+00 -1.375834815816991785e+01
7.980000000000000426e+00 -1.375834815816984680e+01
7.990000000000000213e+00 -1.375834815816977574e+01
8.000000000000000000e+00 -1.375834815816970291e+01
8.009999999999999787e+00 -1.375834815816963008e+01
8.019999999999999574e+00 -1.375834815816955725e+01
8.029999999999999361e+00 -1.375834815816948442e+01
8.040000000000000924e+00 -1.375834815816941337e+01
8.050000000000000711e+00 -1.375834815816934054e+01
8.060000000000000497e+00 -1.375834815816927126e+01
8.070000000000000284e+00 -1.375834815816920553e+01
8.080000000000000071e+00 -1.375834815816913093e+01
8.089999999999999858e+00 -1.375834815816906520e+01
8.099999999999999645e+00 -1.375834815816898882e+01
8.109999999999999432e+00 -1.375834815816891954e+01
8.120000000000000995e+00 -1.375834815816884849e+01
8.130000000000000782e+00 -1.375834815816877565e+01
8.140000000000000568e+00 -1.375834815816870638e+01
8.150000000000000355e+00 -1.375834815816863355e+01
8.160000000000000142e+00 -1.375834815816856072e+01
8.169999999999999929e+00 -1.375834815816848788e+01
8.179999999999999716e+00 -1.375834815816841861e+01
8.189999999999999503e+00 -1.375834815816834578e+01
8.199999999999999289e+00 -1.375834815816827472e+01
8.210000000000000853e+00 -1.375834815816820189e+01
8.220000000000000639e+00 -1.375834815816812728e+01
8.230000000000000426e+00 -1.375834815816805801e+01
8.240000000000000213e+00 -1.375834815816798162e+01
8.250000000000000000e+00 -1.375834815816790524e+01
8.259999999999999787e+00 -1.375834815816783951e+01
8.269999999999999574e+00 -1.375834815816776313e+01
8.279999999999999361e+00 -1.375834815816768675e+01
8.290000000000000924e+00 -1.375834815816761925e+01
8.300000000000000711e+00 -1.375834815816753931e+01
8.310000000000000497e+00 -1.375834815816746826e+01
8.320000000000000284e+00 -1.375834815816739187e+01
8.330000000000000071e+00 -1.375834815816731549e+01
8.339999999999999858e+00 -1.375834815816724266e+01
8.349999999999999645e+00 -1.375834815816716805e+01
8.359999999999999432e+00 -1.375834815816709877e+01
8.370000000000000995e+00 -1.375834815816702772e+01
8.380000000000000782e+00 -1.375834815816696199e+01
8.390000000000000568e+00 -1.375834815816689094e+01
8.400000000000000355e+00 -1.375834815816682521e+01
8.410000000000000142e+00 -1.375834815816675061e+01
8.419999999999999929e+00 -1.375834815816668133e+01
8.429999999999999716e+00 -1.375834815816661205e+01
8.439999999999999503e+00 -1.375834815816654988e+01
8.449999999999999289e+00 -1.375834815816648593e+01
8.460000000000000853e+00 -1.375834815816642021e+01
8.470000000000000639e+00 -1.375834815816635803e+01
8.480000000000000426e+00 -1.375834815816629764e+01
8.490000000000000213e+00 -1.375834815816623369e+01
8.500000000000000000e+00 -1.375834815816617329e+01
8.509999999999999787e+00 -1.375834815816611290e+01
8.519999999999999574e+00 -1.375834815816604895e+01
8.529999999999999361e+00 -1.375834815816599388e+01
8.540000000000000924e+00 -1.375834815816594237e+01
8.550000000000000711e+00 -1.375834815816588907e+01
8.560000000000000497e+00 -1.375834815816583223e+01
8.570000000000000284e+00 -1.375834815816577894e+01
8.580000000000000071e+00 -1.375834815816572920e+01
8.589999999999999858e+00 -1.375834815816567769e+01
8.599999999999999645e+00 -1.375834815816562440e+01
8.609999999999999432e+00 -1.375834815816557821e+01
8.620000000000000995e+00 -1.375834815816553203e+01
8.630000000000000782e+00 -1.375834815816547874e+01
8.640000000000000568e+00 -1.375834815816543610e+01
8.650000000000000355e+00 -1.375834815816538814e+01
8.660000000000000142e+00 -1.375834815816534018e+01
8.669999999999999929e+00 -1.375834815816529755e+01
8.679999999999999716e+00 -1.375834815816525492e+01
8.689999999999999503e+00 -1.375834815816520695e+01
8.700000000000001066e+00 -1.375834815816516254e+01
8.710000000000000853e+00 -1.375834815816511991e+01
8.720000000000000639e+00 -1.375834815816507550e+01
8.730000000000000426e+00 -1.375834815816503287e+01
8.740000000000000213e+00 -1.375834815816499024e+01
8.750000000000000000e+00 -1.375834815816494583e+01
8.759999999999999787e+00 -1.375834815816490675e+01
8.769999999999999574e+00 -1.375834815816485879e+01
8.779999999999999361e+00 -1.375834815816481260e+01
8.790000000000000924e+00 -1.375834815816476642e+01
8.800000000000000711e+00 -1.375834815816471846e+01
8.810000000000000497e+00 -1.375834815816467227e+01
8.820000000000000284e+00 -1.375834815816462786e+01
8.830000000000000071e+00 -1.375834815816458168e+01
8.839999999999999858e+00 -1.375834815816452839e+01
8.849999999999999645e+00 -1.375834815816448042e+01
8.859999999999999432e+00 -1.375834815816443069e+01
8.870000000000000995e+00 -1.375834815816437562e+01
8.880000000000000782e+00 -1.375834815816432410e+01
8.890000000000000568e+00 -1.375834815816427259e+01
8.900000000000000355e+00 -1.375834815816422108e+01
8.910000000000000142e+00 -1.375834815816416956e+01
8.919999999999999929e+00 -1.375834815816410917e+01
8.929999999999999716e+00 -1.375834815816405232e+01
8.939999999999999503e+00 -1.375834815816399725e+01
8.950000000000001066e+00 -1.375834815816394041e+01
8.960000000000000853e+00 -1.375834815816387646e+01
8.970000000000000639e+00 -1.375834815816381962e+01
8.980000000000000426e+00 -1.375834815816375389e+01
8.990000000000000213e+00 -1.375834815816369350e+01
9.000000000000000000e+00 -1.375834815816362244e+01
9.009999999999999787e+00 -1.375834815816356027e+01
9.019999999999999574e+00 -1.375834815816349455e+01
9.029999999999999361e+00 -1.375834815816342704e+01
9.040000000000000924e+00 -1.375834815816336310e+01
9.050000000000000711e+00 -1.375834815816329026e+01
9.060000000000000497e+00 -1.375834815816321566e+01
9.070000000000000284e+00 -1.375834815816314460e+01
9.080000000000000071e+00 -1.375834815816308065e+01
9.089999999999999858e+00 -1.375834815816300427e+01
9.099999999999999645e+00 -1.375834815816293322e+01
9.109999999999999432e+00 -1.375834815816286216e+01
9.120000000000000995e+00 -1.375834815816278578e+01
9.130000000000000782e+00 -1.375834815816270940e+01
9.140000000000000568e+00 -1.375834815816263301e+01
9.150000000000000355e+00 -1.375834815816255841e+01
9.160000000000000142e+00 -1.375834815816248380e+01
9.169999999999999929e+00 -1.375834815816240209e+01
9.179999999999999716e+00 -1.375834815816232748e+01
9.189999999999999503e+00 -1.375834815816225465e+01
9.200000000000001066e+00 -1.375834815816217294e+01
9.210000000000000853e+00 -1.375834815816209833e+01
9.220000000000000639e+00 -1.375834815816201306e+01
9.230000000000000426e+00 -1.375834815816193846e+01
9.240000000000000213e+00 -1.375834815816186385e+01
9.250000000000000000e+00 -1.375834815816178569e+01
9.259999999999999787e+00 -1.375834815816170753e+01
9.269999999999999574e+00 -1.375834815816162582e+01
9.279999999999999361e+00 -1.375834815816155121e+01
9.290000000000000924e+00 -1.375834815816147128e+01
9.300000000000000711e+00 -1.375834815816139134e+01
9.310000000000000497e+00 -1.375834815816131673e+01
9.320000000000000284e+00 -1.375834815816123502e+01
9.330000000000000071e+00 -1.375834815816115686e+01
9.339999999999999858e+00 -1.375834815816107692e+01
9.349999999999999645e+00 -1.375834815816099876e+01
9.359999999999999432e+00 -1.375834815816092593e+01
9.370000000000000995e+00 -1.375834815816083534e+01
9.380000000000000782e+00 -1.375834815816076251e+01
9.390000000000000568e+00 -1.375834815816068435e+01
9.400000000000000355e+00 -1.375834815816060619e+01
9.410000000000000142e+00 -1.375834815816051915e+01
9.419999999999999929e+00 -1.375834815816044454e+01
9.429999999999999716e+00 -1.375834815816036460e+01
9.439999999999999503e+00 -1.375834815816028112e+01
9.450000000000001066e+00 -1.375834815816019940e+01
9.460000000000000853e+00 -1.375834815816011769e+01
9.470000000000000639e+00 -1.375834815816003953e+01
9.480000000000000426e+00 -1.375834815815995960e+01
9.490000000000000213e+00 -1.375834815815987611e+01
9.500000000000000000e+00 -1.375834815815979972e+01
9.509999999999999787e+00 -1.375834815815971268e+01
9.519999999999999574e+00 -1.375834815815962742e+01
9.529999999999999361e+00 -1.375834815815954926e+01
9.540000000000000924e+00 -1.375834815815946222e+01
9.550000000000000711e+00 -1.375834815815938050e+01
9.560000000000000497e+00 -1.375834815815930234e+01
9.570000000000000284e+00 -1.375834815815921353e+01
9.580000000000000071e+00 -1.375834815815913004e+01
9.589999999999999858e+00 -1.375834815815904122e+01
9.599999999999999645e+00 -1.375834815815896128e+01
9.609999999999999432e+00 -1.375834815815888135e+01
9.620000000000000995e+00 -1.375834815815879431e+01
9.630000000000000782e+00 -1.375834815815870904e+01
9.640000000000000568e+00 -1.375834815815862200e+01
9.650000000000000355e+00 -1.375834815815854029e+01
9.660000000000000142e+00 -1.375834815815845857e+01
9.669999999999999929e+00 -1.375834815815837153e+01
9.679999999999999716e+00 -1.375834815815828627e+01
9.689999999999999503e+00 -1.375834815815819923e+01
9.700000000000001066e+00 -1.375834815815811751e+01
9.710000000000000853e+00 -1.375834815815803047e+01
9.720000000000000639e+00 -1.375834815815794521e+01
9.730000000000000426e+00 -1.375834815815785994e+01
9.740000000000000213e+00 -1.375834815815777823e+01
9.750000000000000000e+00 -1.375834815815769296e+01
9.759999999999999787e+00 -1.375834815815760415e+01
9.769999999999999574e+00 -1.375834815815752243e+01
9.779999999999999361e+00 -1.375834815815744072e+01
9.790000000000000924e+00 -1.375834815815735368e+01
9.800000000000000711e+00 -1.375834815815727197e+01
9.810000000000000497e+00 -1.375834815815718848e+01
9.820000000000000284e+00 -1.375834815815710321e+01
9.830000000000000071e+00 -1.375834815815702150e+01
9.839999999999999858e+00 -1.375834815815694157e+01
9.849999999999999645e+00 -1.375834815815686163e+01
9.859999999999999432e+00 -1.375834815815678169e+01
9.870000000000000995e+00 -1.375834815815670176e+01
9.880000000000000782e+00 -1.375834815815662360e+01
9.890000000000000568e+00 -1.375834815815654721e+01
9.900000000000000355e+00 -1.375834815815646728e+01
9.910000000000000142e+00 -1.375834815815638734e+01
9.919999999999999929e+00 -1.375834815815631451e+01
9.929999999999999716e+00 -1.375834815815623635e+01
9.939999999999999503e+00 -1.375834815815616352e+01
9.950000000000001066e+00 -1.375834815815608358e+01
9.960000000000000853e+00 -1.375834815815601075e+01
9.970000000000000639e+00 -1.375834815815593615e+01
9.980000000000000426e+00 -1.375834815815586154e+01
9.990000000000000213e+00 -1.375834815815578516e+01
1.000000000000000000e+01 -1.375834815815571943e+01
