0.000000000000000000e+00 5.776716797829389849e-01
1.000000000000000021e-02 5.776716799218448717e-01
2.000000000000000042e-02 5.776716803385628651e-01
2.999999999999999889e-02 5.776716810343909270e-01
4.000000000000000083e-02 5.776716820103713346e-01
5.000000000000000278e-02 5.776716832682653457e-01
5.999999999999999778e-02 5.776716848103404800e-01
7.000000000000000666e-02 5.776716866393443173e-01
8.000000000000000167e-02 5.776716887584952831e-01
8.999999999999999667e-02 5.776716911714681046e-01
1.000000000000000056e-01 5.776716938823766023e-01
1.100000000000000006e-01 5.776716968957547049e-01
1.199999999999999956e-01 5.776717002165344672e-01
1.300000000000000044e-01 5.776717038500198687e-01
1.400000000000000133e-01 5.776717078018586138e-01
1.499999999999999944e-01 5.776717120780102688e-01
1.600000000000000033e-01 5.776717166847105123e-01
1.700000000000000122e-01 5.776717216284311673e-01
1.799999999999999933e-01 5.776717269158354595e-01
1.900000000000000022e-01 5.776717325537288339e-01
2.000000000000000111e-01 5.776717385490018897e-01
2.099999999999999922e-01 5.776717449085703171e-01
2.200000000000000011e-01 5.776717516393046203e-01
2.300000000000000100e-01 5.776717587479534011e-01
2.399999999999999911e-01 5.776717662410572052e-01
2.500000000000000000e-01 5.776717741248540428e-01
2.600000000000000089e-01 5.776717824051705863e-01
2.700000000000000178e-01 5.776717910873052642e-01
2.800000000000000266e-01 5.776718001758968102e-01
2.899999999999999800e-01 5.776718096747770481e-01
2.999999999999999889e-01 5.776718195868091321e-01
3.099999999999999978e-01 5.776718299137091339e-01
3.200000000000000067e-01 5.776718406558468688e-01
3.300000000000000155e-01 5.776718518120281809e-01
3.400000000000000244e-01 5.776718633792548019e-01
3.500000000000000333e-01 5.776718753524613392e-01
3.599999999999999867e-01 5.776718877242238426e-01
3.699999999999999956e-01 5.776719004844451666e-01
3.800000000000000044e-01 5.776719136200094695e-01
3.900000000000000133e-01 5.776719271144050705e-01
4.000000000000000222e-01 5.776719409473162203e-01
4.100000000000000311e-01 5.776719550941764592e-01
4.199999999999999845e-01 5.776719695256903320e-01
4.299999999999999933e-01 5.776719842073095856e-01
4.400000000000000022e-01 5.776719990986731723e-01
4.500000000000000111e-01 5.776720141529988473e-01
4.600000000000000200e-01 5.776720293164341324e-01
4.700000000000000289e-01 5.776720445273521021e-01
4.799999999999999822e-01 5.776720597156006498e-01
4.899999999999999911e-01 5.776720748016974660e-01
5.000000000000000000e-01 5.776720896959645080e-01
5.100000000000000089e-01 5.776721042976078468e-01
5.200000000000000178e-01 5.776721184937334552e-01
5.300000000000000266e-01 5.776721321582937163e-01
5.400000000000000355e-01 5.776721451509707617e-01
5.500000000000000444e-01 5.776721573159827594e-01
5.600000000000000533e-01 5.776721684808171497e-01
5.700000000000000622e-01 5.776721784548820571e-01
5.799999999999999600e-01 5.776721870280752125e-01
5.899999999999999689e-01 5.776721939692649466e-01
5.999999999999999778e-01 5.776721990246802552e-01
6.099999999999999867e-01 5.776722019162019439e-01
6.199999999999999956e-01 5.776722023395566286e-01
6.300000000000000044e-01 5.776721999624018222e-01
6.400000000000000133e-01 5.776721944223044414e-01
6.500000000000000222e-01 5.776721853246001848e-01
6.600000000000000311e-01 5.776721722401373382e-01
6.700000000000000400e-01 5.776721547028917936e-01
6.800000000000000488e-01 5.776721322074551690e-01
6.900000000000000577e-01 5.776721042063860390e-01
7.000000000000000666e-01 5.776720701074217201e-01
7.099999999999999645e-01 5.776720292705449511e-01
7.199999999999999734e-01 5.776719810049020243e-01
7.299999999999999822e-01 5.776719245655655977e-01
7.399999999999999911e-01 5.776718591501386335e-01
7.500000000000000000e-01 5.776717838951964668e-01
7.600000000000000089e-01 5.776716978725641161e-01
7.700000000000000178e-01 5.776716000854169586e-01
7.800000000000000266e-01 5.776714894642177578e-01
7.900000000000000355e-01 5.776713648624702824e-01
8.000000000000000444e-01 5.776712250523006187e-01
8.100000000000000533e-01 5.776710687198572947e-01
8.200000000000000622e-01 5.776708944605305485e-01
8.300000000000000711e-01 5.776707007739964039e-01
8.399999999999999689e-01 5.776704860590757828e-01
8.499999999999999778e-01 5.776702486084218657e-01
8.599999999999999867e-01 5.776699866030274855e-01
8.699999999999999956e-01 5.776696981065635450e-01
8.800000000000000044e-01 5.776693810595452394e-01
8.900000000000000133e-01 5.776690332733410704e-01
9.000000000000000222e-01 5.776686524240154386e-01
9.100000000000000311e-01 5.776682360460272392e-01
9.200000000000000400e-01 5.776677815257824644e-01
9.300000000000000488e-01 5.776672860950485822e-01
9.400000000000000577e-01 5.776667468242469017e-01
9.500000000000000666e-01 5.776661606156241469e-01
9.599999999999999645e-01 5.776655241963239984e-01
9.699999999999999734e-01 5.776648341113570506e-01
9.799999999999999822e-01 5.776640867164972715e-01
9.899999999999999911e-01 5.776632781711014131e-01
1.000000000000000000e+00 5.776624044308784622e-01
1.010000000000000009e+00 5.776614612406117955e-01
1.020000000000000018e+00 5.776604441268579082e-01
1.030000000000000027e+00 5.776593483906270476e-01
1.040000000000000036e+00 5.776581691000662877e-01
1.050000000000000044e+00 5.776569010831602569e-01
1.060000000000000053e+00 5.776555389204550695e-01
1.070000000000000062e+00 5.776540769378332163e-01
1.080000000000000071e+00 5.776525091993435224e-01
1.090000000000000080e+00 5.776508295001027138e-01
1.100000000000000089e+00 5.776490313592856918e-01
1.110000000000000098e+00 5.776471080132099534e-01
1.120000000000000107e+00 5.776450524085358085e-01
1.130000000000000115e+00 5.776428571955867231e-01
1.140000000000000124e+00 5.776405147218027780e-01
1.150000000000000133e+00 5.776380170253418989e-01
1.159999999999999920e+00 5.776353558288261913e-01
1.169999999999999929e+00 5.776325225332625823e-01
1.179999999999999938e+00 5.776295082121222224e-01
1.189999999999999947e+00 5.776263036056017430e-01
1.199999999999999956e+00 5.776228991150670344e-01
1.209999999999999964e+00 5.776192847976856504e-01
1.219999999999999973e+00 5.776154503612510593e-01
1.229999999999999982e+00 5.776113851592060700e-01
1.239999999999999991e+00 5.776070781858683167e-01
1.250000000000000000e+00 5.776025180718600271e-01
1.260000000000000009e+00 5.775976930797460662e-01
1.270000000000000018e+00 5.775925910998894741e-01
1.280000000000000027e+00 5.775871996465191671e-01
1.290000000000000036e+00 5.775815058540226810e-01
1.300000000000000044e+00 5.775754964734668429e-01
1.310000000000000053e+00 5.775691578693536998e-01
1.320000000000000062e+00 5.775624760166206961e-01
1.330000000000000071e+00 5.775554364978967570e-01
1.340000000000000080e+00 5.775480245010234936e-01
1.350000000000000089e+00 5.775402248168661767e-01
1.360000000000000098e+00 5.775320218374224712e-01
1.370000000000000107e+00 5.775233995542593535e-01
1.380000000000000115e+00 5.775143415573045225e-01
1.390000000000000124e+00 5.775048310340195057e-01
1.400000000000000133e+00 5.774948507689916521e-01
1.409999999999999920e+00 5.774843831439940844e-01
1.419999999999999929e+00 5.774734101385482488e-01
1.429999999999999938e+00 5.774619133310529007e-01
1.439999999999999947e+00 5.774498739005361481e-01
1.449999999999999956e+00 5.774372726290962765e-01
1.459999999999999964e+00 5.774240899051099607e-01
1.469999999999999973e+00 5.774103057272860218e-01
1.479999999999999982e+00 5.773958997096541035e-01
1.489999999999999991e+00 5.773808510875930722e-01
1.500000000000000000e+00 5.773651387249949529e-01
1.510000000000000009e+00 5.773487411226855270e-01
1.520000000000000018e+00 5.773316364282211621e-01
1.530000000000000027e+00 5.773138024471913266e-01
1.540000000000000036e+00 5.772952166561617915e-01
1.550000000000000044e+00 5.772758562174090669e-01
1.560000000000000053e+00 5.772556979955885126e-01
1.570000000000000062e+00 5.772347185764996613e-01
1.580000000000000071e+00 5.772128942881055158e-01
1.590000000000000080e+00 5.771902012239754631e-01
1.600000000000000089e+00 5.771666152693190055e-01
1.610000000000000098e+00 5.771421121297819479e-01
1.620000000000000107e+00 5.771166673631750177e-01
1.630000000000000115e+00 5.770902564143076674e-01
1.640000000000000124e+00 5.770628546530935932e-01
1.650000000000000133e+00 5.770344374160922829e-01
1.660000000000000142e+00 5.770049800516401373e-01
1.669999999999999929e+00 5.769744579687264840e-01
1.679999999999999938e+00 5.769428466897426055e-01
1.689999999999999947e+00 5.769101219072396702e-01
1.699999999999999956e+00 5.768762595447930464e-01
1.709999999999999964e+00 5.768412358220750269e-01
1.719999999999999973e+00 5.768050273242015802e-01
1.729999999999999982e+00 5.767676110754011987e-01
1.739999999999999991e+00 5.767289646170331574e-01
1.750000000000000000e+00 5.766890660899464116e-01
1.760000000000000009e+00 5.766478943211460484e-01
1.770000000000000018e+00 5.766054289147015677e-01
1.780000000000000027e+00 5.765616503467916321e-01
1.790000000000000036e+00 5.765165400647511706e-01
1.800000000000000044e+00 5.764700805899396485e-01
1.810000000000000053e+00 5.764222556242165618e-01
1.820000000000000062e+00 5.763730501597642553e-01
1.830000000000000071e+00 5.763224505919599672e-01
1.840000000000000080e+00 5.762704448349494912e-01
1.850000000000000089e+00 5.762170224395418705e-01
1.860000000000000098e+00 5.761621747129884730e-01
1.870000000000000107e+00 5.761058948401832636e-01
1.880000000000000115e+00 5.760481780057621348e-01
1.890000000000000124e+00 5.759890215165556215e-01
1.900000000000000133e+00 5.759284249237993647e-01
1.910000000000000142e+00 5.758663901444777133e-01
1.919999999999999929e+00 5.758029215811434343e-01
1.929999999999999938e+00 5.757380262395223047e-01
1.939999999999999947e+00 5.756717138431951541e-01
1.949999999999999956e+00 5.756039969446186122e-01
1.959999999999999964e+00 5.755348910317409361e-01
1.969999999999999973e+00 5.754644146294516371e-01
1.979999999999999982e+00 5.753925893951021830e-01
1.989999999999999991e+00 5.753194402073327218e-01
2.000000000000000000e+00 5.752449952474553152e-01
2.010000000000000231e+00 5.751692860726457246e-01
2.020000000000000018e+00 5.750923476802292100e-01
2.030000000000000249e+00 5.750142185623623448e-01
2.040000000000000036e+00 5.749349407504544818e-01
2.049999999999999822e+00 5.748545598487064812e-01
2.060000000000000053e+00 5.747731250561982641e-01
2.069999999999999840e+00 5.746906891770016124e-01
2.080000000000000071e+00 5.746073086178604683e-01
2.089999999999999858e+00 5.745230433730421638e-01
2.100000000000000089e+00 5.744379569960338383e-01
2.109999999999999876e+00 5.743521165578308052e-01
2.120000000000000107e+00 5.742655925916415605e-01
2.129999999999999893e+00 5.741784590239200625e-01
2.140000000000000124e+00 5.740907930917100721e-01
2.149999999999999911e+00 5.740026752463823767e-01
2.160000000000000142e+00 5.739141890439232174e-01
2.169999999999999929e+00 5.738254210220246065e-01
2.180000000000000160e+00 5.737364605643078264e-01
2.189999999999999947e+00 5.736473997521011059e-01
2.200000000000000178e+00 5.735583332042668570e-01
2.209999999999999964e+00 5.734693579056587831e-01
2.220000000000000195e+00 5.733805730248583421e-01
2.229999999999999982e+00 5.732920797219114295e-01
2.240000000000000213e+00 5.732039809468479907e-01
2.250000000000000000e+00 5.731163812298293303e-01
2.260000000000000231e+00 5.730293864638087431e-01
2.270000000000000018e+00 5.729431036806471589e-01
2.280000000000000249e+00 5.728576408216524696e-01
2.290000000000000036e+00 5.727731065035382985e-01
2.300000000000000266e+00 5.726896097808272801e-01
2.310000000000000053e+00 5.726072599057259183e-01
2.319999999999999840e+00 5.725261660865053059e-01
2.330000000000000071e+00 5.724464372454202143e-01
2.339999999999999858e+00 5.723681817771831826e-01
2.350000000000000089e+00 5.722915073089941407e-01
2.359999999999999876e+00 5.722165204630977886e-01
2.370000000000000107e+00 5.721433266228084236e-01
2.379999999999999893e+00 5.720720297029052714e-01
2.390000000000000124e+00 5.720027319252564135e-01
2.399999999999999911e+00 5.719355336004791068e-01
2.410000000000000142e+00 5.718705329163968898e-01
2.419999999999999929e+00 5.718078257339928028e-01
2.430000000000000160e+00 5.717475053915078709e-01
2.439999999999999947e+00 5.716896625172676050e-01
2.450000000000000178e+00 5.716343848517634330e-01
2.459999999999999964e+00 5.715817570794569091e-01
2.470000000000000195e+00 5.715318606707130433e-01
2.479999999999999982e+00 5.714847737342104717e-01
2.490000000000000213e+00 5.714405708801232331e-01
2.500000000000000000e+00 5.713993230943109625e-01
2.510000000000000231e+00 5.713610976237047945e-01
2.520000000000000018e+00 5.713259578730278676e-01
2.530000000000000249e+00 5.712939633129411332e-01
2.540000000000000036e+00 5.712651693996690927e-01
2.550000000000000266e+00 5.712396275061152329e-01
2.560000000000000053e+00 5.712173848644428453e-01
2.569999999999999840e+00 5.711984845200721583e-01
2.580000000000000071e+00 5.711829652970057403e-01
2.589999999999999858e+00 5.711708617743772587e-01
2.600000000000000089e+00 5.711622042740889249e-01
2.609999999999999876e+00 5.711570188593940722e-01
2.620000000000000107e+00 5.711553273442460110e-01
2.629999999999999893e+00 5.711571473132346366e-01
2.640000000000000124e+00 5.711624921519108389e-01
2.649999999999999911e+00 5.711713710872804439e-01
2.660000000000000142e+00 5.711837892382440884e-01
2.669999999999999929e+00 5.711997476757438852e-01
2.680000000000000160e+00 5.712192434923607509e-01
2.689999999999999947e+00 5.712422698811009392e-01
2.700000000000000178e+00 5.712688162230900035e-01
2.709999999999999964e+00 5.712988681838798710e-01
2.720000000000000195e+00 5.713324078180658239e-01
2.729999999999999982e+00 5.713694136818779912e-01
2.740000000000000213e+00 5.714098609534176143e-01
2.750000000000000000e+00 5.714537215601679376e-01
2.760000000000000231e+00 5.715009643134058015e-01
2.770000000000000018e+00 5.715515550491114816e-01
2.780000000000000249e+00 5.716054567749624393e-01
2.790000000000000036e+00 5.716626298229622316e-01
2.800000000000000266e+00 5.717230320072521632e-01
2.810000000000000053e+00 5.717866187866188499e-01
2.819999999999999840e+00 5.718533434311935393e-01
2.830000000000000071e+00 5.719231571928296010e-01
2.839999999999999858e+00 5.719960094786091798e-01
2.850000000000000089e+00 5.720718480269281203e-01
2.859999999999999876e+00 5.721506190855866203e-01
2.870000000000000107e+00 5.722322675913009693e-01
2.879999999999999893e+00 5.723167373500406274e-01
2.890000000000000124e+00 5.724039712175938988e-01
2.899999999999999911e+00 5.724939112797490237e-01
2.910000000000000142e+00 5.725864990314889491e-01
2.919999999999999929e+00 5.726816755545901527e-01
2.930000000000000160e+00 5.727793816930273341e-01
2.939999999999999947e+00 5.728795582255951091e-01
2.950000000000000178e+00 5.729821460351617324e-01
2.959999999999999964e+00 5.730870862740021776e-01
2.970000000000000195e+00 5.731943205246593509e-01
2.979999999999999982e+00 5.733037909558214018e-01
2.990000000000000213e+00 5.734154404727176413e-01
3.000000000000000000e+00 5.735292128615708807e-01
3.010000000000000231e+00 5.736450529276773125e-01
3.020000000000000018e+00 5.737629066267140310e-01
3.030000000000000249e+00 5.738827211889169222e-01
3.040000000000000036e+00 5.740044452358067373e-01
3.050000000000000266e+00 5.741280288891874584e-01
3.060000000000000053e+00 5.742534238721713757e-01
3.070000000000000284e+00 5.743805836020420275e-01
3.080000000000000071e+00 5.745094632748003471e-01
3.089999999999999858e+00 5.746400199412841081e-01
3.100000000000000089e+00 5.747722125747937172e-01
3.109999999999999876e+00 5.749060021302065948e-01
3.120000000000000107e+00 5.750413515945934639e-01
3.129999999999999893e+00 5.751782260293959448e-01
3.140000000000000124e+00 5.753165926042691503e-01
3.149999999999999911e+00 5.754564206227209544e-01
3.160000000000000142e+00 5.755976815397192414e-01
3.169999999999999929e+00 5.757403489714775224e-01
3.180000000000000160e+00 5.758843986976475149e-01
3.189999999999999947e+00 5.760298086561922437e-01
3.200000000000000178e+00 5.761765589312226599e-01
3.209999999999999964e+00 5.763246317341165215e-01
3.220000000000000195e+00 5.764740113782531594e-01
3.229999999999999982e+00 5.766246842477144030e-01
3.240000000000000213e+00 5.767766387603231459e-01
3.250000000000000000e+00 5.769298653253915887e-01
3.260000000000000231e+00 5.770843562965753959e-01
3.270000000000000018e+00 5.772401059202215690e-01
3.280000000000000249e+00 5.773971102796129351e-01
3.290000000000000036e+00 5.775553672355064894e-01
3.300000000000000266e+00 5.777148763633683792e-01
3.310000000000000053e+00 5.778756388876937766e-01
3.320000000000000284e+00 5.780376576138099853e-01
3.330000000000000071e+00 5.782009368575402597e-01
3.339999999999999858e+00 5.783654823731003702e-01
3.350000000000000089e+00 5.785313012795952892e-01
3.359999999999999876e+00 5.786984019864606088e-01
3.370000000000000107e+00 5.788667941181860899e-01
3.379999999999999893e+00 5.790364884386443034e-01
3.390000000000000124e+00 5.792074967753257919e-01
3.399999999999999911e+00 5.793798319437718503e-01
3.410000000000000142e+00 5.795535076724736001e-01
3.419999999999999929e+00 5.797285385284923764e-01
3.430000000000000160e+00 5.799049398440329073e-01
3.439999999999999947e+00 5.800827276441896663e-01
3.450000000000000178e+00 5.802619185760596876e-01
3.459999999999999964e+00 5.804425298394038091e-01
3.470000000000000195e+00 5.806245791190166594e-01
3.479999999999999982e+00 5.808080845189474983e-01
3.490000000000000213e+00 5.809930644986976978e-01
3.500000000000000000e+00 5.811795378115024446e-01
3.510000000000000231e+00 5.813675234447898132e-01
3.520000000000000018e+00 5.815570405628893713e-01
3.530000000000000249e+00 5.817481084520543799e-01
3.540000000000000036e+00 5.819407464678395536e-01
3.550000000000000266e+00 5.821349739848702409e-01
3.560000000000000053e+00 5.823308103490161258e-01
3.570000000000000284e+00 5.825282748319834392e-01
3.580000000000000071e+00 5.827273865883133563e-01
3.589999999999999858e+00 5.829281646147775886e-01
3.600000000000000089e+00 5.831306277121433013e-01
3.609999999999999876e+00 5.833347944492738302e-01
3.620000000000000107e+00 5.835406831295274488e-01
3.629999999999999893e+00 5.837483117593984527e-01
3.640000000000000124e+00 5.839576980193562639e-01
3.649999999999999911e+00 5.841688592368129429e-01
3.660000000000000142e+00 5.843818123611613791e-01
3.669999999999999929e+00 5.845965739408109929e-01
3.680000000000000160e+00 5.848131601021538950e-01
3.689999999999999947e+00 5.850315865303825635e-01
3.700000000000000178e+00 5.852518684520868764e-01
3.709999999999999964e+00 5.854740206195505614e-01
3.720000000000000195e+00 5.856980572966724585e-01
3.729999999999999982e+00 5.859239922464291039e-01
3.740000000000000213e+00 5.861518387198054736e-01
3.750000000000000000e+00 5.863816094461149486e-01
3.760000000000000231e+00 5.866133166246323416e-01
3.770000000000000018e+00 5.868469719174643773e-01
3.780000000000000249e+00 5.870825864435859076e-01
3.790000000000000036e+00 5.873201707739723609e-01
3.800000000000000266e+00 5.875597349277547066e-01
3.810000000000000053e+00 5.878012883693370938e-01
3.820000000000000284e+00 5.880448400064093306e-01
3.830000000000000071e+00 5.882903981887943612e-01
3.839999999999999858e+00 5.885379707080727885e-01
3.850000000000000089e+00 5.887875647979309290e-01
3.859999999999999876e+00 5.890391871351762232e-01
3.870000000000000107e+00 5.892928438413757020e-01
3.879999999999999893e+00 5.895485404850673294e-01
3.890000000000000124e+00 5.898062820845024756e-01
3.899999999999999911e+00 5.900660731108783308e-01
3.910000000000000142e+00 5.903279174920231798e-01
3.919999999999999929e+00 5.905918186164982320e-01
3.930000000000000160e+00 5.908577793380851428e-01
3.939999999999999947e+00 5.911258019806238106e-01
3.950000000000000178e+00 5.913958883431831293e-01
3.959999999999999964e+00 5.916680397055255058e-01
3.970000000000000195e+00 5.919422568338530422e-01
3.979999999999999982e+00 5.922185399868064026e-01
3.990000000000000213e+00 5.924968889216987167e-01
4.000000000000000000e+00 5.927773029009675287e-01
4.009999999999999787e+00 5.930597806988241461e-01
4.020000000000000462e+00 5.933443206080893928e-01
4.030000000000000249e+00 5.936309204471953427e-01
4.040000000000000036e+00 5.939195775673463684e-01
4.049999999999999822e+00 5.942102888598204125e-01
4.060000000000000497e+00 5.945030507634034844e-01
4.070000000000000284e+00 5.947978592719433966e-01
4.080000000000000071e+00 5.950947099420126341e-01
4.089999999999999858e+00 5.953935979006735879e-01
4.099999999999999645e+00 5.956945178533272767e-01
4.110000000000000320e+00 5.959974640916503308e-01
4.120000000000000107e+00 5.963024305015950377e-01
4.129999999999999893e+00 5.966094105714561113e-01
4.139999999999999680e+00 5.969183973999888648e-01
4.150000000000000355e+00 5.972293837045702380e-01
4.160000000000000142e+00 5.975423618293955741e-01
4.169999999999999929e+00 5.978573237537009311e-01
4.179999999999999716e+00 5.981742611000042675e-01
4.190000000000000391e+00 5.984931651423530674e-01
4.200000000000000178e+00 5.988140268145711875e-01
4.209999999999999964e+00 5.991368367185001542e-01
4.219999999999999751e+00 5.994615851322190325e-01
4.230000000000000426e+00 5.997882620182405367e-01
4.240000000000000213e+00 6.001168570316715023e-01
4.250000000000000000e+00 6.004473595283312815e-01
4.259999999999999787e+00 6.007797585728190670e-01
4.270000000000000462e+00 6.011140429465244850e-01
4.280000000000000249e+00 6.014502011555707961e-01
4.290000000000000036e+00 6.017882214386879314e-01
4.299999999999999822e+00 6.021280917750050365e-01
4.310000000000000497e+00 6.024697998917616371e-01
4.320000000000000284e+00 6.028133332719247672e-01
4.330000000000000071e+00 6.031586791617163934e-01
4.339999999999999858e+00 6.035058245780415831e-01
4.350000000000000533e+00 6.038547563158127574e-01
4.360000000000000320e+00 6.042054609551738009e-01
4.370000000000000107e+00 6.045579248686193674e-01
4.379999999999999893e+00 6.049121342280047164e-01
4.389999999999999680e+00 6.052680750114539654e-01
4.400000000000000355e+00 6.056257330101636471e-01
4.410000000000000142e+00 6.059850938351009075e-01
4.419999999999999929e+00 6.063461429236076672e-01
4.429999999999999716e+00 6.067088655459057511e-01
4.440000000000000391e+00 6.070732468115137559e-01
4.450000000000000178e+00 6.074392716755783184e-01
4.459999999999999964e+00 6.078069249451295564e-01
4.469999999999999751e+00 6.081761912852647889e-01
4.480000000000000426e+00 6.085470552252706389e-01
4.490000000000000213e+00 6.089195011646937328e-01
4.500000000000000000e+00 6.092935133793664360e-01
4.509999999999999787e+00 6.096690760274020571e-01
4.520000000000000462e+00 6.100461731551675149e-01
4.530000000000000249e+00 6.104247887032442366e-01
4.540000000000000036e+00 6.108049065123940524e-01
4.549999999999999822e+00 6.111865103295346380e-01
4.560000000000000497e+00 6.115695838137427121e-01
4.570000000000000284e+00 6.119541105422957594e-01
4.580000000000000071e+00 6.123400740167599388e-01
4.589999999999999858e+00 6.127274576691451591e-01
4.600000000000000533e+00 6.131162448681288790e-01
4.610000000000000320e+00 6.135064189253690570e-01
4.620000000000000107e+00 6.138979631019101380e-01
4.629999999999999893e+00 6.142908606146965100e-01
4.639999999999999680e+00 6.146850946432013130e-01
4.650000000000000355e+00 6.150806483361799248e-01
4.660000000000000142e+00 6.154775048185551212e-01
4.669999999999999929e+00 6.158756471984420111e-01
4.679999999999999716e+00 6.162750585743177467e-01
4.690000000000000391e+00 6.166757220423392249e-01
4.700000000000000178e+00 6.170776207038149996e-01
4.709999999999999964e+00 6.174807376728311814e-01
4.719999999999999751e+00 6.178850560840319917e-01
4.730000000000000426e+00 6.182905591005550816e-01
4.740000000000000213e+00 6.186972299221189520e-01
4.750000000000000000e+00 6.191050517932573660e-01
4.759999999999999787e+00 6.195140080116999792e-01
4.770000000000000462e+00 6.199240819368856403e-01
4.780000000000000249e+00 6.203352569986058107e-01
4.790000000000000036e+00 6.207475167057669996e-01
4.799999999999999822e+00 6.211608446552585594e-01
4.810000000000000497e+00 6.215752245409185139e-01
4.820000000000000284e+00 6.219906401625771020e-01
4.830000000000000071e+00 6.224070754351707091e-01
4.839999999999999858e+00 6.228245143979032061e-01
4.850000000000000533e+00 6.232429412234402610e-01
4.860000000000000320e+00 6.236623402271209704e-01
4.870000000000000107e+00 6.240826958761619414e-01
4.879999999999999893e+00 6.245039927988406125e-01
4.889999999999999680e+00 6.249262157936318340e-01
4.900000000000000355e+00 6.253493498382786120e-01
4.910000000000000142e+00 6.257733800987791417e-01
4.919999999999999929e+00 6.261982919382619306e-01
4.929999999999999716e+00 6.266240709257332453e-01
4.940000000000000391e+00 6.270507028446716813e-01
4.950000000000000178e+00 6.274781737014499816e-01
4.959999999999999964e+00 6.279064697335627887e-01
4.969999999999999751e+00 6.283355774176391240e-01
4.980000000000000426e+00 6.287654834772197221e-01
4.990000000000000213e+00 6.291961748902804574e-01
5.000000000000000000e+00 6.296276388964824333e-01
5.009999999999999787e+00 6.300598630314925286e-01
5.020000000000000462e+00 6.304928350595609965e-01
5.030000000000000249e+00 6.309265431513180200e-01
5.040000000000000036e+00 6.313609757863289929e-01
5.049999999999999822e+00 6.317961217791079331e-01
5.060000000000000497e+00 6.322319702796123098e-01
5.070000000000000284e+00 6.326685107734906222e-01
5.080000000000000071e+00 6.331057330821001639e-01
5.089999999999999858e+00 6.335436273622865322e-01
5.100000000000000533e+00 6.339821841059182228e-01
5.110000000000000320e+00 6.344213941391851908e-01
5.120000000000000107e+00 6.348612486216563822e-01
5.129999999999999893e+00 6.353017390451060065e-01
5.139999999999999680e+00 6.357428572321092153e-01
5.150000000000000355e+00 6.361845953344145155e-01
5.160000000000000142e+00 6.366269458311009100e-01
5.169999999999999929e+00 6.370699015265278708e-01
5.179999999999999716e+00 6.375134555480850285e-01
5.190000000000000391e+00 6.379576013437566750e-01
5.200000000000000178e+00 6.384023326795084108e-01
5.209999999999999964e+00 6.388476436365094768e-01
5.219999999999999751e+00 6.392935286082045421e-01
5.230000000000000426e+00 6.397399822972474892e-01
5.240000000000000213e+00 6.401869997123115219e-01
5.250000000000000000e+00 6.406345761647905812e-01
5.259999999999999787e+00 6.410827072654076142e-01
5.270000000000000462e+00 6.415313889207427955e-01
5.280000000000000249e+00 6.419806173296999097e-01
5.290000000000000036e+00 6.424303889799235501e-01
5.299999999999999822e+00 6.428807006441836780e-01
5.310000000000000497e+00 6.433315493767433058e-01
5.320000000000000284e+00 6.437829325097207400e-01
5.330000000000000071e+00 6.442348476494649256e-01
5.339999999999999858e+00 6.446872926729523279e-01
5.350000000000000533e+00 6.451402657242230054e-01
5.360000000000000320e+00 6.455937652108638680e-01
5.370000000000000107e+00 6.460477898005524411e-01
5.379999999999999893e+00 6.465023384176719068e-01
5.389999999999999680e+00 6.469574102400019733e-01
5.400000000000000355e+00 6.474130046955002271e-01
5.410000000000000142e+00 6.478691214591738579e-01
5.419999999999999929e+00 6.483257604500529681e-01
5.429999999999999716e+00 6.487829218282651356e-01
5.440000000000000391e+00 6.492406059922180006e-01
5.450000000000000178e+00 6.496988135758862137e-01
5.459999999999999964e+00 6.501575454462084069e-01
5.469999999999999751e+00 6.506168027005903021e-01
5.480000000000000426e+00 6.510765866645110700e-01
5.490000000000000213e+00 6.515368988892292768e-01
5.500000000000000000e+00 6.519977411495864184e-01
5.509999999999999787e+00 6.524591154418956096e-01
5.520000000000000462e+00 6.529210239819157602e-01
5.530000000000000249e+00 6.533834692028944735e-01
5.540000000000000036e+00 6.538464537536797794e-01
5.549999999999999822e+00 6.543099804968800504e-01
5.560000000000000497e+00 6.547740525070707696e-01
5.570000000000000284e+00 6.552386730690284988e-01
5.580000000000000071e+00 6.557038456759853862e-01
5.589999999999999858e+00 6.561695740278887801e-01
5.600000000000000533e+00 6.566358620296525173e-01
5.610000000000000320e+00 6.571027137893893366e-01
5.620000000000000107e+00 6.575701336166066557e-01
5.629999999999999893e+00 6.580381260203584937e-01
5.639999999999999680e+00 6.585066957073337779e-01
5.650000000000000355e+00 6.589758475798740411e-01
5.660000000000000142e+00 6.594455867339049648e-01
5.669999999999999929e+00 6.599159184567701120e-01
5.679999999999999716e+00 6.603868482249594107e-01
5.690000000000000391e+00 6.608583817017147366e-01
5.700000000000000178e+00 6.613305247345129256e-01
5.709999999999999964e+00 6.618032833524086778e-01
5.719999999999999751e+00 6.622766637632371278e-01
5.730000000000000426e+00 6.627506723506646491e-01
5.740000000000000213e+00 6.632253156710865571e-01
5.750000000000000000e+00 6.637006004503669399e-01
5.759999999999999787e+00 6.641765335804159509e-01
5.770000000000000462e+00 6.646531221156086744e-01
5.780000000000000249e+00 6.651303732690390103e-01
5.790000000000000036e+00 6.656082944086164632e-01
5.799999999999999822e+00 6.660868930530047249e-01
5.810000000000000497e+00 6.665661768674090437e-01
5.820000000000000284e+00 6.670461536592133811e-01
5.830000000000000071e+00 6.675268313734803449e-01
5.839999999999999858e+00 6.680082180883174514e-01
5.850000000000000533e+00 6.684903220101191534e-01
5.860000000000000320e+00 6.689731514686954039e-01
5.870000000000000107e+00 6.694567149122978567e-01
5.879999999999999893e+00 6.699410209025541407e-01
5.889999999999999680e+00 6.704260781093255295e-01
5.900000000000000355e+00 6.709118953054955536e-01
5.910000000000000142e+00 6.713984813617085434e-01
5.919999999999999929e+00 6.718858452410693127e-01
5.929999999999999716e+00 6.723739959938196398e-01
5.940000000000000391e+00 6.728629427520005368e-01
5.950000000000000178e+00 6.733526947241222915e-01
5.959999999999999964e+00 6.738432611898510505e-01
5.969999999999999751e+00 6.743346514947249348e-01
5.980000000000000426e+00 6.748268750449166742e-01
5.990000000000000213e+00 6.753199413020511965e-01
6.000000000000000000e+00 6.758138597780956047e-01
6.009999999999999787e+00 6.763086400303240930e-01
6.020000000000000462e+00 6.768042916563784539e-01
6.030000000000000249e+00 6.773008242894262843e-01
6.040000000000000036e+00 6.777982475934261064e-01
6.049999999999999822e+00 6.782965712585106166e-01
6.060000000000000497e+00 6.787958049964898377e-01
6.070000000000000284e+00 6.792959585364803932e-01
6.080000000000000071e+00 6.797970416206661204e-01
6.089999999999999858e+00 6.802990640001884692e-01
6.100000000000000533e+00 6.808020354311734579e-01
6.110000000000000320e+00 6.813059656708870815e-01
6.120000000000000107e+00 6.818108644740266122e-01
6.129999999999999893e+00 6.823167415891363552e-01
6.140000000000000568e+00 6.828236067551514132e-01
6.150000000000000355e+00 6.833314696980564706e-01
6.160000000000000142e+00 6.838403401276615945e-01
6.169999999999999929e+00 6.843502277344795104e-01
6.179999999999999716e+00 6.848611421867025761e-01
6.190000000000000391e+00 6.853730931272661309e-01
6.200000000000000178e+00 6.858860901709907809e-01
6.209999999999999964e+00 6.864001429017893008e-01
6.219999999999999751e+00 6.869152608699324869e-01
6.230000000000000426e+00 6.874314535893557565e-01
6.240000000000000213e+00 6.879487305350000526e-01
6.250000000000000000e+00 6.884671011401709562e-01
6.259999999999999787e+00 6.889865747939057927e-01
6.270000000000000462e+00 6.895071608383336326e-01
6.280000000000000249e+00 6.900288685660200816e-01
6.290000000000000036e+00 6.905517072172807636e-01
6.299999999999999822e+00 6.910756859774529470e-01
6.310000000000000497e+00 6.916008139741165461e-01
6.320000000000000284e+00 6.921271002742486189e-01
6.330000000000000071e+00 6.926545538813068115e-01
6.339999999999999858e+00 6.931831837322283141e-01
6.350000000000000533e+00 6.937129986943383342e-01
6.360000000000000320e+00 6.942440075621584272e-01
6.370000000000000107e+00 6.947762190541091343e-01
6.379999999999999893e+00 6.953096418091028186e-01
6.390000000000000568e+00 6.958442843830158209e-01
6.400000000000000355e+00 6.963801552450451515e-01
6.410000000000000142e+00 6.969172627739399495e-01
6.419999999999999929e+00 6.974556152541092624e-01
6.429999999999999716e+00 6.979952208716049267e-01
6.440000000000000391e+00 6.985360877099824339e-01
6.450000000000000178e+00 6.990782237460362314e-01
6.459999999999999964e+00 6.996216368454192258e-01
6.469999999999999751e+00 7.001663347581441599e-01
6.480000000000000426e+00 7.007123251139751874e-01
6.490000000000000213e+00 7.012596154177128671e-01
6.500000000000000000e+00 7.018082130443819011e-01
6.509999999999999787e+00 7.023581252343259473e-01
6.520000000000000462e+00 7.029093590882180553e-01
6.530000000000000249e+00 7.034619215619964949e-01
6.540000000000000036e+00 7.040158194617346377e-01
6.549999999999999822e+00 7.045710594384507752e-01
6.560000000000000497e+00 7.051276479828763044e-01
6.570000000000000284e+00 7.056855914201805025e-01
6.580000000000000071e+00 7.062448959046740971e-01
6.589999999999999858e+00 7.068055674144928524e-01
6.600000000000000533e+00 7.073676117462779356e-01
6.610000000000000320e+00 7.079310345098588364e-01
6.620000000000000107e+00 7.084958411229531627e-01
6.629999999999999893e+00 7.090620368058903056e-01
6.640000000000000568e+00 7.096296265763718525e-01
6.650000000000000355e+00 7.101986152442737454e-01
6.660000000000000142e+00 7.107690074065051711e-01
6.669999999999999929e+00 7.113408074419279581e-01
6.679999999999999716e+00 7.119140195063490273e-01
6.690000000000000391e+00 7.124886475275874487e-01
6.700000000000000178e+00 7.130646952006320927e-01
6.709999999999999964e+00 7.136421659828871000e-01
6.719999999999999751e+00 7.142210630895194923e-01
6.730000000000000426e+00 7.148013894889082565e-01
6.740000000000000213e+00 7.153831478982015657e-01
6.750000000000000000e+00 7.159663407789887968e-01
6.759999999999999787e+00 7.165509703330875668e-01
6.770000000000000462e+00 7.171370384984488977e-01
6.780000000000000249e+00 7.177245469451858373e-01
6.790000000000000036e+00 7.183134970717235390e-01
6.799999999999999822e+00 7.189038900010759070e-01
6.810000000000000497e+00 7.194957265772444766e-01
6.820000000000000284e+00 7.200890073617443043e-01
6.830000000000000071e+00 7.206837326302558688e-01
6.839999999999999858e+00 7.212799023693972078e-01
6.850000000000000533e+00 7.218775162736255080e-01
6.860000000000000320e+00 7.224765737422534917e-01
6.870000000000000107e+00 7.230770738765909256e-01
6.879999999999999893e+00 7.236790154772014816e-01
6.890000000000000568e+00 7.242823970412763934e-01
6.900000000000000355e+00 7.248872167601206895e-01
6.910000000000000142e+00 7.254934725167496712e-01
6.919999999999999929e+00 7.261011618835950809e-01
6.929999999999999716e+00 7.267102821203136331e-01
6.940000000000000391e+00 7.273208301717006830e-01
6.950000000000000178e+00 7.279328026657017059e-01
6.959999999999999964e+00 7.285461959115202557e-01
6.969999999999999751e+00 7.291610058978205133e-01
6.980000000000000426e+00 7.297772282910222064e-01
6.990000000000000213e+00 7.303948584336815708e-01
7.000000000000000000e+00 7.310138913429607976e-01
7.009999999999999787e+00 7.316343217091801909e-01
7.020000000000000462e+00 7.322561438944532597e-01
7.030000000000000249e+00 7.328793519314013016e-01
7.040000000000000036e+00 7.335039395219447034e-01
7.049999999999999822e+00 7.341299000361747318e-01
7.060000000000000497e+00 7.347572265112958245e-01
7.070000000000000284e+00 7.353859116506463733e-01
7.080000000000000071e+00 7.360159478227890073e-01
7.089999999999999858e+00 7.366473270606771484e-01
7.100000000000000533e+00 7.372800410608927324e-01
7.110000000000000320e+00 7.379140811829543178e-01
7.120000000000000107e+00 7.385494384486984698e-01
7.129999999999999893e+00 7.391861035417365278e-01
7.140000000000000568e+00 7.398240668069802073e-01
7.150000000000000355e+00 7.404633182502419197e-01
7.160000000000000142e+00 7.411038475379134738e-01
7.169999999999999929e+00 7.417456439967180515e-01
7.179999999999999716e+00 7.423886966135387899e-01
7.190000000000000391e+00 7.430329940353300744e-01
7.200000000000000178e+00 7.436785245691092117e-01
7.209999999999999964e+00 7.443252761820299268e-01
7.219999999999999751e+00 7.449732365015434565e-01
7.230000000000000426e+00 7.456223928156503478e-01
7.240000000000000213e+00 7.462727320732395198e-01
7.250000000000000000e+00 7.469242408845241377e-01
7.259999999999999787e+00 7.475769055215774062e-01
7.270000000000000462e+00 7.482307119189651745e-01
7.280000000000000249e+00 7.488856456744882317e-01
7.290000000000000036e+00 7.495416920500298508e-01
7.299999999999999822e+00 7.501988359725173527e-01
7.310000000000000497e+00 7.508570620350007996e-01
7.320000000000000284e+00 7.515163544978523680e-01
7.330000000000000071e+00 7.521766972900915116e-01
7.339999999999999858e+00 7.528380740108400193e-01
7.350000000000000533e+00 7.535004679309096343e-01
7.360000000000000320e+00 7.541638619945323363e-01
7.370000000000000107e+00 7.548282388212320670e-01
7.379999999999999893e+00 7.554935807078441146e-01
7.390000000000000568e+00 7.561598696306895961e-01
7.400000000000000355e+00 7.568270872479055944e-01
7.410000000000000142e+00 7.574952149019387182e-01
7.419999999999999929e+00 7.581642336222048639e-01
7.429999999999999716e+00 7.588341241279181748e-01
7.440000000000000391e+00 7.595048668310978579e-01
7.450000000000000178e+00 7.601764418397494172e-01
7.459999999999999964e+00 7.608488289612320710e-01
7.469999999999999751e+00 7.615220077058103554e-01
7.480000000000000426e+00 7.621959572903918012e-01
7.490000000000000213e+00 7.628706566424588997e-01
7.500000000000000000e+00 7.635460844041939144e-01
7.509999999999999787e+00 7.642222189367953167e-01
7.520000000000000462e+00 7.648990383249947289e-01
7.530000000000000249e+00 7.655765203817687103e-01
7.540000000000000036e+00 7.662546426532473864e-01
7.549999999999999822e+00 7.669333824238201425e-01
7.560000000000000497e+00 7.676127167214387148e-01
7.570000000000000284e+00 7.682926223231109075e-01
7.580000000000000071e+00 7.689730757605909295e-01
7.589999999999999858e+00 7.696540533262544725e-01
7.600000000000000533e+00 7.703355310791618615e-01
7.610000000000000320e+00 7.710174848513012824e-01
7.620000000000000107e+00 7.716998902540098682e-01
7.629999999999999893e+00 7.723827226845622063e-01
7.640000000000000568e+00 7.730659573329272671e-01
7.650000000000000355e+00 7.737495691886800975e-01
7.660000000000000142e+00 7.744335330480640600e-01
7.669999999999999929e+00 7.751178235211945156e-01
7.679999999999999716e+00 7.758024150393970642e-01
7.690000000000000391e+00 7.764872818626666895e-01
7.700000000000000178e+00 7.771723980872422555e-01
7.709999999999999964e+00 7.778577376532851417e-01
7.719999999999999751e+00 7.785432743526483623e-01
7.730000000000000426e+00 7.792289818367276188e-01
7.740000000000000213e+00 7.799148336243856283e-01
7.750000000000000000e+00 7.806008031099297417e-01
7.759999999999999787e+00 7.812868635711390786e-01
7.770000000000000462e+00 7.819729881773256341e-01
7.780000000000000249e+00 7.826591499974167032e-01
7.790000000000000036e+00 7.833453220080486279e-01
7.799999999999999822e+00 7.840314771016568818e-01
7.810000000000000497e+00 7.847175880945540527e-01
7.820000000000000284e+00 7.854036277349799589e-01
7.830000000000000071e+00 7.860895687111155716e-01
7.839999999999999858e+00 7.867753836590491989e-01
7.850000000000000533e+00 7.874610451706821612e-01
7.860000000000000320e+00 7.881465258015657449e-01
7.870000000000000107e+00 7.888317980786567762e-01
7.879999999999999893e+00 7.895168345079865979e-01
7.890000000000000568e+00 7.902016075822322350e-01
7.900000000000000355e+00 7.908860897881790919e-01
7.910000000000000142e+00 7.915702536140747370e-01
7.919999999999999929e+00 7.922540715568583414e-01
7.930000000000000604e+00 7.929375161292681051e-01
7.940000000000000391e+00 7.936205598668151229e-01
7.950000000000000178e+00 7.943031753346221358e-01
7.959999999999999964e+00 7.949853351341226171e-01
7.969999999999999751e+00 7.956670119096186378e-01
7.980000000000000426e+00 7.963481783546918491e-01
7.990000000000000213e+00 7.970288072184692485e-01
8.000000000000000000e+00 7.977088713117429508e-01
8.009999999999999787e+00 7.983883435129418560e-01
8.019999999999999574e+00 7.990671967739554349e-01
8.029999999999999361e+00 7.997454041258134083e-01
8.040000000000000924e+00 8.004229386842227623e-01
8.050000000000000711e+00 8.010997736549613224e-01
8.060000000000000497e+00 8.017758823391332168e-01
8.070000000000000284e+00 8.024512381382883364e-01
8.080000000000000071e+00 8.031258145594128983e-01
8.089999999999999858e+00 8.037995852197867830e-01
8.099999999999999645e+00 8.044725238517208554e-01
8.109999999999999432e+00 8.051446043071741610e-01
8.120000000000000995e+00 8.058158005622529929e-01
8.130000000000000782e+00 8.064860867216032680e-01
8.140000000000000568e+00 8.071554370226938779e-01
8.150000000000000355e+00 8.078238258399986771e-01
8.160000000000000142e+00 8.084912276890811045e-01
8.169999999999999929e+00 8.091576172305869896e-01
8.179999999999999716e+00 8.098229692741447661e-01
8.189999999999999503e+00 8.104872587821826402e-01
8.199999999999999289e+00 8.111504608736630484e-01
8.210000000000000853e+00 8.118125508277359570e-01
8.220000000000000639e+00 8.124735040873175551e-01
8.230000000000000426e+00 8.131332962625945626e-01
8.240000000000000213e+00 8.137919031344541532e-01
8.250000000000000000e+00 8.144493006578440442e-01
8.259999999999999787e+00 8.151054649650617545e-01
8.269999999999999574e+00 8.157603723689755837e-01
8.279999999999999361e+00 8.164139993661745365e-01
8.290000000000000924e+00 8.170663226400479706e-01
8.300000000000000711e+00 8.177173190637957445e-01
8.310000000000000497e+00 8.183669657033668665e-01
8.320000000000000284e+00 8.190152398203222051e-01
8.330000000000000071e+00 8.196621188746244790e-01
8.339999999999999858e+00 8.203075805273493115e-01
8.349999999999999645e+00 8.209516026433185676e-01
8.359999999999999432e+00 8.215941632936476502e-01
8.370000000000000995e+00 8.222352407582109723e-01
8.380000000000000782e+00 8.228748135280188336e-01
8.390000000000000568e+00 8.235128603075000386e-01
8.400000000000000355e+00 8.241493600166976963e-01
8.410000000000000142e+00 8.247842917933593254e-01
8.419999999999999929e+00 8.254176349949364777e-01
8.429999999999999716e+00 8.260493692004761135e-01
8.439999999999999503e+00 8.266794742124090600e-01
8.449999999999999289e+00 8.273079300582368845e-01
8.460000000000000853e+00 8.279347169921033034e-01
8.470000000000000639e+00 8.285598154962621198e-01
8.480000000000000426e+00 8.291832062824333605e-01
8.490000000000000213e+00 8.298048702930490572e-01
8.500000000000000000e+00 8.304247887023887831e-01
8.509999999999999787e+00 8.310429429176044991e-01
8.519999999999999574e+00 8.316593145796393749e-01
8.529999999999999361e+00 8.322738855640376965e-01
8.540000000000000924e+00 8.328866379816531884e-01
8.550000000000000711e+00 8.334975541792530862e-01
8.560000000000000497e+00 8.341066167400283948e-01
8.570000000000000284e+00 8.347138084840072247e-01
8.580000000000000071e+00 8.353191124683844171e-01
8.589999999999999858e+00 8.359225119877639054e-01
8.599999999999999645e+00 8.365239905743266924e-01
8.609999999999999432e+00 8.371235319979292155e-01
8.620000000000000995e+00 8.377211202661369871e-01
8.630000000000000782e+00 8.383167396242026115e-01
8.640000000000000568e+00 8.389103745549991720e-01
8.650000000000000355e+00 8.395020097789089863e-01
8.660000000000000142e+00 8.400916302536857172e-01
8.669999999999999929e+00 8.406792211742946108e-01
8.679999999999999716e+00 8.412647679727364158e-01
8.689999999999999503e+00 8.418482563178715239e-01
8.700000000000001066e+00 8.424296721152468859e-01
8.710000000000000853e+00 8.430090015069392484e-01
8.720000000000000639e+00 8.435862308714219271e-01
8.730000000000000426e+00 8.441613468234647755e-01
8.740000000000000213e+00 8.447343362140746770e-01
8.750000000000000000e+00 8.453051861304886616e-01
8.759999999999999787e+00 8.458738838962231998e-01
8.769999999999999574e+00 8.464404170711912201e-01
8.779999999999999361e+00 8.470047734518902915e-01
8.790000000000000924e+00 8.475669410716767382e-01
8.800000000000000711e+00 8.481269082011182459e-01
8.810000000000000497e+00 8.486846633484441682e-01
8.820000000000000284e+00 8.492401952600932002e-01
8.830000000000000071e+00 8.497934929213556421e-01
8.839999999999999858e+00 8.503445455571280176e-01
8.849999999999999645e+00 8.508933426327700555e-01
8.859999999999999432e+00 8.514398738550706947e-01
8.870000000000000995e+00 8.519841291733263322e-01
8.880000000000000782e+00 8.525260987805242108e-01
8.890000000000000568e+00 8.530657731146429335e-01
8.900000000000000355e+00 8.536031428600516779e-01
8.910000000000000142e+00 8.541381989490213211e-01
8.919999999999999929e+00 8.546709325633341514e-01
8.929999999999999716e+00 8.552013351359937232e-01
8.939999999999999503e+00 8.557293983530271930e-01
8.950000000000001066e+00 8.562551141553744749e-01
8.960000000000000853e+00 8.567784747408616619e-01
8.970000000000000639e+00 8.572994725662469451e-01
8.980000000000000426e+00 8.578181003493355883e-01
8.990000000000000213e+00 8.583343510711517466e-01
9.000000000000000000e+00 8.588482179781642412e-01
9.009999999999999787e+00 8.593596945845507484e-01
9.019999999999999574e+00 8.598687746744968496e-01
9.029999999999999361e+00 8.603754523045148428e-01
9.040000000000000924e+00 8.608797218057784306e-01
9.050000000000000711e+00 8.613815777864551881e-01
9.060000000000000497e+00 8.618810151340343673e-01
9.070000000000000284e+00 8.623780290176346064e-01
9.080000000000000071e+00 8.628726148902799986e-01
9.089999999999999858e+00 8.633647684911414100e-01
9.099999999999999645e+00 8.638544858477202881e-01
9.109999999999999432e+00 8.643417632779796245e-01
9.120000000000000995e+00 8.648265973923988659e-01
9.130000000000000782e+00 8.653089850959494456e-01
9.140000000000000568e+00 8.657889235899823843e-01
9.150000000000000355e+00 8.662664103740154165e-01
9.160000000000000142e+00 8.667414432474127572e-01
9.169999999999999929e+00 8.672140203109481860e-01
9.179999999999999716e+00 8.676841399682474476e-01
9.189999999999999503e+00 8.681518009270967617e-01
9.200000000000001066e+00 8.686170022006147740e-01
9.210000000000000853e+00 8.690797431082817326e-01
9.220000000000000639e+00 8.695400232768193405e-01
9.230000000000000426e+00 8.699978426409149534e-01
9.240000000000000213e+00 8.704532014437911247e-01
9.250000000000000000e+00 8.709061002376075056e-01
9.259999999999999787e+00 8.713565398837036513e-01
9.269999999999999574e+00 8.718045215526691871e-01
9.279999999999999361e+00 8.722500467242476629e-01
9.290000000000000924e+00 8.726931171870669912e-01
9.300000000000000711e+00 8.731337350382003537e-01
9.310000000000000497e+00 8.735719026825533584e-01
9.320000000000000284e+00 8.740076228320808882e-01
9.330000000000000071e+00 8.744408985048321981e-01
9.339999999999999858e+00 8.748717330238279244e-01
9.349999999999999645e+00 8.753001300157670084e-01
9.359999999999999432e+00 8.757260934095706384e-01
9.370000000000000995e+00 8.761496274347615465e-01
9.380000000000000782e+00 8.765707366196823225e-01
9.390000000000000568e+00 8.769894257895596290e-01
9.400000000000000355e+00 8.774057000644124305e-01
9.410000000000000142e+00 8.778195648568116738e-01
9.419999999999999929e+00 8.782310258694933092e-01
9.429999999999999716e+00 8.786400890928313112e-01
9.439999999999999503e+00 8.790467608021719226e-01
9.450000000000001066e+00 8.794510475550354478e-01
9.460000000000000853e+00 8.798529561881912597e-01
9.470000000000000639e+00 8.802524938146070177e-01
9.480000000000000426e+00 8.806496678202802020e-01
9.490000000000000213e+00 8.810444858609551844e-01
9.500000000000000000e+00 8.814369558587316078e-01
9.509999999999999787e+00 8.818270859985654075e-01
9.519999999999999574e+00 8.822148847246729098e-01
9.529999999999999361e+00 8.826003607368375636e-01
9.540000000000000924e+00 8.829835229866249691e-01
9.550000000000000711e+00 8.833643806735135273e-01
9.560000000000000497e+00 8.837429432409418251e-01
9.570000000000000284e+00 8.841192203722783027e-01
9.580000000000000071e+00 8.844932219867188694e-01
9.589999999999999858e+00 8.848649582351119092e-01
9.599999999999999645e+00 8.852344394957248896e-01
9.609999999999999432e+00 8.856016763699423588e-01
9.620000000000000995e+00 8.859666796779137599e-01
9.630000000000000782e+00 8.863294604541435140e-01
9.640000000000000568e+00 8.866900299430360288e-01
9.650000000000000355e+00 8.870483995943939659e-01
9.660000000000000142e+00 8.874045810588747640e-01
9.669999999999999929e+00 8.877585861834117464e-01
9.679999999999999716e+00 8.881104270066002560e-01
9.689999999999999503e+00 8.884601157540560346e-01
9.700000000000001066e+00 8.888076648337467356e-01
9.710000000000000853e+00 8.891530868313018976e-01
9.720000000000000639e+00 8.894963945053061538e-01
9.730000000000000426e+00 8.898376007825787859e-01
9.740000000000000213e+00 8.901767187534407322e-01
9.750000000000000000e+00 8.905137616669817069e-01
9.759999999999999787e+00 8.908487429263205470e-01
9.769999999999999574e+00 8.911816760838724427e-01
9.779999999999999361e+00 8.915125748366210523e-01
9.790000000000000924e+00 8.918414530214041624e-01
9.800000000000000711e+00 8.921683246102136700e-01
9.810000000000000497e+00 8.924932037055197664e-01
9.820000000000000284e+00 8.928161045356165504e-01
9.830000000000000071e+00 8.931370414500006127e-01
9.839999999999999858e+00 8.934560289147843726e-01
9.849999999999999645e+00 8.937730815081480484e-01
9.859999999999999432e+00 8.940882139158383701e-01
9.870000000000000995e+00 8.944014409267140309e-01
9.880000000000000782e+00 8.947127774283482049e-01
9.890000000000000568e+00 8.950222384026897959e-01
9.900000000000000355e+00 8.953298389217870801e-01
9.910000000000000142e+00 8.956355941435838464e-01
9.919999999999999929e+00 8.959395193077850372e-01
9.929999999999999716e+00 8.962416297318054337e-01
9.939999999999999503e+00 8.965419408067983875e-01
9.950000000000001066e+00 8.968404679937703738e-01
9.960000000000000853e+00 8.971372268197922439e-01
9.970000000000000639e+00 8.974322328743032928e-01
9.980000000000000426e+00 8.977255018055134705e-01
9.990000000000000213e+00 8.980170493169129520e-01
1.000000000000000000e+01 8.983068911638844023e-01
