0.000000000000000000e+00 0.000000000000000000e+00
1.000000000000000021e-02 -1.871910293438361350e-09
2.000000000000000042e-02 -3.744702159469426306e-09
2.999999999999999889e-02 -5.619005316592762256e-09
4.000000000000000083e-02 -7.495610132579599849e-09
5.000000000000000278e-02 -9.375305864978145109e-09
5.999999999999999778e-02 -1.125890958242337092e-08
7.000000000000000666e-02 -1.314726966183954460e-08
8.000000000000000167e-02 -1.504126778684167220e-08
8.999999999999999667e-02 -1.694182474865080223e-08
1.000000000000000056e-01 -1.884990319389601154e-08
1.100000000000000006e-01 -2.076651141325047689e-08
1.199999999999999956e-01 -2.269270527044398023e-08
1.300000000000000044e-01 -2.462959003413089931e-08
1.400000000000000133e-01 -2.657832109953517374e-08
1.499999999999999944e-01 -2.854010422437269767e-08
1.600000000000000033e-01 -3.051619418270590245e-08
1.700000000000000122e-01 -3.250789376574303446e-08
1.799999999999999933e-01 -3.451655045116908127e-08
1.900000000000000022e-01 -3.654355440474432726e-08
2.000000000000000111e-01 -3.859033287367807930e-08
2.099999999999999922e-01 -4.065834686983738067e-08
2.200000000000000011e-01 -4.274908445289771208e-08
2.300000000000000100e-01 -4.486405560943929061e-08
2.399999999999999911e-01 -4.700478473118607781e-08
2.500000000000000000e-01 -4.917280455041250775e-08
2.600000000000000089e-01 -5.136964748020389493e-08
2.700000000000000178e-01 -5.359683846739571322e-08
2.800000000000000266e-01 -5.585588686018994053e-08
2.899999999999999800e-01 -5.814827802597122286e-08
2.999999999999999889e-01 -6.047546530218994576e-08
3.099999999999999978e-01 -6.283886178071185213e-08
3.200000000000000067e-01 -6.523983223788443198e-08
3.300000000000000155e-01 -6.767968567522597567e-08
3.400000000000000244e-01 -7.015966768664227970e-08
3.500000000000000333e-01 -7.268095386647743794e-08
3.599999999999999867e-01 -7.524464301633670971e-08
3.699999999999999956e-01 -7.785175182295489549e-08
3.800000000000000044e-01 -8.050320959851475777e-08
3.900000000000000133e-01 -8.319985345117686393e-08
4.000000000000000222e-01 -8.594242573156662957e-08
4.100000000000000311e-01 -8.873157036903833728e-08
4.199999999999999845e-01 -9.156783126185175092e-08
4.299999999999999933e-01 -9.445165184912909795e-08
4.400000000000000022e-01 -9.738337430897914260e-08
4.500000000000000111e-01 -1.003632408846932833e-07
4.600000000000000200e-01 -1.033913950565512607e-07
4.700000000000000289e-01 -1.064678852302769485e-07
4.799999999999999822e-01 -1.095926666083713030e-07
4.899999999999999911e-01 -1.127656069077609402e-07
5.000000000000000000e-01 -1.159864905786456291e-07
5.100000000000000089e-01 -1.192550241890799612e-07
5.200000000000000178e-01 -1.225708429475336203e-07
5.300000000000000266e-01 -1.259335179609744060e-07
5.400000000000000355e-01 -1.293425625770172616e-07
5.500000000000000444e-01 -1.327974402665077491e-07
5.600000000000000533e-01 -1.362975724505943731e-07
5.700000000000000622e-01 -1.398423460918785111e-07
5.799999999999999600e-01 -1.434311221459871888e-07
5.899999999999999689e-01 -1.470632426392448622e-07
5.999999999999999778e-01 -1.507380394949464630e-07
6.099999999999999867e-01 -1.544548408616286395e-07
6.199999999999999956e-01 -1.582129785515640208e-07
6.300000000000000044e-01 -1.620117947853660922e-07
6.400000000000000133e-01 -1.658506481455601644e-07
6.500000000000000222e-01 -1.697289186836092867e-07
6.600000000000000311e-01 -1.736460129575512212e-07
6.700000000000000400e-01 -1.776013677234900001e-07
6.800000000000000488e-01 -1.815944530858537576e-07
6.900000000000000577e-01 -1.856247742737515694e-07
7.000000000000000666e-01 -1.896918732646746264e-07
7.099999999999999645e-01 -1.937953288955185371e-07
7.199999999999999734e-01 -1.979347565295164202e-07
7.299999999999999822e-01 -2.021098055027259477e-07
7.399999999999999911e-01 -2.063201575419615352e-07
7.500000000000000000e-01 -2.105655223655356068e-07
7.600000000000000089e-01 -2.148456338391113718e-07
7.700000000000000178e-01 -2.191602443413209755e-07
7.800000000000000266e-01 -2.235091186020277121e-07
7.900000000000000355e-01 -2.278920271381323914e-07
8.000000000000000444e-01 -2.323087384681343792e-07
8.100000000000000533e-01 -2.367590110630146683e-07
8.200000000000000622e-01 -2.412425853526301012e-07
8.300000000000000711e-01 -2.457591732896169390e-07
8.399999999999999689e-01 -2.503084507166075667e-07
8.499999999999999778e-01 -2.548900471799342426e-07
8.599999999999999867e-01 -2.595035363105874238e-07
8.699999999999999956e-01 -2.641484265764049155e-07
8.800000000000000044e-01 -2.688241518278289277e-07
8.900000000000000133e-01 -2.735300621004022048e-07
9.000000000000000222e-01 -2.782654152655439361e-07
9.100000000000000311e-01 -2.830293678868223139e-07
9.200000000000000400e-01 -2.878209686141275370e-07
9.300000000000000488e-01 -2.926391497459768232e-07
9.400000000000000577e-01 -2.974827215673769842e-07
9.500000000000000666e-01 -3.023503664378868194e-07
9.599999999999999645e-01 -3.072406337262245657e-07
9.699999999999999734e-01 -3.121519361395930225e-07
9.799999999999999822e-01 -3.170825461362714037e-07
9.899999999999999911e-01 -3.220305940243584075e-07
1.000000000000000000e+00 -3.269940663241932555e-07
1.010000000000000009e+00 -3.319708057891723740e-07
1.020000000000000018e+00 -3.369585115930995300e-07
1.030000000000000027e+00 -3.419547411898093969e-07
1.040000000000000036e+00 -3.469569112568571256e-07
1.050000000000000044e+00 -3.519623025804996530e-07
1.060000000000000053e+00 -3.569680624426752047e-07
1.070000000000000062e+00 -3.619712093741456194e-07
1.080000000000000071e+00 -3.669686379770276119e-07
1.090000000000000080e+00 -3.719571246008079868e-07
1.100000000000000089e+00 -3.769333330461144271e-07
1.110000000000000098e+00 -3.818938202893029654e-07
1.120000000000000107e+00 -3.868350438307466277e-07
1.130000000000000115e+00 -3.917533665243055907e-07
1.140000000000000124e+00 -3.966450642378660518e-07
1.150000000000000133e+00 -4.015063317930334108e-07
1.159999999999999920e+00 -4.063332885162473929e-07
1.169999999999999929e+00 -4.111219848723646209e-07
1.179999999999999938e+00 -4.158684072524954090e-07
1.189999999999999947e+00 -4.205684829977629491e-07
1.199999999999999956e+00 -4.252180850206066509e-07
1.209999999999999964e+00 -4.298130357738294549e-07
1.219999999999999973e+00 -4.343491101232999085e-07
1.229999999999999982e+00 -4.388220384843322108e-07
1.239999999999999991e+00 -4.432275085841652640e-07
1.250000000000000000e+00 -4.475611667387191517e-07
1.260000000000000009e+00 -4.518186187407735588e-07
1.270000000000000018e+00 -4.559954299987456494e-07
1.280000000000000027e+00 -4.600871250648452815e-07
1.290000000000000036e+00 -4.640891865820978568e-07
1.300000000000000044e+00 -4.679970541654476790e-07
1.310000000000000053e+00 -4.718061224484593197e-07
1.320000000000000062e+00 -4.755117393728802710e-07
1.330000000000000071e+00 -4.791092038103350603e-07
1.340000000000000080e+00 -4.825937636177002332e-07
1.350000000000000089e+00 -4.859606134721694559e-07
1.360000000000000098e+00 -4.892048930393855244e-07
1.370000000000000107e+00 -4.923216853636169787e-07
1.380000000000000115e+00 -4.953060156742683517e-07
1.390000000000000124e+00 -4.981528515107802590e-07
1.400000000000000133e+00 -5.008571022091512503e-07
1.409999999999999920e+00 -5.034136202897165902e-07
1.419999999999999929e+00 -5.058172034000385509e-07
1.429999999999999938e+00 -5.080625975484309720e-07
1.439999999999999947e+00 -5.101445009203509073e-07
1.449999999999999956e+00 -5.120575697903362311e-07
1.459999999999999964e+00 -5.137964249057880295e-07
1.469999999999999973e+00 -5.153556590364871681e-07
1.479999999999999982e+00 -5.167298476882464797e-07
1.489999999999999991e+00 -5.179135585398064734e-07
1.500000000000000000e+00 -5.189013646614282216e-07
1.510000000000000009e+00 -5.196878573032748250e-07
1.520000000000000018e+00 -5.202676613413892426e-07
1.530000000000000027e+00 -5.206354511955169073e-07
1.540000000000000036e+00 -5.207859681277682284e-07
1.550000000000000044e+00 -5.207140393315157212e-07
1.560000000000000053e+00 -5.204145965831408205e-07
1.570000000000000062e+00 -5.198826969476932902e-07
1.580000000000000071e+00 -5.191135450388628669e-07
1.590000000000000080e+00 -5.181025129474825519e-07
1.600000000000000089e+00 -5.168451639447901869e-07
1.610000000000000098e+00 -5.153372745099471519e-07
1.620000000000000107e+00 -5.135748572249188015e-07
1.630000000000000115e+00 -5.115541834022074852e-07
1.640000000000000124e+00 -5.092718056154410533e-07
1.650000000000000133e+00 -5.067245797962804943e-07
1.660000000000000142e+00 -5.039096869774439824e-07
1.669999999999999929e+00 -5.008246541926553164e-07
1.679999999999999938e+00 -4.974673747937252699e-07
1.689999999999999947e+00 -4.938361270467872544e-07
1.699999999999999956e+00 -4.899295926452662542e-07
1.709999999999999964e+00 -4.857468731689351671e-07
1.719999999999999973e+00 -4.812875058005094964e-07
1.729999999999999982e+00 -4.765514771132295380e-07
1.739999999999999991e+00 -4.715392355469916197e-07
1.750000000000000000e+00 -4.662517024134338328e-07
1.760000000000000009e+00 -4.606902807569035474e-07
1.770000000000000018e+00 -4.548568633966354469e-07
1.780000000000000027e+00 -4.487538389219558610e-07
1.790000000000000036e+00 -4.423840950229518398e-07
1.800000000000000044e+00 -4.357510214325621689e-07
1.810000000000000053e+00 -4.288585110090448183e-07
1.820000000000000062e+00 -4.217109581955424957e-07
1.830000000000000071e+00 -4.143132568412699612e-07
1.840000000000000080e+00 -4.066707959271553818e-07
1.850000000000000089e+00 -3.987894539592140575e-07
1.860000000000000098e+00 -3.906755915994430950e-07
1.870000000000000107e+00 -3.823360431032263307e-07
1.880000000000000115e+00 -3.737781067991718942e-07
1.890000000000000124e+00 -3.650095323770585765e-07
1.900000000000000133e+00 -3.560385098966278861e-07
1.910000000000000142e+00 -3.468736546330397630e-07
1.919999999999999929e+00 -3.375239930603068927e-07
1.929999999999999938e+00 -3.279989456549808891e-07
1.939999999999999947e+00 -3.183083104735251467e-07
1.949999999999999956e+00 -3.084622444970985811e-07
1.959999999999999964e+00 -2.984712442755110828e-07
1.969999999999999973e+00 -2.883461258096353674e-07
1.979999999999999982e+00 -2.780980032368596255e-07
1.989999999999999991e+00 -2.677382663907046378e-07
2.000000000000000000e+00 -2.572785582355407996e-07
2.010000000000000231e+00 -2.467307502196369740e-07
2.020000000000000018e+00 -2.361069179612762525e-07
2.030000000000000249e+00 -2.254193152001482403e-07
2.040000000000000036e+00 -2.146803475544523110e-07
2.049999999999999822e+00 -2.039025447653219913e-07
2.060000000000000053e+00 -1.930985329412493456e-07
2.069999999999999840e+00 -1.822810055118750938e-07
2.080000000000000071e+00 -1.714626939319785492e-07
2.089999999999999858e+00 -1.606563369005442610e-07
2.100000000000000089e+00 -1.498746510786297392e-07
2.109999999999999876e+00 -1.391302978936970192e-07
2.120000000000000107e+00 -1.284358534525686935e-07
2.129999999999999893e+00 -1.178037760118932908e-07
2.140000000000000124e+00 -1.072463740453555303e-07
2.149999999999999911e+00 -9.677577358924160933e-08
2.160000000000000142e+00 -8.640388649006069954e-08
2.169999999999999929e+00 -7.614237812481050582e-08
2.180000000000000160e+00 -6.600263552369867170e-08
2.189999999999999947e+00 -5.599573627002030207e-08
2.200000000000000178e+00 -4.613241771922460543e-08
2.209999999999999964e+00 -3.642304730044898520e-08
2.220000000000000195e+00 -2.687759265151967725e-08
2.229999999999999982e+00 -1.750559475155455402e-08
2.240000000000000213e+00 -8.316140442943265043e-09
2.250000000000000000e+00 6.821626406111613861e-10
2.260000000000000231e+00 9.481209845008109482e-09
2.270000000000000018e+00 1.807342181470161790e-08
2.280000000000000249e+00 2.645176444548980044e-08
2.290000000000000036e+00 3.460976794045222960e-08
2.300000000000000266e+00 4.254154278848787385e-08
2.310000000000000053e+00 5.024179394741423721e-08
2.319999999999999840e+00 5.770583350050983995e-08
2.330000000000000071e+00 6.492958976034302054e-08
2.339999999999999858e+00 7.190961590075595211e-08
2.350000000000000089e+00 7.864309459204577024e-08
2.359999999999999876e+00 8.512784125530581392e-08
2.370000000000000107e+00 9.136230497142072693e-08
2.379999999999999893e+00 9.734556710716546490e-08
2.390000000000000124e+00 1.030773373877913457e-07
2.399999999999999911e+00 1.085579487414278788e-07
2.410000000000000142e+00 1.137883488544488841e-07
2.419999999999999929e+00 1.187700919280665346e-07
2.430000000000000160e+00 1.235053255221885138e-07
2.439999999999999947e+00 1.279967785094981991e-07
2.450000000000000178e+00 1.322477467813332197e-07
2.459999999999999964e+00 1.362620761606592179e-07
2.470000000000000195e+00 1.400441459603607441e-07
2.479999999999999982e+00 1.435988502274110346e-07
2.490000000000000213e+00 1.469315784596858521e-07
2.500000000000000000e+00 1.500481952576571132e-07
2.510000000000000231e+00 1.529550197609808038e-07
2.520000000000000018e+00 1.556588037909811817e-07
2.530000000000000249e+00 1.581667103400796748e-07
2.540000000000000036e+00 1.604862911452897833e-07
2.550000000000000266e+00 1.626254648168234951e-07
2.560000000000000053e+00 1.645924935372855558e-07
2.569999999999999840e+00 1.663959614574272994e-07
2.580000000000000071e+00 1.680447519192274086e-07
2.589999999999999858e+00 1.695480252306147406e-07
2.600000000000000089e+00 1.709151971618361188e-07
2.609999999999999876e+00 1.721559161338426236e-07
2.620000000000000107e+00 1.732800425924274634e-07
2.629999999999999893e+00 1.742976273866325698e-07
2.640000000000000124e+00 1.752188911186003395e-07
2.649999999999999911e+00 1.760542029383138640e-07
2.660000000000000142e+00 1.768140604208046085e-07
2.669999999999999929e+00 1.775090697070380585e-07
2.680000000000000160e+00 1.781499251174434306e-07
2.689999999999999947e+00 1.787473898340330436e-07
2.700000000000000178e+00 1.793122762494547828e-07
2.709999999999999964e+00 1.798554264964558058e-07
2.720000000000000195e+00 1.803876934491910333e-07
2.729999999999999982e+00 1.809199213775869453e-07
2.740000000000000213e+00 1.814629272400836157e-07
2.750000000000000000e+00 1.820274804775756650e-07
2.760000000000000231e+00 1.826242859714888311e-07
2.770000000000000018e+00 1.832639629495425027e-07
2.780000000000000249e+00 1.839570274598384403e-07
2.790000000000000036e+00 1.847138727806285630e-07
2.800000000000000266e+00 1.855447505361151883e-07
2.810000000000000053e+00 1.864597516387789256e-07
2.819999999999999840e+00 1.874687879377390232e-07
2.830000000000000071e+00 1.885815733015938633e-07
2.839999999999999858e+00 1.898076046336072409e-07
2.850000000000000089e+00 1.911561444134513010e-07
2.859999999999999876e+00 1.926362018789262720e-07
2.870000000000000107e+00 1.942565159007703102e-07
2.879999999999999893e+00 1.960255375244024378e-07
2.890000000000000124e+00 1.979514133200466208e-07
2.899999999999999911e+00 2.000419692393951010e-07
2.910000000000000142e+00 2.023046953292251260e-07
2.919999999999999929e+00 2.047467306254269204e-07
2.930000000000000160e+00 2.073748499031857762e-07
2.939999999999999947e+00 2.101954506561476421e-07
2.950000000000000178e+00 2.132145410227437310e-07
2.959999999999999964e+00 2.164377292945829367e-07
2.970000000000000195e+00 2.198702141464892179e-07
2.979999999999999982e+00 2.235167771424961813e-07
2.990000000000000213e+00 2.273817744646855488e-07
3.000000000000000000e+00 2.314691324445394827e-07
3.010000000000000231e+00 2.357823428722483072e-07
3.020000000000000018e+00 2.403244601656417956e-07
3.030000000000000249e+00 2.450981005375219013e-07
3.040000000000000036e+00 2.501054415793291241e-07
3.050000000000000266e+00 2.553482240652549251e-07
3.060000000000000053e+00 2.608277556159777077e-07
3.070000000000000284e+00 2.665449144179099505e-07
3.080000000000000071e+00 2.725001556624917498e-07
3.089999999999999858e+00 2.786935183740624211e-07
3.100000000000000089e+00 2.851246345969560281e-07
3.109999999999999876e+00 2.917927385270857599e-07
3.120000000000000107e+00 2.986966778084632068e-07
3.129999999999999893e+00 3.058349252738068458e-07
3.140000000000000124e+00 3.132055920174181551e-07
3.149999999999999911e+00 3.208064410786803933e-07
3.160000000000000142e+00 3.286349014586242845e-07
3.169999999999999929e+00 3.366880848565401152e-07
3.180000000000000160e+00 3.449627994367432393e-07
3.189999999999999947e+00 3.534555669260086574e-07
3.200000000000000178e+00 3.621626389060939033e-07
3.209999999999999964e+00 3.710800133924913036e-07
3.220000000000000195e+00 3.802034514166496848e-07
3.229999999999999982e+00 3.895284935995224629e-07
3.240000000000000213e+00 3.990504768291991411e-07
3.250000000000000000e+00 4.087645504302628297e-07
3.260000000000000231e+00 4.186656920590614561e-07
3.270000000000000018e+00 4.287487231358078077e-07
3.280000000000000249e+00 4.390083244154574516e-07
3.290000000000000036e+00 4.494390500875411476e-07
3.300000000000000266e+00 4.600353414596636270e-07
3.310000000000000053e+00 4.707915409601914902e-07
3.320000000000000284e+00 4.817019044547898865e-07
3.330000000000000071e+00 4.927606130078476809e-07
3.339999999999999858e+00 5.039617844704302740e-07
3.350000000000000089e+00 5.152994835833091258e-07
3.359999999999999876e+00 5.267677322118302641e-07
3.370000000000000107e+00 5.383605181097372849e-07
3.379999999999999893e+00 5.500718037176888231e-07
3.390000000000000124e+00 5.618955339348197242e-07
3.399999999999999911e+00 5.738256428355903438e-07
3.410000000000000142e+00 5.858560611637919635e-07
3.419999999999999929e+00 5.979807220363175801e-07
3.430000000000000160e+00 6.101935665428492861e-07
3.439999999999999947e+00 6.224885495120791035e-07
3.450000000000000178e+00 6.348596444105680803e-07
3.459999999999999964e+00 6.473008478113939645e-07
3.470000000000000195e+00 6.598061841889268919e-07
3.479999999999999982e+00 6.723697108523829513e-07
3.490000000000000213e+00 6.849855213597599857e-07
3.500000000000000000e+00 6.976477504028189003e-07
3.510000000000000231e+00 7.103505782479757613e-07
3.520000000000000018e+00 7.230882352327050455e-07
3.530000000000000249e+00 7.358550058178536801e-07
3.540000000000000036e+00 7.486452344059035813e-07
3.550000000000000266e+00 7.614533293898162469e-07
3.560000000000000053e+00 7.742737687665979252e-07
3.570000000000000284e+00 7.871011060700539019e-07
3.580000000000000071e+00 7.999299751482169540e-07
3.589999999999999858e+00 8.127550973346941987e-07
3.600000000000000089e+00 8.255712870552933680e-07
3.609999999999999876e+00 8.383734584338498053e-07
3.620000000000000107e+00 8.511566331192987889e-07
3.629999999999999893e+00 8.639159456980127771e-07
3.640000000000000124e+00 8.766466524923188786e-07
3.649999999999999911e+00 8.893441384646982861e-07
3.660000000000000142e+00 9.020039245799527095e-07
3.669999999999999929e+00 9.146216759514658179e-07
3.680000000000000160e+00 9.271932090437751128e-07
3.689999999999999947e+00 9.397144998257722648e-07
3.700000000000000178e+00 9.521816909940916673e-07
3.709999999999999964e+00 9.645911000499829413e-07
3.720000000000000195e+00 9.769392250724706628e-07
3.729999999999999982e+00 9.892227541552500725e-07
3.740000000000000213e+00 1.001438569653290145e-06
3.750000000000000000e+00 1.013583755898883609e-06
3.760000000000000231e+00 1.025655604804803778e-06
3.770000000000000018e+00 1.037651620836022026e-06
3.780000000000000249e+00 1.049569526345717208e-06
3.790000000000000036e+00 1.061407265190439375e-06
3.800000000000000266e+00 1.073163007070387920e-06
3.810000000000000053e+00 1.084835149545160249e-06
3.820000000000000284e+00 1.096422320545631379e-06
3.830000000000000071e+00 1.107923379983777323e-06
3.839999999999999858e+00 1.119337419919208543e-06
3.850000000000000089e+00 1.130663764559169948e-06
3.859999999999999876e+00 1.141901968870762119e-06
3.870000000000000107e+00 1.153051817283368141e-06
3.879999999999999893e+00 1.164113320281656705e-06
3.890000000000000124e+00 1.175086711380224358e-06
3.899999999999999911e+00 1.185972442419025441e-06
3.910000000000000142e+00 1.196771178435529492e-06
3.919999999999999929e+00 1.207483792231567321e-06
3.930000000000000160e+00 1.218111356504625320e-06
3.939999999999999947e+00 1.228655137575085377e-06
3.950000000000000178e+00 1.239116586615462978e-06
3.959999999999999964e+00 1.249497331101689923e-06
3.970000000000000195e+00 1.259799165764796669e-06
3.979999999999999982e+00 1.270024042099304751e-06
3.990000000000000213e+00 1.280174058690408678e-06
4.000000000000000000e+00 1.290251450042356751e-06
4.009999999999999787e+00 1.300258575809287720e-06
4.020000000000000462e+00 1.310197908943599998e-06
4.030000000000000249e+00 1.320072024857399384e-06
4.040000000000000036e+00 1.329883588474523037e-06
4.049999999999999822e+00 1.339635344210776680e-06
4.060000000000000497e+00 1.349330101874102184e-06
4.070000000000000284e+00 1.358970726839103804e-06
4.080000000000000071e+00 1.368560127140705518e-06
4.089999999999999858e+00 1.378101242607843169e-06
4.099999999999999645e+00 1.387597033115917089e-06
4.110000000000000320e+00 1.397050468060490047e-06
4.120000000000000107e+00 1.406464515629757273e-06
4.129999999999999893e+00 1.415842132701516931e-06
4.139999999999999680e+00 1.425186254677690556e-06
4.150000000000000355e+00 1.434499787233978196e-06
4.160000000000000142e+00 1.443785597077251737e-06
4.169999999999999929e+00 1.453046504118482574e-06
4.179999999999999716e+00 1.462285273923225049e-06
4.190000000000000391e+00 1.471504611633145387e-06
4.200000000000000178e+00 1.480707155221416826e-06
4.209999999999999964e+00 1.489895470760393970e-06
4.219999999999999751e+00 1.499072047606020419e-06
4.230000000000000426e+00 1.508239294623070492e-06
4.240000000000000213e+00 1.517399537243058205e-06
4.250000000000000000e+00 1.526555014508268471e-06
4.259999999999999787e+00 1.535707878252967618e-06
4.270000000000000462e+00 1.544860191493580004e-06
4.280000000000000249e+00 1.554013927929087657e-06
4.290000000000000036e+00 1.563170973051253299e-06
4.299999999999999822e+00 1.572333124311153796e-06
4.310000000000000497e+00 1.581502092645736823e-06
4.320000000000000284e+00 1.590679505010517136e-06
4.330000000000000071e+00 1.599866906162872304e-06
4.339999999999999858e+00 1.609065761853933907e-06
4.350000000000000533e+00 1.618277461978845366e-06
4.360000000000000320e+00 1.627503323831103188e-06
4.370000000000000107e+00 1.636744596522632378e-06
4.379999999999999893e+00 1.646002463495666035e-06
4.389999999999999680e+00 1.655278048073860475e-06
4.400000000000000355e+00 1.664572416237852792e-06
4.410000000000000142e+00 1.673886581288197561e-06
4.419999999999999929e+00 1.683221507176035914e-06
4.429999999999999716e+00 1.692578112222342668e-06
4.440000000000000391e+00 1.701957272746967842e-06
4.450000000000000178e+00 1.711359825906644261e-06
4.459999999999999964e+00 1.720786572234622724e-06
4.469999999999999751e+00 1.730238278374596206e-06
4.480000000000000426e+00 1.739715677906428226e-06
4.490000000000000213e+00 1.749219473767826827e-06
4.500000000000000000e+00 1.758750337865766511e-06
4.509999999999999787e+00 1.768308911131999395e-06
4.520000000000000462e+00 1.777895803911633266e-06
4.530000000000000249e+00 1.787511592798995963e-06
4.540000000000000036e+00 1.797156820471101923e-06
4.549999999999999822e+00 1.806831991820953554e-06
4.560000000000000497e+00 1.816537570836773696e-06
4.570000000000000284e+00 1.826273976435199842e-06
4.580000000000000071e+00 1.836041577607527842e-06
4.589999999999999858e+00 1.845840688075028879e-06
4.600000000000000533e+00 1.855671560357929906e-06
4.610000000000000320e+00 1.865534378253652648e-06
4.620000000000000107e+00 1.875429250952631577e-06
4.629999999999999893e+00 1.885356204378574319e-06
4.639999999999999680e+00 1.895315173250367025e-06
4.650000000000000355e+00 1.905305993199490899e-06
4.660000000000000142e+00 1.915328391409454323e-06
4.669999999999999929e+00 1.925381978296059060e-06
4.679999999999999716e+00 1.935466238139893491e-06
4.690000000000000391e+00 1.945580520523737533e-06
4.700000000000000178e+00 1.955724031332817248e-06
4.709999999999999964e+00 1.965895824018737414e-06
4.719999999999999751e+00 1.976094791356075575e-06
4.730000000000000426e+00 1.986319657532042982e-06
4.740000000000000213e+00 1.996568970707990331e-06
4.750000000000000000e+00 2.006841096247047318e-06
4.759999999999999787e+00 2.017134210358095814e-06
4.770000000000000462e+00 2.027446294766699353e-06
4.780000000000000249e+00 2.037775132572583470e-06
4.790000000000000036e+00 2.048118304315282856e-06
4.799999999999999822e+00 2.058473185684306372e-06
4.810000000000000497e+00 2.068836946145236055e-06
4.820000000000000284e+00 2.079206548710743618e-06
4.830000000000000071e+00 2.089578750696929887e-06
4.839999999999999858e+00 2.099950106193571031e-06
4.850000000000000533e+00 2.110316970005410298e-06
4.860000000000000320e+00 2.120675501759983206e-06
4.870000000000000107e+00 2.131021672319155513e-06
4.879999999999999893e+00 2.141351271411906509e-06
4.889999999999999680e+00 2.151659916453663168e-06
4.900000000000000355e+00 2.161943062448101749e-06
4.910000000000000142e+00 2.172196013394689373e-06
4.919999999999999929e+00 2.182413934570526237e-06
4.929999999999999716e+00 2.192591866401194522e-06
4.940000000000000391e+00 2.202724739330808035e-06
4.950000000000000178e+00 2.212807388490833915e-06
4.959999999999999964e+00 2.222834571241616430e-06
4.969999999999999751e+00 2.232800984269811551e-06
4.980000000000000426e+00 2.242701280963377286e-06
4.990000000000000213e+00 2.252530090701698740e-06
5.000000000000000000e+00 2.262282036938345620e-06
5.009999999999999787e+00 2.271952052913805975e-06
5.020000000000000462e+00 2.281534200287982372e-06
5.030000000000000249e+00 2.291023517675405685e-06
5.040000000000000036e+00 2.300414791545080107e-06
5.049999999999999822e+00 2.309702902159038729e-06
5.060000000000000497e+00 2.318882838303615301e-06
5.070000000000000284e+00 2.327949713110122332e-06
5.080000000000000071e+00 2.336898783705798621e-06
5.089999999999999858e+00 2.345725465813242039e-06
5.100000000000000533e+00 2.354425350431510466e-06
5.110000000000000320e+00 2.362994218435554572e-06
5.120000000000000107e+00 2.371428053794377017e-06
5.129999999999999893e+00 2.379723055945248689e-06
5.139999999999999680e+00 2.387875650960991081e-06
5.150000000000000355e+00 2.395882501005086596e-06
5.160000000000000142e+00 2.403740512468832691e-06
5.169999999999999929e+00 2.411446843209041901e-06
5.179999999999999716e+00 2.418998906295044549e-06
5.190000000000000391e+00 2.426394375476537135e-06
5.200000000000000178e+00 2.433631185516649253e-06
5.209999999999999964e+00 2.440707533080122005e-06
5.219999999999999751e+00 2.447621876039418609e-06
5.230000000000000426e+00 2.454372930324466573e-06
5.240000000000000213e+00 2.460959665578910105e-06
5.250000000000000000e+00 2.467381299886550750e-06
5.259999999999999787e+00 2.473637292610408878e-06
5.270000000000000462e+00 2.479727336412995697e-06
5.280000000000000249e+00 2.485651347527984001e-06
5.290000000000000036e+00 2.491409455351867308e-06
5.299999999999999822e+00 2.497001991674796528e-06
5.310000000000000497e+00 2.502429478024037479e-06
5.320000000000000284e+00 2.507692612729872650e-06
5.330000000000000071e+00 2.512792257797213935e-06
5.339999999999999858e+00 2.517729425555170764e-06
5.350000000000000533e+00 2.522505264446195383e-06
5.360000000000000320e+00 2.527121045203806204e-06
5.370000000000000107e+00 2.531578147030311143e-06
5.379999999999999893e+00 2.535878043996575570e-06
5.389999999999999680e+00 2.540022292052412922e-06
5.400000000000000355e+00 2.544012516592086826e-06
5.410000000000000142e+00 2.547850400158591100e-06
5.419999999999999929e+00 2.551537671868775448e-06
5.429999999999999716e+00 2.555076096977249023e-06
5.440000000000000391e+00 2.558467468272151990e-06
5.450000000000000178e+00 2.561713598109305323e-06
5.459999999999999964e+00 2.564816311615564226e-06
5.469999999999999751e+00 2.567777441744856226e-06
5.480000000000000426e+00 2.570598825357706119e-06
5.490000000000000213e+00 2.573282300688539692e-06
5.500000000000000000e+00 2.575829706419341392e-06
5.509999999999999787e+00 2.578242882134151870e-06
5.520000000000000462e+00 2.580523670303591643e-06
5.530000000000000249e+00 2.582673919171440957e-06
5.540000000000000036e+00 2.584695487972687999e-06
5.549999999999999822e+00 2.586590252207088270e-06
5.560000000000000497e+00 2.588360111521748053e-06
5.570000000000000284e+00 2.590006997121863108e-06
5.580000000000000071e+00 2.591532881547620182e-06
5.589999999999999858e+00 2.592939788437220727e-06
5.600000000000000533e+00 2.594229803365433185e-06
5.610000000000000320e+00 2.595405085348279073e-06
5.620000000000000107e+00 2.596467878090980008e-06
5.629999999999999893e+00 2.597420522387761110e-06
5.639999999999999680e+00 2.598265467779192761e-06
5.650000000000000355e+00 2.599005284931177329e-06
5.660000000000000142e+00 2.599642676404112507e-06
5.669999999999999929e+00 2.600180488088188469e-06
5.679999999999999716e+00 2.600621719556217570e-06
5.690000000000000391e+00 2.600969533396446653e-06
5.700000000000000178e+00 2.601227263518413046e-06
5.709999999999999964e+00 2.601398422508172104e-06
5.719999999999999751e+00 2.601486707443090296e-06
5.730000000000000426e+00 2.601496003784564692e-06
5.740000000000000213e+00 2.601430389215231287e-06
5.750000000000000000e+00 2.601294132542619764e-06
5.759999999999999787e+00 2.601091694864887671e-06
5.770000000000000462e+00 2.600827725240950627e-06
5.780000000000000249e+00 2.600507056693679431e-06
5.790000000000000036e+00 2.600134698382827736e-06
5.799999999999999822e+00 2.599715827528159551e-06
5.810000000000000497e+00 2.599255778078235490e-06
5.820000000000000284e+00 2.598760027477942103e-06
5.830000000000000071e+00 2.598234181805381127e-06
5.839999999999999858e+00 2.597683958993624032e-06
5.850000000000000533e+00 2.597115169922226130e-06
5.860000000000000320e+00 2.596533698051572969e-06
5.870000000000000107e+00 2.595945477468220020e-06
5.879999999999999893e+00 2.595356469181631098e-06
5.889999999999999680e+00 2.594772636921316433e-06
5.900000000000000355e+00 2.594199921157613886e-06
5.910000000000000142e+00 2.593644212442458574e-06
5.919999999999999929e+00 2.593111324175959020e-06
5.929999999999999716e+00 2.592606964973986905e-06
5.940000000000000391e+00 2.592136710749537443e-06
5.950000000000000178e+00 2.591705976717761928e-06
5.959999999999999964e+00 2.591319990030704901e-06
5.969999999999999751e+00 2.590983762207343943e-06
5.980000000000000426e+00 2.590702063487437812e-06
5.990000000000000213e+00 2.590479396380462873e-06
6.000000000000000000e+00 2.590319972461951892e-06
6.009999999999999787e+00 2.590227688892277058e-06
6.020000000000000462e+00 2.590206107599968277e-06
6.030000000000000249e+00 2.590258435568315587e-06
6.040000000000000036e+00 2.590387507717117899e-06
6.049999999999999822e+00 2.590595771345682863e-06
6.060000000000000497e+00 2.590885273379139875e-06
6.070000000000000284e+00 2.591257649564582266e-06
6.080000000000000071e+00 2.591714116428889270e-06
6.089999999999999858e+00 2.592255465672099746e-06
6.100000000000000533e+00 2.592882061169810015e-06
6.110000000000000320e+00 2.593593838640106952e-06
6.120000000000000107e+00 2.594390307752991731e-06
6.129999999999999893e+00 2.595270557709250525e-06
6.140000000000000568e+00 2.596233263291169990e-06
6.150000000000000355e+00 2.597276695992523088e-06
6.160000000000000142e+00 2.598398735564888540e-06
6.169999999999999929e+00 2.599596884728105906e-06
6.179999999999999716e+00 2.600868285296265014e-06
6.190000000000000391e+00 2.602209737578853321e-06
6.200000000000000178e+00 2.603617719310058476e-06
6.209999999999999964e+00 2.605088408436095904e-06
6.219999999999999751e+00 2.606617705791514084e-06
6.230000000000000426e+00 2.608201259579612241e-06
6.240000000000000213e+00 2.609834489408768832e-06
6.250000000000000000e+00 2.611512613936994853e-06
6.259999999999999787e+00 2.613230675171940298e-06
6.270000000000000462e+00 2.614983565837891710e-06
6.280000000000000249e+00 2.616766055174579719e-06
6.290000000000000036e+00 2.618572814860886666e-06
6.299999999999999822e+00 2.620398444452831654e-06
6.310000000000000497e+00 2.622237495919499395e-06
6.320000000000000284e+00 2.624084497360179569e-06
6.330000000000000071e+00 2.625933974653715808e-06
6.339999999999999858e+00 2.627780473940521944e-06
6.350000000000000533e+00 2.629618579996773065e-06
6.360000000000000320e+00 2.631442934164507363e-06
6.370000000000000107e+00 2.633248251199260537e-06
6.379999999999999893e+00 2.635029332814786684e-06
6.390000000000000568e+00 2.636781080145311762e-06
6.400000000000000355e+00 2.638498504126118860e-06
6.410000000000000142e+00 2.640176733570420708e-06
6.419999999999999929e+00 2.641811021164564011e-06
6.429999999999999716e+00 2.643396748103210570e-06
6.440000000000000391e+00 2.644929425699160674e-06
6.450000000000000178e+00 2.646404696549087276e-06
6.459999999999999964e+00 2.647818331535933822e-06
6.469999999999999751e+00 2.649166228024801839e-06
6.480000000000000426e+00 2.650444404464491477e-06
6.490000000000000213e+00 2.651648993812682695e-06
6.500000000000000000e+00 2.652776236497511597e-06
6.509999999999999787e+00 2.653822471609945666e-06
6.520000000000000462e+00 2.654784127031906138e-06
6.530000000000000249e+00 2.655657710237679936e-06
6.540000000000000036e+00 2.656439795800658032e-06
6.549999999999999822e+00 2.657127016469917891e-06
6.560000000000000497e+00 2.657716050125102925e-06
6.570000000000000284e+00 2.658203610061971034e-06
6.580000000000000071e+00 2.658586433612608602e-06
6.589999999999999858e+00 2.658861272042400969e-06
6.600000000000000533e+00 2.659024881238036819e-06
6.610000000000000320e+00 2.659074013144913096e-06
6.620000000000000107e+00 2.659005408078840560e-06
6.629999999999999893e+00 2.658815788314505824e-06
6.640000000000000568e+00 2.658501853380901281e-06
6.650000000000000355e+00 2.658060276161666735e-06
6.660000000000000142e+00 2.657487700952199106e-06
6.669999999999999929e+00 2.656780743681697032e-06
6.679999999999999716e+00 2.655935992079694330e-06
6.690000000000000391e+00 2.654950009728374027e-06
6.700000000000000178e+00 2.653819340225904710e-06
6.709999999999999964e+00 2.652540513792267518e-06
6.719999999999999751e+00 2.651110055502253759e-06
6.730000000000000426e+00 2.649524494968691357e-06
6.740000000000000213e+00 2.647780377507125138e-06
6.750000000000000000e+00 2.645874277173998479e-06
6.759999999999999787e+00 2.643802810675666137e-06
6.770000000000000462e+00 2.641562652561102453e-06
6.780000000000000249e+00 2.639150551597690963e-06
6.790000000000000036e+00 2.636563348590303946e-06
6.799999999999999822e+00 2.633797993367714696e-06
6.810000000000000497e+00 2.630851563961700279e-06
6.820000000000000284e+00 2.627721285397566220e-06
6.830000000000000071e+00 2.624404548387526681e-06
6.839999999999999858e+00 2.620898928523685001e-06
6.850000000000000533e+00 2.617202205040802809e-06
6.860000000000000320e+00 2.613312378774157452e-06
6.870000000000000107e+00 2.609227689964743746e-06
6.879999999999999893e+00 2.604946635287319623e-06
6.890000000000000568e+00 2.600467983004950412e-06
6.900000000000000355e+00 2.595790788206819855e-06
6.910000000000000142e+00 2.590914405242727980e-06
6.919999999999999929e+00 2.585838500657189343e-06
6.929999999999999716e+00 2.580563062071217217e-06
6.940000000000000391e+00 2.575088407522074796e-06
6.950000000000000178e+00 2.569415191645829655e-06
6.959999999999999964e+00 2.563544410361107140e-06
6.969999999999999751e+00 2.557477403852814746e-06
6.980000000000000426e+00 2.551215856905209023e-06
6.990000000000000213e+00 2.544761798228822869e-06
7.000000000000000000e+00 2.538117596706523926e-06
7.009999999999999787e+00 2.531285956397510972e-06
7.020000000000000462e+00 2.524269909098819653e-06
7.030000000000000249e+00 2.517072805741094044e-06
7.040000000000000036e+00 2.509698304870022767e-06
7.049999999999999822e+00 2.502150360877974933e-06
7.060000000000000497e+00 2.494433209097521309e-06
7.070000000000000284e+00 2.486551350558419138e-06
7.080000000000000071e+00 2.478509534803441383e-06
7.089999999999999858e+00 2.470312741920110966e-06
7.100000000000000533e+00 2.461966163103124217e-06
7.110000000000000320e+00 2.453475180963504698e-06
7.120000000000000107e+00 2.444845347837620864e-06
7.129999999999999893e+00 2.436082365775416037e-06
7.140000000000000568e+00 2.427192063447769499e-06
7.150000000000000355e+00 2.418180375163281326e-06
7.160000000000000142e+00 2.409053318885856498e-06
7.169999999999999929e+00 2.399816973759627547e-06
7.179999999999999716e+00 2.390477459091044921e-06
7.190000000000000391e+00 2.381040913129739423e-06
7.200000000000000178e+00 2.371513472543274048e-06
7.209999999999999964e+00 2.361901252356801706e-06
7.219999999999999751e+00 2.352210327294379510e-06
7.230000000000000426e+00 2.342446712988444091e-06
7.240000000000000213e+00 2.332616349576266401e-06
7.250000000000000000e+00 2.322725085102117504e-06
7.259999999999999787e+00 2.312778660751302340e-06
7.270000000000000462e+00 2.302782696778082894e-06
7.280000000000000249e+00 2.292742680334858285e-06
7.290000000000000036e+00 2.282663953710739602e-06
7.299999999999999822e+00 2.272551704415870510e-06
7.310000000000000497e+00 2.262410955800042700e-06
7.320000000000000284e+00 2.252246559586446040e-06
7.330000000000000071e+00 2.242063188828691267e-06
7.339999999999999858e+00 2.231865332436022697e-06
7.350000000000000533e+00 2.221657290524259309e-06
7.360000000000000320e+00 2.211443170085924947e-06
7.370000000000000107e+00 2.201226882825313425e-06
7.379999999999999893e+00 2.191012142355175385e-06
7.390000000000000568e+00 2.180802463058739704e-06
7.400000000000000355e+00 2.170601158882345949e-06
7.410000000000000142e+00 2.160411342766455078e-06
7.419999999999999929e+00 2.150235926590138291e-06
7.429999999999999716e+00 2.140077621060054724e-06
7.440000000000000391e+00 2.129938936112907300e-06
7.450000000000000178e+00 2.119822180957076085e-06
7.459999999999999964e+00 2.109729464627729811e-06
7.469999999999999751e+00 2.099662696208870472e-06
7.480000000000000426e+00 2.089623584278221813e-06
7.490000000000000213e+00 2.079613636907229335e-06
7.500000000000000000e+00 2.069634161633304714e-06
7.509999999999999787e+00 2.059686263683468965e-06
7.520000000000000462e+00 2.049770845349851989e-06
7.530000000000000249e+00 2.039888604032924491e-06
7.540000000000000036e+00 2.030040030270852114e-06
7.549999999999999822e+00 2.020225405241493633e-06
7.560000000000000497e+00 2.010444798028476754e-06
7.570000000000000284e+00 2.000698062054606652e-06
7.580000000000000071e+00 1.990984831889974771e-06
7.589999999999999858e+00 1.981304519393933816e-06
7.600000000000000533e+00 1.971656309385227956e-06
7.610000000000000320e+00 1.962039155534167634e-06
7.620000000000000107e+00 1.952451776143782070e-06
7.629999999999999893e+00 1.942892649896277302e-06
7.640000000000000568e+00 1.933360011210916163e-06
7.650000000000000355e+00 1.923851846580282299e-06
7.660000000000000142e+00 1.914365890531843917e-06
7.669999999999999929e+00 1.904899622207079091e-06
7.679999999999999716e+00 1.895450262523468155e-06
7.690000000000000391e+00 1.886014771412813928e-06
7.700000000000000178e+00 1.876589846516729665e-06
7.709999999999999964e+00 1.867171921188237604e-06
7.719999999999999751e+00 1.857757165546480849e-06
7.730000000000000426e+00 1.848341485893856273e-06
7.740000000000000213e+00 1.838920527630349966e-06
7.750000000000000000e+00 1.829489676773154994e-06
7.759999999999999787e+00 1.820044064543280271e-06
7.770000000000000462e+00 1.810578572125631780e-06
7.780000000000000249e+00 1.801087836816872567e-06
7.790000000000000036e+00 1.791566259456978116e-06
7.799999999999999822e+00 1.782008013373470590e-06
7.810000000000000497e+00 1.772407053457492054e-06
7.820000000000000284e+00 1.762757128320746602e-06
7.830000000000000071e+00 1.753051791786308655e-06
7.839999999999999858e+00 1.743284417182744406e-06
7.850000000000000533e+00 1.733448211263532990e-06
7.860000000000000320e+00 1.723536230575917205e-06
7.870000000000000107e+00 1.713541397843632019e-06
7.879999999999999893e+00 1.703456519924761992e-06
7.890000000000000568e+00 1.693274306269199059e-06
7.900000000000000355e+00 1.682987388340606572e-06
7.910000000000000142e+00 1.672588339551861480e-06
7.919999999999999929e+00 1.662069695984591533e-06
7.930000000000000604e+00 1.651423977178101410e-06
7.940000000000000391e+00 1.640643707778721705e-06
7.950000000000000178e+00 1.629721438523024091e-06
7.959999999999999964e+00 1.618649768664326416e-06
7.969999999999999751e+00 1.607421366671413221e-06
7.980000000000000426e+00 1.596028992280340564e-06
7.990000000000000213e+00 1.584465517290301051e-06
8.000000000000000000e+00 1.572723946297038822e-06
8.009999999999999787e+00 1.560797436850336339e-06
8.019999999999999574e+00 1.548679319229862017e-06
8.029999999999999361e+00 1.536363114451599898e-06
8.040000000000000924e+00 1.523842553530219135e-06
8.050000000000000711e+00 1.511111593077707482e-06
8.060000000000000497e+00 1.498164432345294728e-06
8.070000000000000284e+00 1.484995527517574132e-06
8.080000000000000071e+00 1.471599606020501660e-06
8.089999999999999858e+00 1.457971678600275545e-06
8.099999999999999645e+00 1.444107051121190644e-06
8.109999999999999432e+00 1.430001334290498249e-06
8.120000000000000995e+00 1.415650452751826549e-06
8.130000000000000782e+00 1.401050652438673438e-06
8.140000000000000568e+00 1.386198506980740319e-06
8.150000000000000355e+00 1.371090922408502166e-06
8.160000000000000142e+00 1.355725141094499264e-06
8.169999999999999929e+00 1.340098744029294409e-06
8.179999999999999716e+00 1.324209652292518413e-06
8.189999999999999503e+00 1.308056127136136837e-06
8.199999999999999289e+00 1.291636769130966034e-06
8.210000000000000853e+00 1.274950516133577239e-06
8.220000000000000639e+00 1.257996640580127945e-06
8.230000000000000426e+00 1.240774745614459107e-06
8.240000000000000213e+00 1.223284760765164236e-06
8.250000000000000000e+00 1.205526936443046537e-06
8.259999999999999787e+00 1.187501838251225905e-06
8.269999999999999574e+00 1.169210340601356535e-06
8.279999999999999361e+00 1.150653619941266470e-06
8.290000000000000924e+00 1.131833146927885281e-06
8.300000000000000711e+00 1.112750680293261851e-06
8.310000000000000497e+00 1.093408257046846188e-06
8.320000000000000284e+00 1.073808186431712830e-06
8.330000000000000071e+00 1.053953040952571030e-06
8.339999999999999858e+00 1.033845648645836945e-06
8.349999999999999645e+00 1.013489085155416802e-06
8.359999999999999432e+00 9.928866658293067360e-07
8.370000000000000995e+00 9.720419382741596337e-07
8.380000000000000782e+00 9.509586743616793569e-07
8.390000000000000568e+00 9.296408635672825937e-07
8.400000000000000355e+00 9.080927050875153839e-07
8.410000000000000142e+00 8.863186018726043613e-07
8.419999999999999929e+00 8.643231536736850629e-07
8.429999999999999716e+00 8.421111507214695813e-07
8.439999999999999503e+00 8.196875677518589143e-07
8.449999999999999289e+00 7.970575582327832365e-07
8.460000000000000853e+00 7.742264487853312005e-07
8.470000000000000639e+00 7.511997335285514055e-07
8.480000000000000426e+00 7.279830693818212239e-07
8.490000000000000213e+00 7.045822701945425592e-07
8.500000000000000000e+00 6.810033021942274445e-07
8.509999999999999787e+00 6.572522786574275244e-07
8.519999999999999574e+00 6.333354548582192933e-07
8.529999999999999361e+00 6.092592229334226062e-07
8.540000000000000924e+00 5.850301062829132981e-07
8.550000000000000711e+00 5.606547540115691675e-07
8.560000000000000497e+00 5.361399353642770649e-07
8.570000000000000284e+00 5.114925332172504113e-07
8.580000000000000071e+00 4.867195377289412761e-07
8.589999999999999858e+00 4.618280389778739448e-07
8.599999999999999645e+00 4.368252201625288933e-07
8.609999999999999432e+00 4.117183482477138057e-07
8.620000000000000995e+00 3.865147671922031236e-07
8.630000000000000782e+00 3.612218869020189516e-07
8.640000000000000568e+00 3.358471741821134060e-07
8.650000000000000355e+00 3.103981424390500621e-07
8.660000000000000142e+00 2.848823395796814054e-07
8.669999999999999929e+00 2.593073367279652430e-07
8.679999999999999716e+00 2.336807152225617301e-07
8.689999999999999503e+00 2.080100532375617206e-07
8.700000000000001066e+00 1.823029119329966363e-07
8.710000000000000853e+00 1.565668201197745191e-07
8.720000000000000639e+00 1.308092597018806202e-07
8.730000000000000426e+00 1.050376490230320314e-07
8.740000000000000213e+00 7.925932660191037371e-08
8.750000000000000000e+00 5.348153425677182327e-08
8.759999999999999787e+00 2.771139936963429307e-08
8.769999999999999574e+00 1.955917379448113280e-09
8.779999999999999361e+00 -2.377806664066728359e-08
8.790000000000000924e+00 -4.948387594128078604e-08
8.800000000000000711e+00 -7.515502056798517572e-08
8.810000000000000497e+00 -1.007852157286492911e-07
8.820000000000000284e+00 -1.263684001329146156e-07
8.830000000000000071e+00 -1.518987539084193372e-07
8.839999999999999858e+00 -1.773707163921223184e-07
8.849999999999999645e+00 -2.027790036440713095e-07
8.859999999999999432e+00 -2.281186247121702593e-07
8.870000000000000995e+00 -2.533848985353248651e-07
8.880000000000000782e+00 -2.785734684179752563e-07
8.890000000000000568e+00 -3.036803172644375604e-07
8.900000000000000355e+00 -3.287017805719827379e-07
8.910000000000000142e+00 -3.536345590249290183e-07
8.919999999999999929e+00 -3.784757296454444031e-07
8.929999999999999716e+00 -4.032227555739176239e-07
8.939999999999999503e+00 -4.278734950791118763e-07
8.950000000000001066e+00 -4.524262077754137579e-07
8.960000000000000853e+00 -4.768795605625264500e-07
8.970000000000000639e+00 -5.012326318998283625e-07
8.980000000000000426e+00 -5.254849130553740366e-07
8.990000000000000213e+00 -5.496363093548950474e-07
9.000000000000000000e+00 -5.736871387107544962e-07
9.009999999999999787e+00 -5.976381280553555442e-07
9.019999999999999574e+00 -6.214904091361717065e-07
9.029999999999999361e+00 -6.452455110217414358e-07
9.040000000000000924e+00 -6.689053523856181016e-07
9.050000000000000711e+00 -6.924722305012842583e-07
9.060000000000000497e+00 -7.159488089603094352e-07
9.070000000000000284e+00 -7.393381048492742025e-07
9.080000000000000071e+00 -7.626434720409136503e-07
9.089999999999999858e+00 -7.858685845407720194e-07
9.099999999999999645e+00 -8.090174179187226144e-07
9.109999999999999432e+00 -8.320942290473976044e-07
9.120000000000000995e+00 -8.551035343765112096e-07
9.130000000000000782e+00 -8.780500875826824370e-07
9.140000000000000568e+00 -9.009388554082065070e-07
9.150000000000000355e+00 -9.237749928892036166e-07
9.160000000000000142e+00 -9.465638173833390567e-07
9.169999999999999929e+00 -9.693107823061097861e-07
9.179999999999999716e+00 -9.920214499303803279e-07
9.189999999999999503e+00 -1.014701463797340608e-06
9.200000000000001066e+00 -1.037356520572352281e-06
9.210000000000000853e+00 -1.059992342206106386e-06
9.220000000000000639e+00 -1.082614648179047734e-06
9.230000000000000426e+00 -1.105229126998133471e-06
9.240000000000000213e+00 -1.127841409126473238e-06
9.250000000000000000e+00 -1.150457039522656544e-06
9.259999999999999787e+00 -1.173081451200097547e-06
9.269999999999999574e+00 -1.195719939284245470e-06
9.279999999999999361e+00 -1.218377636724721214e-06
9.290000000000000924e+00 -1.241059489009987971e-06
9.300000000000000711e+00 -1.263770232740046850e-06
9.310000000000000497e+00 -1.286514373310954085e-06
9.320000000000000284e+00 -1.309296164681006402e-06
9.330000000000000071e+00 -1.332119590746749793e-06
9.339999999999999858e+00 -1.354988347732066778e-06
9.349999999999999645e+00 -1.377905828499337293e-06
9.359999999999999432e+00 -1.400875108498178534e-06
9.370000000000000995e+00 -1.423898933122780264e-06
9.380000000000000782e+00 -1.446979706665185716e-06
9.390000000000000568e+00 -1.470119483593101961e-06
9.400000000000000355e+00 -1.493319960854666562e-06
9.410000000000000142e+00 -1.516582472105287849e-06
9.419999999999999929e+00 -1.539907983572064154e-06
9.429999999999999716e+00 -1.563297091500270852e-06
9.439999999999999503e+00 -1.586750022042338060e-06
9.450000000000001066e+00 -1.610266630411305577e-06
9.460000000000000853e+00 -1.633846404065748088e-06
9.470000000000000639e+00 -1.657488465534040500e-06
9.480000000000000426e+00 -1.681191577396212722e-06
9.490000000000000213e+00 -1.704954147641046802e-06
9.500000000000000000e+00 -1.728774236653407570e-06
9.509999999999999787e+00 -1.752649565534003528e-06
9.519999999999999574e+00 -1.776577523260325364e-06
9.529999999999999361e+00 -1.800555177622342740e-06
9.540000000000000924e+00 -1.824579283660199280e-06
9.550000000000000711e+00 -1.848646294738687246e-06
9.560000000000000497e+00 -1.872752372567010326e-06
9.570000000000000284e+00 -1.896893398072030390e-06
9.580000000000000071e+00 -1.921064982417231004e-06
9.589999999999999858e+00 -1.945262477182074790e-06
9.599999999999999645e+00 -1.969480985519744820e-06
9.609999999999999432e+00 -1.993715371795268254e-06
9.620000000000000995e+00 -2.017960272049368342e-06
9.630000000000000782e+00 -2.042210103081476547e-06
9.640000000000000568e+00 -2.066459071414783466e-06
9.650000000000000355e+00 -2.090701181844956125e-06
9.660000000000000142e+00 -2.114930244490054179e-06
9.669999999999999929e+00 -2.139139882478824362e-06
9.679999999999999716e+00 -2.163323537862638091e-06
9.689999999999999503e+00 -2.187474477112830162e-06
9.700000000000001066e+00 -2.211585795927617504e-06
9.710000000000000853e+00 -2.235650423260127084e-06
9.720000000000000639e+00 -2.259661125048051389e-06
9.730000000000000426e+00 -2.283610506248479055e-06
9.740000000000000213e+00 -2.307491013875395680e-06
9.750000000000000000e+00 -2.331294937429895242e-06
9.759999999999999787e+00 -2.355014411647982087e-06
9.769999999999999574e+00 -2.378641415556881356e-06
9.779999999999999361e+00 -2.402167774528951583e-06
9.790000000000000924e+00 -2.425585159532284152e-06
9.800000000000000711e+00 -2.448885088341540284e-06
9.810000000000000497e+00 -2.472058925465092649e-06
9.820000000000000284e+00 -2.495097883054020471e-06
9.830000000000000071e+00 -2.517993021866615777e-06
9.839999999999999858e+00 -2.540735252964942958e-06
9.849999999999999645e+00 -2.563315339210170407e-06
9.859999999999999432e+00 -2.585723899162228889e-06
9.870000000000000995e+00 -2.607951409938635834e-06
9.880000000000000782e+00 -2.629988212543565851e-06
9.890000000000000568e+00 -2.651824517668766035e-06
9.900000000000000355e+00 -2.673450412632449869e-06
9.910000000000000142e+00 -2.694855870080670179e-06
9.919999999999999929e+00 -2.716030757937692997e-06
9.929999999999999716e+00 -2.736964850702516827e-06
9.939999999999999503e+00 -2.757647842799304527e-06
9.950000000000001066e+00 -2.778069362607826776e-06
9.960000000000000853e+00 -2.798218989463752138e-06
9.970000000000000639e+00 -2.818086271560993339e-06
9.980000000000000426e+00 -2.837660745325099043e-06
9.990000000000000213e+00 -2.856931956674024775e-06
1.000000000000000000e+01 -2.875889484887927949e-06
