0.000000000000000000e+00 6.360991518858051252e-01
1.000000000000000021e-02 6.360991518343722673e-01
2.000000000000000042e-02 6.360991516800739154e-01
2.999999999999999889e-02 6.360991514243400369e-01
4.000000000000000083e-02 6.360991510683189354e-01
5.000000000000000278e-02 6.360991506140044605e-01
5.999999999999999778e-02 6.360991500639526786e-01
7.000000000000000666e-02 6.360991494213068531e-01
8.000000000000000167e-02 6.360991486898072145e-01
8.999999999999999667e-02 6.360991478737882954e-01
1.000000000000000056e-01 6.360991469781981378e-01
1.100000000000000006e-01 6.360991460086001803e-01
1.199999999999999956e-01 6.360991449711753676e-01
1.300000000000000044e-01 6.360991438727322533e-01
1.400000000000000133e-01 6.360991427207033366e-01
1.499999999999999944e-01 6.360991415231360691e-01
1.600000000000000033e-01 6.360991402886901902e-01
1.700000000000000122e-01 6.360991390266192980e-01
1.799999999999999933e-01 6.360991377467370977e-01
1.900000000000000022e-01 6.360991364593974184e-01
2.000000000000000111e-01 6.360991351754406997e-01
2.099999999999999922e-01 6.360991339061382588e-01
2.200000000000000011e-01 6.360991326631288967e-01
2.300000000000000100e-01 6.360991314583286371e-01
2.399999999999999911e-01 6.360991303038308065e-01
2.500000000000000000e-01 6.360991292117885720e-01
2.600000000000000089e-01 6.360991281942701692e-01
2.700000000000000178e-01 6.360991272631096871e-01
2.800000000000000266e-01 6.360991264297072290e-01
2.899999999999999800e-01 6.360991257048315139e-01
2.999999999999999889e-01 6.360991250983760725e-01
3.099999999999999978e-01 6.360991246190937920e-01
3.200000000000000067e-01 6.360991242743010421e-01
3.300000000000000155e-01 6.360991240695492710e-01
3.400000000000000244e-01 6.360991240082515263e-01
3.500000000000000333e-01 6.360991240912926559e-01
3.599999999999999867e-01 6.360991243165762254e-01
3.699999999999999956e-01 6.360991246785471231e-01
3.800000000000000044e-01 6.360991251676677560e-01
3.900000000000000133e-01 6.360991257698422885e-01
4.000000000000000222e-01 6.360991264658011346e-01
4.100000000000000311e-01 6.360991272304316047e-01
4.199999999999999845e-01 6.360991280320604790e-01
4.299999999999999933e-01 6.360991288316673042e-01
4.400000000000000022e-01 6.360991295820664915e-01
4.500000000000000111e-01 6.360991302270134762e-01
4.600000000000000200e-01 6.360991307002368256e-01
4.700000000000000289e-01 6.360991309244429237e-01
4.799999999999999822e-01 6.360991308102083019e-01
4.899999999999999911e-01 6.360991302548341109e-01
5.000000000000000000e-01 6.360991291411105530e-01
5.100000000000000089e-01 6.360991273360111498e-01
5.200000000000000178e-01 6.360991246892995221e-01
5.300000000000000266e-01 6.360991210320544598e-01
5.400000000000000355e-01 6.360991161751086143e-01
5.500000000000000444e-01 6.360991099073914912e-01
5.600000000000000533e-01 6.360991019941723001e-01
5.700000000000000622e-01 6.360990921752048832e-01
5.799999999999999600e-01 6.360990801627680602e-01
5.899999999999999689e-01 6.360990656395852927e-01
5.999999999999999778e-01 6.360990482566274418e-01
6.099999999999999867e-01 6.360990276308025049e-01
6.199999999999999956e-01 6.360990033425071299e-01
6.300000000000000044e-01 6.360989749330479004e-01
6.400000000000000133e-01 6.360989419019127400e-01
6.500000000000000222e-01 6.360989037039038729e-01
6.600000000000000311e-01 6.360988597461157967e-01
6.700000000000000400e-01 6.360988093847427249e-01
6.800000000000000488e-01 6.360987519217332631e-01
6.900000000000000577e-01 6.360986866012541263e-01
7.000000000000000666e-01 6.360986126059918755e-01
7.099999999999999645e-01 6.360985290532503722e-01
7.199999999999999734e-01 6.360984349908618274e-01
7.299999999999999822e-01 6.360983293928997861e-01
7.399999999999999911e-01 6.360982111551846119e-01
7.500000000000000000e-01 6.360980790905693683e-01
7.600000000000000089e-01 6.360979319240269714e-01
7.700000000000000178e-01 6.360977682874935368e-01
7.800000000000000266e-01 6.360975867145017837e-01
7.900000000000000355e-01 6.360973856345821797e-01
8.000000000000000444e-01 6.360971633674252779e-01
8.100000000000000533e-01 6.360969181168144582e-01
8.200000000000000622e-01 6.360966479643199722e-01
8.300000000000000711e-01 6.360963508627556218e-01
8.399999999999999689e-01 6.360960246294057319e-01
8.499999999999999778e-01 6.360956669390023244e-01
8.599999999999999867e-01 6.360952753164819118e-01
8.699999999999999956e-01 6.360948471295067019e-01
8.800000000000000044e-01 6.360943795807607604e-01
8.900000000000000133e-01 6.360938697000260156e-01
9.000000000000000222e-01 6.360933143360447684e-01
9.100000000000000311e-01 6.360927101481763657e-01
9.200000000000000400e-01 6.360920535978557000e-01
9.300000000000000488e-01 6.360913409398658569e-01
9.400000000000000577e-01 6.360905682134320172e-01
9.500000000000000666e-01 6.360897312331630360e-01
9.599999999999999645e-01 6.360888255798192725e-01
9.699999999999999734e-01 6.360878465909634016e-01
9.799999999999999822e-01 6.360867893514897675e-01
9.899999999999999911e-01 6.360856486840259505e-01
1.000000000000000000e+00 6.360844191392768243e-01
1.010000000000000009e+00 6.360830949862660288e-01
1.020000000000000018e+00 6.360816702025504643e-01
1.030000000000000027e+00 6.360801384643678391e-01
1.040000000000000036e+00 6.360784931368020922e-01
1.050000000000000044e+00 6.360767272639216152e-01
1.060000000000000053e+00 6.360748335589485603e-01
1.070000000000000062e+00 6.360728043944706700e-01
1.080000000000000071e+00 6.360706317927060649e-01
1.090000000000000080e+00 6.360683074158418604e-01
1.100000000000000089e+00 6.360658225564762569e-01
1.110000000000000098e+00 6.360631681281656569e-01
1.120000000000000107e+00 6.360603346561016780e-01
1.130000000000000115e+00 6.360573122679435976e-01
1.140000000000000124e+00 6.360540906847895748e-01
1.150000000000000133e+00 6.360506592123585934e-01
1.159999999999999920e+00 6.360470067323299448e-01
1.169999999999999929e+00 6.360431216939077537e-01
1.179999999999999938e+00 6.360389921055932261e-01
1.189999999999999947e+00 6.360346055271859367e-01
1.199999999999999956e+00 6.360299490620250351e-01
1.209999999999999964e+00 6.360250093494734802e-01
1.219999999999999973e+00 6.360197725576663963e-01
1.229999999999999982e+00 6.360142243765183334e-01
1.239999999999999991e+00 6.360083500110083055e-01
1.250000000000000000e+00 6.360021341747443824e-01
1.260000000000000009e+00 6.359955610838213813e-01
1.270000000000000018e+00 6.359886144509619976e-01
1.280000000000000027e+00 6.359812774799885604e-01
1.290000000000000036e+00 6.359735328605868876e-01
1.300000000000000044e+00 6.359653627634082040e-01
1.310000000000000053e+00 6.359567488355067910e-01
1.320000000000000062e+00 6.359476721961291323e-01
1.330000000000000071e+00 6.359381134328777607e-01
1.340000000000000080e+00 6.359280525982571319e-01
1.350000000000000089e+00 6.359174692066406065e-01
1.360000000000000098e+00 6.359063422316719727e-01
1.370000000000000107e+00 6.358946501041400357e-01
1.380000000000000115e+00 6.358823707103685718e-01
1.390000000000000124e+00 6.358694813911510701e-01
1.400000000000000133e+00 6.358559589412955404e-01
1.409999999999999920e+00 6.358417796098235764e-01
1.419999999999999929e+00 6.358269191008931731e-01
1.429999999999999938e+00 6.358113525755176854e-01
1.439999999999999947e+00 6.357950546541613068e-01
1.449999999999999956e+00 6.357779994202937823e-01
1.459999999999999964e+00 6.357601604250227023e-01
1.469999999999999973e+00 6.357415106928804294e-01
1.479999999999999982e+00 6.357220227289293035e-01
1.489999999999999991e+00 6.357016685272739442e-01
1.500000000000000000e+00 6.356804195811355251e-01
1.510000000000000009e+00 6.356582468946639919e-01
1.520000000000000018e+00 6.356351209966015769e-01
1.530000000000000027e+00 6.356110119560207661e-01
1.540000000000000036e+00 6.355858894002818227e-01
1.550000000000000044e+00 6.355597225354152613e-01
1.560000000000000053e+00 6.355324801691446535e-01
1.570000000000000062e+00 6.355041307367255143e-01
1.580000000000000071e+00 6.354746423298477387e-01
1.590000000000000080e+00 6.354439827288107523e-01
1.600000000000000089e+00 6.354121194381830984e-01
1.610000000000000098e+00 6.353790197262061401e-01
1.620000000000000107e+00 6.353446506681351691e-01
1.630000000000000115e+00 6.353089791937723829e-01
1.640000000000000124e+00 6.352719721394052277e-01
1.650000000000000133e+00 6.352335963043631573e-01
1.660000000000000142e+00 6.351938185124109681e-01
1.669999999999999929e+00 6.351526056781736651e-01
1.679999999999999938e+00 6.351099248787719365e-01
1.689999999999999947e+00 6.350657434308378813e-01
1.699999999999999956e+00 6.350200289730522085e-01
1.709999999999999964e+00 6.349727495543335820e-01
1.719999999999999973e+00 6.349238737277513867e-01
1.729999999999999982e+00 6.348733706502530660e-01
1.739999999999999991e+00 6.348212101882053648e-01
1.750000000000000000e+00 6.347673630287590241e-01
1.760000000000000009e+00 6.347118007969761999e-01
1.770000000000000018e+00 6.346544961786312333e-01
1.780000000000000027e+00 6.345954230485298941e-01
1.790000000000000036e+00 6.345345566041803442e-01
1.800000000000000044e+00 6.344718735045387081e-01
1.810000000000000053e+00 6.344073520135595778e-01
1.820000000000000062e+00 6.343409721481753083e-01
1.830000000000000071e+00 6.342727158303113066e-01
1.840000000000000080e+00 6.342025670424544792e-01
1.850000000000000089e+00 6.341305119862443718e-01
1.860000000000000098e+00 6.340565392435204561e-01
1.870000000000000107e+00 6.339806399391556546e-01
1.880000000000000115e+00 6.339028079049995323e-01
1.890000000000000124e+00 6.338230398441629942e-01
1.900000000000000133e+00 6.337413354948552291e-01
1.910000000000000142e+00 6.336576977929113674e-01
1.919999999999999929e+00 6.335721330321215650e-01
1.929999999999999938e+00 6.334846510214313664e-01
1.939999999999999947e+00 6.333952652380538950e-01
1.949999999999999956e+00 6.333039929754875619e-01
1.959999999999999964e+00 6.332108554854478655e-01
1.969999999999999973e+00 6.331158781126789981e-01
1.979999999999999982e+00 6.330190904216197456e-01
1.989999999999999991e+00 6.329205263139007220e-01
2.000000000000000000e+00 6.328202241356598590e-01
2.010000000000000231e+00 6.327182267736835009e-01
2.020000000000000018e+00 6.326145817394115412e-01
2.030000000000000249e+00 6.325093412398811177e-01
2.040000000000000036e+00 6.324025622347383413e-01
2.049999999999999822e+00 6.322943064784911638e-01
2.060000000000000053e+00 6.321846405472550945e-01
2.069999999999999840e+00 6.320736358493094231e-01
2.080000000000000071e+00 6.319613686188638724e-01
2.089999999999999858e+00 6.318479198925248674e-01
2.100000000000000089e+00 6.317333754680520830e-01
2.109999999999999876e+00 6.316178258450824146e-01
2.120000000000000107e+00 6.315013661476220896e-01
2.129999999999999893e+00 6.313840960282033343e-01
2.140000000000000124e+00 6.312661195537282444e-01
2.149999999999999911e+00 6.311475450731255377e-01
2.160000000000000142e+00 6.310284850670716539e-01
2.169999999999999929e+00 6.309090559801390219e-01
2.180000000000000160e+00 6.307893780358533320e-01
2.189999999999999947e+00 6.306695750352433461e-01
2.200000000000000178e+00 6.305497741395903466e-01
2.209999999999999964e+00 6.304301056381744761e-01
2.220000000000000195e+00 6.303107027019212438e-01
2.229999999999999982e+00 6.301917011239390742e-01
2.240000000000000213e+00 6.300732390480183742e-01
2.250000000000000000e+00 6.299554566862451965e-01
2.260000000000000231e+00 6.298384960269409749e-01
2.270000000000000018e+00 6.297225005341948734e-01
2.280000000000000249e+00 6.296076148403060291e-01
2.290000000000000036e+00 6.294939844324778377e-01
2.300000000000000266e+00 6.293817553351385152e-01
2.310000000000000053e+00 6.292710737892689421e-01
2.319999999999999840e+00 6.291620859301170210e-01
2.330000000000000071e+00 6.290549374646846603e-01
2.339999999999999858e+00 6.289497733503225385e-01
2.350000000000000089e+00 6.288467374757761297e-01
2.359999999999999876e+00 6.287459723459604133e-01
2.370000000000000107e+00 6.286476187716970587e-01
2.379999999999999893e+00 6.285518155656121264e-01
2.390000000000000124e+00 6.284586992453061738e-01
2.399999999999999911e+00 6.283684037448544757e-01
2.410000000000000142e+00 6.282810601356249025e-01
2.419999999999999929e+00 6.281967963573177327e-01
2.430000000000000160e+00 6.281157369600558482e-01
2.439999999999999947e+00 6.280380028582832619e-01
2.450000000000000178e+00 6.279637110971232339e-01
2.459999999999999964e+00 6.278929746318029359e-01
2.470000000000000195e+00 6.278259021206410440e-01
2.479999999999999982e+00 6.277625977320286932e-01
2.490000000000000213e+00 6.277031609657666156e-01
2.500000000000000000e+00 6.276476864890345730e-01
2.510000000000000231e+00 6.275962639872174620e-01
2.520000000000000018e+00 6.275489780297324183e-01
2.530000000000000249e+00 6.275059079509553994e-01
2.540000000000000036e+00 6.274671277462913199e-01
2.550000000000000266e+00 6.274327059833675335e-01
2.560000000000000053e+00 6.274027057283080300e-01
2.569999999999999840e+00 6.273771844869852066e-01
2.580000000000000071e+00 6.273561941611277559e-01
2.589999999999999858e+00 6.273397810191195800e-01
2.600000000000000089e+00 6.273279856813038791e-01
2.609999999999999876e+00 6.273208431195813617e-01
2.620000000000000107e+00 6.273183826710699851e-01
2.629999999999999893e+00 6.273206280655727607e-01
2.640000000000000124e+00 6.273275974665881716e-01
2.649999999999999911e+00 6.273393035255800942e-01
2.660000000000000142e+00 6.273557534492042453e-01
2.669999999999999929e+00 6.273769490791853976e-01
2.680000000000000160e+00 6.274028869845086342e-01
2.689999999999999947e+00 6.274335585655950176e-01
2.700000000000000178e+00 6.274689501700914107e-01
2.709999999999999964e+00 6.275090432199065260e-01
2.720000000000000195e+00 6.275538143490967391e-01
2.729999999999999982e+00 6.276032355521931061e-01
2.740000000000000213e+00 6.276572743425244960e-01
2.750000000000000000e+00 6.277158939200928600e-01
2.760000000000000231e+00 6.277790533485065883e-01
2.770000000000000018e+00 6.278467077404737973e-01
2.780000000000000249e+00 6.279188084513139811e-01
2.790000000000000036e+00 6.279953032799309165e-01
2.800000000000000266e+00 6.280761366766567377e-01
2.810000000000000053e+00 6.281612499573504538e-01
2.819999999999999840e+00 6.282505815231032020e-01
2.830000000000000071e+00 6.283440670848848830e-01
2.839999999999999858e+00 6.284416398924322911e-01
2.850000000000000089e+00 6.285432309666619810e-01
2.859999999999999876e+00 6.286487693348653538e-01
2.870000000000000107e+00 6.287581822679266796e-01
2.879999999999999893e+00 6.288713955187981153e-01
2.890000000000000124e+00 6.289883335614341320e-01
2.899999999999999911e+00 6.291089198294007589e-01
2.910000000000000142e+00 6.292330769533625023e-01
2.919999999999999929e+00 6.293607269966448037e-01
2.930000000000000160e+00 6.294917916880882203e-01
2.939999999999999947e+00 6.296261926514100660e-01
2.950000000000000178e+00 6.297638516303067924e-01
2.959999999999999964e+00 6.299046907085548153e-01
2.970000000000000195e+00 6.300486325243797037e-01
2.979999999999999982e+00 6.301956004784134979e-01
2.990000000000000213e+00 6.303455189345673615e-01
3.000000000000000000e+00 6.304983134131985079e-01
3.010000000000000231e+00 6.306539107760040785e-01
3.020000000000000018e+00 6.308122394020830859e-01
3.030000000000000249e+00 6.309732293546967963e-01
3.040000000000000036e+00 6.311368125382765815e-01
3.050000000000000266e+00 6.313029228453010955e-01
3.060000000000000053e+00 6.314714962927088227e-01
3.070000000000000284e+00 6.316424711475703280e-01
3.080000000000000071e+00 6.318157880418063810e-01
3.089999999999999858e+00 6.319913900757860858e-01
3.100000000000000089e+00 6.321692229107068739e-01
3.109999999999999876e+00 6.323492348497044002e-01
3.120000000000000107e+00 6.325313769077087755e-01
3.129999999999999893e+00 6.327156028701024226e-01
3.140000000000000124e+00 6.329018693403001272e-01
3.149999999999999911e+00 6.330901357764207038e-01
3.160000000000000142e+00 6.332803645172561113e-01
3.169999999999999929e+00 6.334725207978076922e-01
3.180000000000000160e+00 6.336665727546813009e-01
3.189999999999999947e+00 6.338624914216913764e-01
3.200000000000000178e+00 6.340602507160414403e-01
3.209999999999999964e+00 6.342598274154963578e-01
3.220000000000000195e+00 6.344612011269767926e-01
3.229999999999999982e+00 6.346643542470346011e-01
3.240000000000000213e+00 6.348692719147026597e-01
3.250000000000000000e+00 6.350759419571989639e-01
3.260000000000000231e+00 6.352843548290129094e-01
3.270000000000000018e+00 6.354945035448820168e-01
3.280000000000000249e+00 6.357063836071934482e-01
3.290000000000000036e+00 6.359199929283391173e-01
3.300000000000000266e+00 6.361353317485495262e-01
3.310000000000000053e+00 6.363524025497333536e-01
3.320000000000000284e+00 6.365712099658458190e-01
3.330000000000000071e+00 6.367917606902869787e-01
3.339999999999999858e+00 6.370140633808343278e-01
3.350000000000000089e+00 6.372381285625908776e-01
3.359999999999999876e+00 6.374639685294153368e-01
3.370000000000000107e+00 6.376915972442842584e-01
3.379999999999999893e+00 6.379210302390209142e-01
3.390000000000000124e+00 6.381522845137880262e-01
3.399999999999999911e+00 6.383853784367500284e-01
3.410000000000000142e+00 6.386203316442519151e-01
3.419999999999999929e+00 6.388571649418655074e-01
3.430000000000000160e+00 6.390959002066161077e-01
3.439999999999999947e+00 6.393365602906861955e-01
3.450000000000000178e+00 6.395791689268571778e-01
3.459999999999999964e+00 6.398237506359414350e-01
3.470000000000000195e+00 6.400703306364118328e-01
3.479999999999999982e+00 6.403189347564408607e-01
3.490000000000000213e+00 6.405695893485048309e-01
3.500000000000000000e+00 6.408223212067097885e-01
3.510000000000000231e+00 6.410771574869694733e-01
3.520000000000000018e+00 6.413341256301339222e-01
3.530000000000000249e+00 6.415932532881547523e-01
3.540000000000000036e+00 6.418545682533617347e-01
3.550000000000000266e+00 6.421180983908842954e-01
3.560000000000000053e+00 6.423838715742590244e-01
3.570000000000000284e+00 6.426519156242309627e-01
3.580000000000000071e+00 6.429222582507486683e-01
3.589999999999999858e+00 6.431949269981360739e-01
3.600000000000000089e+00 6.434699491934149362e-01
3.609999999999999876e+00 6.437473518977360198e-01
3.620000000000000107e+00 6.440271618608645054e-01
3.629999999999999893e+00 6.443094054786651093e-01
3.640000000000000124e+00 6.445941087535113079e-01
3.649999999999999911e+00 6.448812972575465041e-01
3.660000000000000142e+00 6.451709960987102033e-01
3.669999999999999929e+00 6.454632298894430464e-01
3.680000000000000160e+00 6.457580227179753329e-01
3.689999999999999947e+00 6.460553981220996667e-01
3.700000000000000178e+00 6.463553790653384645e-01
3.709999999999999964e+00 6.466579879153854238e-01
3.720000000000000195e+00 6.469632464247357939e-01
3.729999999999999982e+00 6.472711757133935428e-01
3.740000000000000213e+00 6.475817962535462824e-01
3.750000000000000000e+00 6.478951278561153604e-01
3.760000000000000231e+00 6.482111896590696531e-01
3.770000000000000018e+00 6.485300001174072460e-01
3.780000000000000249e+00 6.488515769947020839e-01
3.790000000000000036e+00 6.491759373561249991e-01
3.800000000000000266e+00 6.495030975628360848e-01
3.810000000000000053e+00 6.498330732676671495e-01
3.820000000000000284e+00 6.501658794119994367e-01
3.830000000000000071e+00 6.505015302237565633e-01
3.839999999999999858e+00 6.508400392164328530e-01
3.850000000000000089e+00 6.511814191890683556e-01
3.859999999999999876e+00 6.515256822271177084e-01
3.870000000000000107e+00 6.518728397041232414e-01
3.879999999999999893e+00 6.522229022841407042e-01
3.890000000000000124e+00 6.525758799248461139e-01
3.899999999999999911e+00 6.529317818812720997e-01
3.910000000000000142e+00 6.532906167101150130e-01
3.919999999999999929e+00 6.536523922745660631e-01
3.930000000000000160e+00 6.540171157496160736e-01
3.939999999999999947e+00 6.543847936277862321e-01
3.950000000000000178e+00 6.547554317252580747e-01
3.959999999999999964e+00 6.551290351883474194e-01
3.970000000000000195e+00 6.555056085002988198e-01
3.979999999999999982e+00 6.558851554883723400e-01
3.990000000000000213e+00 6.562676793311760237e-01
4.000000000000000000e+00 6.566531825662430544e-01
4.009999999999999787e+00 6.570416670978033169e-01
4.020000000000000462e+00 6.574331342047532445e-01
4.030000000000000249e+00 6.578275845487783213e-01
4.040000000000000036e+00 6.582250181826327928e-01
4.049999999999999822e+00 6.586254345585449421e-01
4.060000000000000497e+00 6.590288325367410494e-01
4.070000000000000284e+00 6.594352103940710474e-01
4.080000000000000071e+00 6.598445658327262153e-01
4.089999999999999858e+00 6.602568959890339206e-01
4.099999999999999645e+00 6.606721974423255261e-01
4.110000000000000320e+00 6.610904662238604734e-01
4.120000000000000107e+00 6.615116978258019920e-01
4.129999999999999893e+00 6.619358872102411029e-01
4.139999999999999680e+00 6.623630288182525971e-01
4.150000000000000355e+00 6.627931165789796575e-01
4.160000000000000142e+00 6.632261439187437935e-01
4.169999999999999929e+00 6.636621037701694314e-01
4.179999999999999716e+00 6.641009885813226044e-01
4.190000000000000391e+00 6.645427903248468660e-01
4.200000000000000178e+00 6.649875005071131939e-01
4.209999999999999964e+00 6.654351101773410271e-01
4.219999999999999751e+00 6.658856099367368442e-01
4.230000000000000426e+00 6.663389899475956613e-01
4.240000000000000213e+00 6.667952399423903165e-01
4.250000000000000000e+00 6.672543492328381065e-01
4.259999999999999787e+00 6.677163067189358925e-01
4.270000000000000462e+00 6.681811008979645639e-01
4.280000000000000249e+00 6.686487198734515358e-01
4.290000000000000036e+00 6.691191513641059352e-01
4.299999999999999822e+00 6.695923827126988304e-01
4.310000000000000497e+00 6.700684008949032711e-01
4.320000000000000284e+00 6.705471925280911405e-01
4.330000000000000071e+00 6.710287438800748294e-01
4.339999999999999858e+00 6.715130408778009485e-01
4.350000000000000533e+00 6.720000691160019635e-01
4.360000000000000320e+00 6.724898138657787738e-01
4.370000000000000107e+00 6.729822600831563140e-01
4.379999999999999893e+00 6.734773924175733173e-01
4.389999999999999680e+00 6.739751952203349994e-01
4.400000000000000355e+00 6.744756525530205549e-01
4.410000000000000142e+00 6.749787481958503532e-01
4.419999999999999929e+00 6.754844656560156091e-01
4.429999999999999716e+00 6.759927881759854040e-01
4.440000000000000391e+00 6.765036987417757386e-01
4.450000000000000178e+00 6.770171800912166971e-01
4.459999999999999964e+00 6.775332147221929668e-01
4.469999999999999751e+00 6.780517849008965703e-01
4.480000000000000426e+00 6.785728726700716029e-01
4.490000000000000213e+00 6.790964598572842847e-01
4.500000000000000000e+00 6.796225280832108862e-01
4.509999999999999787e+00 6.801510587699660659e-01
4.520000000000000462e+00 6.806820331494739529e-01
4.530000000000000249e+00 6.812154322718960708e-01
4.540000000000000036e+00 6.817512370141272093e-01
4.549999999999999822e+00 6.822894280883773366e-01
4.560000000000000497e+00 6.828299860508321162e-01
4.570000000000000284e+00 6.833728913104298863e-01
4.580000000000000071e+00 6.839181241377462195e-01
4.589999999999999858e+00 6.844656646740046035e-01
4.600000000000000533e+00 6.850154929402293424e-01
4.610000000000000320e+00 6.855675888465351253e-01
4.620000000000000107e+00 6.861219322015882360e-01
4.629999999999999893e+00 6.866785027222243043e-01
4.639999999999999680e+00 6.872372800432464679e-01
4.650000000000000355e+00 6.877982437274013927e-01
4.660000000000000142e+00 6.883613732755565762e-01
4.669999999999999929e+00 6.889266481370593942e-01
4.679999999999999716e+00 6.894940477203029827e-01
4.690000000000000391e+00 6.900635514035005080e-01
4.700000000000000178e+00 6.906351385456529490e-01
4.709999999999999964e+00 6.912087884977341501e-01
4.719999999999999751e+00 6.917844806140687197e-01
4.730000000000000426e+00 6.923621942639239801e-01
4.740000000000000213e+00 6.929419088432887675e-01
4.750000000000000000e+00 6.935236037868528491e-01
4.759999999999999787e+00 6.941072585801627559e-01
4.770000000000000462e+00 6.946928527719591351e-01
4.780000000000000249e+00 6.952803659866777508e-01
4.790000000000000036e+00 6.958697779370991432e-01
4.799999999999999822e+00 6.964610684371400628e-01
4.810000000000000497e+00 6.970542174147689174e-01
4.820000000000000284e+00 6.976492049250216931e-01
4.830000000000000071e+00 6.982460111631126898e-01
4.839999999999999858e+00 6.988446164776059844e-01
4.850000000000000533e+00 6.994450013836408520e-01
4.860000000000000320e+00 7.000471465761766154e-01
4.870000000000000107e+00 7.006510329432401596e-01
4.879999999999999893e+00 7.012566415791551266e-01
4.889999999999999680e+00 7.018639537977175991e-01
4.900000000000000355e+00 7.024729511453053910e-01
4.910000000000000142e+00 7.030836154138817573e-01
4.919999999999999929e+00 7.036959286538841951e-01
4.929999999999999716e+00 7.043098731869487095e-01
4.940000000000000391e+00 7.049254316184685454e-01
4.950000000000000178e+00 7.055425868499396458e-01
4.959999999999999964e+00 7.061613220910825106e-01
4.969999999999999751e+00 7.067816208717007109e-01
4.980000000000000426e+00 7.074034670532629576e-01
4.990000000000000213e+00 7.080268448401806358e-01
5.000000000000000000e+00 7.086517387907486087e-01
5.009999999999999787e+00 7.092781338580167461e-01
5.020000000000000462e+00 7.099060153259559858e-01
5.030000000000000249e+00 7.105353690158323632e-01
5.040000000000000036e+00 7.111661811829311786e-01
5.049999999999999822e+00 7.117984385458224761e-01
5.060000000000000497e+00 7.124321282882496442e-01
5.070000000000000284e+00 7.130672380606101202e-01
5.080000000000000071e+00 7.137037559811663101e-01
5.089999999999999858e+00 7.143416706369583036e-01
5.100000000000000533e+00 7.149809710844406974e-01
5.110000000000000320e+00 7.156216468498091121e-01
5.120000000000000107e+00 7.162636879290530389e-01
5.129999999999999893e+00 7.169070847877172525e-01
5.139999999999999680e+00 7.175518283603761205e-01
5.150000000000000355e+00 7.181979100498451229e-01
5.160000000000000142e+00 7.188453217261076000e-01
5.169999999999999929e+00 7.194940557249910329e-01
5.179999999999999716e+00 7.201441048465850869e-01
5.190000000000000391e+00 7.207954623534229555e-01
5.200000000000000178e+00 7.214481219684274471e-01
5.209999999999999964e+00 7.221020778726410239e-01
5.219999999999999751e+00 7.227573247027491155e-01
5.230000000000000426e+00 7.234138575484179157e-01
5.240000000000000213e+00 7.240716719494417752e-01
5.250000000000000000e+00 7.247307638927432683e-01
5.259999999999999787e+00 7.253911298092181603e-01
5.270000000000000462e+00 7.260527665704515909e-01
5.280000000000000249e+00 7.267156714853179045e-01
5.290000000000000036e+00 7.273798422964820043e-01
5.299999999999999822e+00 7.280452771768156639e-01
5.310000000000000497e+00 7.287119747257523317e-01
5.320000000000000284e+00 7.293799339655765435e-01
5.330000000000000071e+00 7.300491543376904646e-01
5.339999999999999858e+00 7.307196356988486796e-01
5.350000000000000533e+00 7.313913783173815464e-01
5.360000000000000320e+00 7.320643828694307631e-01
5.370000000000000107e+00 7.327386504351919294e-01
5.379999999999999893e+00 7.334141824951917465e-01
5.389999999999999680e+00 7.340909809265958597e-01
5.400000000000000355e+00 7.347690479995678814e-01
5.410000000000000142e+00 7.354483863736804850e-01
5.419999999999999929e+00 7.361289990943896688e-01
5.429999999999999716e+00 7.368108895895785215e-01
5.440000000000000391e+00 7.374940616661671555e-01
5.450000000000000178e+00 7.381785195067993577e-01
5.459999999999999964e+00 7.388642676666142828e-01
5.469999999999999751e+00 7.395513110700830950e-01
5.480000000000000426e+00 7.402396550079328730e-01
5.490000000000000213e+00 7.409293051341410141e-01
5.500000000000000000e+00 7.416202674630041347e-01
5.509999999999999787e+00 7.423125483662752488e-01
5.520000000000000462e+00 7.430061545703622317e-01
5.530000000000000249e+00 7.437010931535911196e-01
5.540000000000000036e+00 7.443973715435082683e-01
5.549999999999999822e+00 7.450949975142332482e-01
5.560000000000000497e+00 7.457939791838456012e-01
5.570000000000000284e+00 7.464943250117893614e-01
5.580000000000000071e+00 7.471960437963034440e-01
5.589999999999999858e+00 7.478991446718454839e-01
5.600000000000000533e+00 7.486036371065156736e-01
5.610000000000000320e+00 7.493095308994632830e-01
5.620000000000000107e+00 7.500168361782636461e-01
5.629999999999999893e+00 7.507255633962600649e-01
5.639999999999999680e+00 7.514357233298517569e-01
5.650000000000000355e+00 7.521473270757248475e-01
5.660000000000000142e+00 7.528603860480137522e-01
5.669999999999999929e+00 7.535749119753812897e-01
5.679999999999999716e+00 7.542909168980111989e-01
5.690000000000000391e+00 7.550084131645022900e-01
5.700000000000000178e+00 7.557274134286551259e-01
5.709999999999999964e+00 7.564479306461555641e-01
5.719999999999999751e+00 7.571699780711268479e-01
5.730000000000000426e+00 7.578935692525687884e-01
5.740000000000000213e+00 7.586187180306667166e-01
5.750000000000000000e+00 7.593454385329629908e-01
5.759999999999999787e+00 7.600737451704098202e-01
5.770000000000000462e+00 7.608036526332763172e-01
5.780000000000000249e+00 7.615351758869209897e-01
5.790000000000000036e+00 7.622683301674483269e-01
5.799999999999999822e+00 7.630031309772142833e-01
5.810000000000000497e+00 7.637395940802211847e-01
5.820000000000000284e+00 7.644777354973825156e-01
5.830000000000000071e+00 7.652175715016770186e-01
5.839999999999999858e+00 7.659591186131865514e-01
5.850000000000000533e+00 7.667023935940382451e-01
5.860000000000000320e+00 7.674474134432431871e-01
5.870000000000000107e+00 7.681941953914627197e-01
5.879999999999999893e+00 7.689427568956875847e-01
5.889999999999999680e+00 7.696931156338526758e-01
5.900000000000000355e+00 7.704452894994033851e-01
5.910000000000000142e+00 7.711992965958101021e-01
5.919999999999999929e+00 7.719551552310520703e-01
5.929999999999999716e+00 7.727128839120855908e-01
5.940000000000000391e+00 7.734725013392881321e-01
5.950000000000000178e+00 7.742340264009212047e-01
5.959999999999999964e+00 7.749974781675864621e-01
5.969999999999999751e+00 7.757628758867228802e-01
5.980000000000000426e+00 7.765302389771263636e-01
5.990000000000000213e+00 7.772995870235129834e-01
6.000000000000000000e+00 7.780709397711459419e-01
6.009999999999999787e+00 7.788443171205109428e-01
6.020000000000000462e+00 7.796197391220693884e-01
6.030000000000000249e+00 7.803972259710886261e-01
6.040000000000000036e+00 7.811767980025543512e-01
6.049999999999999822e+00 7.819584756861677199e-01
6.060000000000000497e+00 7.827422796214464906e-01
6.070000000000000284e+00 7.835282305329079877e-01
6.080000000000000071e+00 7.843163492653630886e-01
6.089999999999999858e+00 7.851066567793041351e-01
6.100000000000000533e+00 7.858991741463908776e-01
6.110000000000000320e+00 7.866939225450360063e-01
6.120000000000000107e+00 7.874909232560896033e-01
6.129999999999999893e+00 7.882901976586091930e-01
6.140000000000000568e+00 7.890917672257257154e-01
6.150000000000000355e+00 7.898956535205788887e-01
6.160000000000000142e+00 7.907018781923446094e-01
6.169999999999999929e+00 7.915104629723123120e-01
6.179999999999999716e+00 7.923214296700343828e-01
6.190000000000000391e+00 7.931348001695224248e-01
6.200000000000000178e+00 7.939505964254792714e-01
6.209999999999999964e+00 7.947688404595555367e-01
6.219999999999999751e+00 7.955895543566431360e-01
6.230000000000000426e+00 7.964127602611533741e-01
6.240000000000000213e+00 7.972384803732949221e-01
6.250000000000000000e+00 7.980667369453416926e-01
6.259999999999999787e+00 7.988975522778571925e-01
6.270000000000000462e+00 7.997309487158829056e-01
6.280000000000000249e+00 8.005669486450586181e-01
6.290000000000000036e+00 8.014055744876930065e-01
6.299999999999999822e+00 8.022468486987290870e-01
6.310000000000000497e+00 8.030907937616291736e-01
6.320000000000000284e+00 8.039374321841553650e-01
6.330000000000000071e+00 8.047867864940189131e-01
6.339999999999999858e+00 8.056388792344229000e-01
6.350000000000000533e+00 8.064937329594502602e-01
6.360000000000000320e+00 8.073513702293066974e-01
6.370000000000000107e+00 8.082118136054211588e-01
6.379999999999999893e+00 8.090750856453701179e-01
6.390000000000000568e+00 8.099412088976368773e-01
6.400000000000000355e+00 8.108102058961953462e-01
6.410000000000000142e+00 8.116820991549187347e-01
6.419999999999999929e+00 8.125569111617956253e-01
6.429999999999999716e+00 8.134346643729647441e-01
6.440000000000000391e+00 8.143153812065666575e-01
6.450000000000000178e+00 8.151990840363919633e-01
6.459999999999999964e+00 8.160857951853599523e-01
6.469999999999999751e+00 8.169755369187919891e-01
6.480000000000000426e+00 8.178683314375150282e-01
6.490000000000000213e+00 8.187642008707736174e-01
6.500000000000000000e+00 8.196631672689725923e-01
6.509999999999999787e+00 8.205652525962374710e-01
6.520000000000000462e+00 8.214704787228215288e-01
6.530000000000000249e+00 8.223788674173410085e-01
6.540000000000000036e+00 8.232904403388671133e-01
6.549999999999999822e+00 8.242052190288711166e-01
6.560000000000000497e+00 8.251232249030294730e-01
6.570000000000000284e+00 8.260444792429102456e-01
6.580000000000000071e+00 8.269690031875390757e-01
6.589999999999999858e+00 8.278968177248579030e-01
6.600000000000000533e+00 8.288279436830890967e-01
6.610000000000000320e+00 8.297624017220101011e-01
6.620000000000000107e+00 8.307002123241576941e-01
6.629999999999999893e+00 8.316413957859644102e-01
6.640000000000000568e+00 8.325859722088434500e-01
6.650000000000000355e+00 8.335339614902239624e-01
6.660000000000000142e+00 8.344853833145665645e-01
6.669999999999999929e+00 8.354402571443423353e-01
6.679999999999999716e+00 8.363986022110112550e-01
6.690000000000000391e+00 8.373604375059932048e-01
6.700000000000000178e+00 8.383257817716448512e-01
6.709999999999999964e+00 8.392946534922589574e-01
6.719999999999999751e+00 8.402670708850883408e-01
6.730000000000000426e+00 8.412430518913959210e-01
6.740000000000000213e+00 8.422226141675611677e-01
6.750000000000000000e+00 8.432057750762205206e-01
6.759999999999999787e+00 8.441925516774763105e-01
6.770000000000000462e+00 8.451829607201614136e-01
6.780000000000000249e+00 8.461770186331712962e-01
6.790000000000000036e+00 8.471747415168816575e-01
6.799999999999999822e+00 8.481761451346272462e-01
6.810000000000000497e+00 8.491812449042749344e-01
6.820000000000000284e+00 8.501900558898861648e-01
6.830000000000000071e+00 8.512025927934538938e-01
6.839999999999999858e+00 8.522188699467514450e-01
6.850000000000000533e+00 8.532389013032616321e-01
6.860000000000000320e+00 8.542627004302129068e-01
6.870000000000000107e+00 8.552902805007024378e-01
6.879999999999999893e+00 8.563216542859298785e-01
6.890000000000000568e+00 8.573568341475281684e-01
6.900000000000000355e+00 8.583958320299873712e-01
6.910000000000000142e+00 8.594386594531910895e-01
6.919999999999999929e+00 8.604853275050433625e-01
6.929999999999999716e+00 8.615358468342017018e-01
6.940000000000000391e+00 8.625902276429086024e-01
6.950000000000000178e+00 8.636484796799221986e-01
6.959999999999999964e+00 8.647106122335415090e-01
6.969999999999999751e+00 8.657766341247409292e-01
6.980000000000000426e+00 8.668465537003833266e-01
6.990000000000000213e+00 8.679203788265517083e-01
7.000000000000000000e+00 8.689981168819552737e-01
7.009999999999999787e+00 8.700797747514419367e-01
7.020000000000000462e+00 8.711653588196078823e-01
7.030000000000000249e+00 8.722548749644887245e-01
7.040000000000000036e+00 8.733483285513536920e-01
7.049999999999999822e+00 8.744457244265910756e-01
7.060000000000000497e+00 8.755470669116892646e-01
7.070000000000000284e+00 8.766523597973023829e-01
7.080000000000000071e+00 8.777616063374235056e-01
7.089999999999999858e+00 8.788748092436428072e-01
7.100000000000000533e+00 8.799919706795089613e-01
7.110000000000000320e+00 8.811130922549793576e-01
7.120000000000000107e+00 8.822381750209820073e-01
7.129999999999999893e+00 8.833672194640664888e-01
7.140000000000000568e+00 8.845002255011688019e-01
7.150000000000000355e+00 8.856371924744709245e-01
7.160000000000000142e+00 8.867781191463864898e-01
7.169999999999999929e+00 8.879230036946377247e-01
7.179999999999999716e+00 8.890718437074686120e-01
7.190000000000000391e+00 8.902246361789625251e-01
7.200000000000000178e+00 8.913813775044957533e-01
7.209999999999999964e+00 8.925420634763100436e-01
7.219999999999999751e+00 8.937066892792250306e-01
7.230000000000000426e+00 8.948752494864843365e-01
7.240000000000000213e+00 8.960477380557544391e-01
7.250000000000000000e+00 8.972241483252640926e-01
7.259999999999999787e+00 8.984044730100988474e-01
7.270000000000000462e+00 8.995887041986654342e-01
7.280000000000000249e+00 9.007768333493204604e-01
7.290000000000000036e+00 9.019688512871697483e-01
7.299999999999999822e+00 9.031647482010517480e-01
7.310000000000000497e+00 9.043645136407144625e-01
7.320000000000000284e+00 9.055681365141768913e-01
7.330000000000000071e+00 9.067756050853031935e-01
7.339999999999999858e+00 9.079869069715768015e-01
7.350000000000000533e+00 9.092020291421013534e-01
7.360000000000000320e+00 9.104209579158154542e-01
7.370000000000000107e+00 9.116436789599456914e-01
7.379999999999999893e+00 9.128701772886935739e-01
7.390000000000000568e+00 9.141004372621720497e-01
7.400000000000000355e+00 9.153344425855904909e-01
7.410000000000000142e+00 9.165721763086939200e-01
7.419999999999999929e+00 9.178136208254841222e-01
7.429999999999999716e+00 9.190587578741936658e-01
7.440000000000000391e+00 9.203075685375456949e-01
7.450000000000000178e+00 9.215600332433068198e-01
7.459999999999999964e+00 9.228161317651044637e-01
7.469999999999999751e+00 9.240758432235671727e-01
7.480000000000000426e+00 9.253391460877435915e-01
7.490000000000000213e+00 9.266060181768263071e-01
7.500000000000000000e+00 9.278764366621951032e-01
7.509999999999999787e+00 9.291503780697496495e-01
7.520000000000000462e+00 9.304278182825711507e-01
7.530000000000000249e+00 9.317087325438885292e-01
7.540000000000000036e+00 9.329930954603601334e-01
7.549999999999999822e+00 9.342808810056754121e-01
7.560000000000000497e+00 9.355720625244681177e-01
7.570000000000000284e+00 9.368666127365409269e-01
7.580000000000000071e+00 9.381645037414164667e-01
7.589999999999999858e+00 9.394657070231837714e-01
7.600000000000000533e+00 9.407701934556597090e-01
7.610000000000000320e+00 9.420779333078584949e-01
7.620000000000000107e+00 9.433888962497541941e-01
7.629999999999999893e+00 9.447030513583440925e-01
7.640000000000000568e+00 9.460203671239933998e-01
7.650000000000000355e+00 9.473408114570691652e-01
7.660000000000000142e+00 9.486643516948501942e-01
7.669999999999999929e+00 9.499909546086924284e-01
7.679999999999999716e+00 9.513205864114624433e-01
7.690000000000000391e+00 9.526532127652224125e-01
7.700000000000000178e+00 9.539887987891380039e-01
7.709999999999999964e+00 9.553273090676300816e-01
7.719999999999999751e+00 9.566687076587375715e-01
7.730000000000000426e+00 9.580129581026780583e-01
7.740000000000000213e+00 9.593600234306148833e-01
7.750000000000000000e+00 9.607098661735918865e-01
7.759999999999999787e+00 9.620624483716460063e-01
7.770000000000000462e+00 9.634177315830642074e-01
7.780000000000000249e+00 9.647756768937884031e-01
7.790000000000000036e+00 9.661362449269449426e-01
7.799999999999999822e+00 9.674993958524884530e-01
7.810000000000000497e+00 9.688650893969420475e-01
7.820000000000000284e+00 9.702332848532299048e-01
7.830000000000000071e+00 9.716039410905710216e-01
7.839999999999999858e+00 9.729770165644441304e-01
7.850000000000000533e+00 9.743524693265862568e-01
7.860000000000000320e+00 9.757302570350316895e-01
7.870000000000000107e+00 9.771103369641608305e-01
7.879999999999999893e+00 9.784926660147613697e-01
7.890000000000000568e+00 9.798772007240805770e-01
7.900000000000000355e+00 9.812638972758545020e-01
7.910000000000000142e+00 9.826527115103227406e-01
7.919999999999999929e+00 9.840435989341778100e-01
7.930000000000000604e+00 9.854365147304868788e-01
7.940000000000000391e+00 9.868314137685417764e-01
7.950000000000000178e+00 9.882282506136352840e-01
7.959999999999999964e+00 9.896269795367630406e-01
7.969999999999999751e+00 9.910275545242493989e-01
7.980000000000000426e+00 9.924299292872572620e-01
7.990000000000000213e+00 9.938340572712096588e-01
8.000000000000000000e+00 9.952398916651125083e-01
8.009999999999999787e+00 9.966473854107432695e-01
8.019999999999999574e+00 9.980564912117508847e-01
8.029999999999999361e+00 9.994671615426056199e-01
8.040000000000000924e+00 1.000879348657444545e+00
8.050000000000000711e+00 1.002293004598783011e+00
8.060000000000000497e+00 1.003708081206092562e+00
8.070000000000000284e+00 1.005124530124252846e+00
8.080000000000000071e+00 1.006542302811866296e+00
8.089999999999999858e+00 1.007961350549441804e+00
8.099999999999999645e+00 1.009381624447433179e+00
8.109999999999999432e+00 1.010803075454161926e+00
8.120000000000000995e+00 1.012225654363582583e+00
8.130000000000000782e+00 1.013649311822931942e+00
8.140000000000000568e+00 1.015073998340231043e+00
8.150000000000000355e+00 1.016499664291663496e+00
8.160000000000000142e+00 1.017926259928819244e+00
8.169999999999999929e+00 1.019353735385799764e+00
8.179999999999999716e+00 1.020782040686212477e+00
8.189999999999999503e+00 1.022211125750015270e+00
8.199999999999999289e+00 1.023640940400255106e+00
8.210000000000000853e+00 1.025071434369659196e+00
8.220000000000000639e+00 1.026502557307131358e+00
8.230000000000000426e+00 1.027934258784096722e+00
8.240000000000000213e+00 1.029366488300748728e+00
8.250000000000000000e+00 1.030799195292164905e+00
8.259999999999999787e+00 1.032232329134302962e+00
8.269999999999999574e+00 1.033665839149890742e+00
8.279999999999999361e+00 1.035099674614192278e+00
8.290000000000000924e+00 1.036533784760657717e+00
8.300000000000000711e+00 1.037968118786465110e+00
8.310000000000000497e+00 1.039402625857945184e+00
8.320000000000000284e+00 1.040837255115899529e+00
8.330000000000000071e+00 1.042271955680794449e+00
8.339999999999999858e+00 1.043706676657865096e+00
8.349999999999999645e+00 1.045141367142093047e+00
8.359999999999999432e+00 1.046575976223079962e+00
8.370000000000000995e+00 1.048010452989826646e+00
8.380000000000000782e+00 1.049444746535380224e+00
8.390000000000000568e+00 1.050878805961411810e+00
8.400000000000000355e+00 1.052312580382659624e+00
8.410000000000000142e+00 1.053746018931295048e+00
8.419999999999999929e+00 1.055179070761179894e+00
8.429999999999999716e+00 1.056611685052030403e+00
8.439999999999999503e+00 1.058043811013495539e+00
8.449999999999999289e+00 1.059475397889138026e+00
8.460000000000000853e+00 1.060906394960339671e+00
8.470000000000000639e+00 1.062336751550124969e+00
8.480000000000000426e+00 1.063766417026908773e+00
8.490000000000000213e+00 1.065195340808181790e+00
8.500000000000000000e+00 1.066623472364128800e+00
8.509999999999999787e+00 1.068050761221193801e+00
8.519999999999999574e+00 1.069477156965598086e+00
8.529999999999999361e+00 1.070902609246826565e+00
8.540000000000000924e+00 1.072327067781074339e+00
8.550000000000000711e+00 1.073750482354673963e+00
8.560000000000000497e+00 1.075172802827522922e+00
8.570000000000000284e+00 1.076593979136504231e+00
8.580000000000000071e+00 1.078013961298922352e+00
8.589999999999999858e+00 1.079432699415956431e+00
8.599999999999999645e+00 1.080850143676165276e+00
8.609999999999999432e+00 1.082266244359022522e+00
8.620000000000000995e+00 1.083680951838540851e+00
8.630000000000000782e+00 1.085094216586946381e+00
8.640000000000000568e+00 1.086505989178464304e+00
8.650000000000000355e+00 1.087916220293198233e+00
8.660000000000000142e+00 1.089324860721143207e+00
8.669999999999999929e+00 1.090731861366319055e+00
8.679999999999999716e+00 1.092137173251064963e+00
8.689999999999999503e+00 1.093540747520495460e+00
8.700000000000001066e+00 1.094942535447138932e+00
8.710000000000000853e+00 1.096342488435759766e+00
8.720000000000000639e+00 1.097740558028407198e+00
8.730000000000000426e+00 1.099136695909670891e+00
8.740000000000000213e+00 1.100530853912180751e+00
8.750000000000000000e+00 1.101922984022354113e+00
8.759999999999999787e+00 1.103313038386399603e+00
8.769999999999999574e+00 1.104700969316598336e+00
8.779999999999999361e+00 1.106086729297870663e+00
8.790000000000000924e+00 1.107470270994631800e+00
8.800000000000000711e+00 1.108851547257946102e+00
8.810000000000000497e+00 1.110230511133001086e+00
8.820000000000000284e+00 1.111607115866892537e+00
8.830000000000000071e+00 1.112981314916737130e+00
8.839999999999999858e+00 1.114353061958101465e+00
8.849999999999999645e+00 1.115722310893775715e+00
8.859999999999999432e+00 1.117089015862873236e+00
8.870000000000000995e+00 1.118453131250259025e+00
8.880000000000000782e+00 1.119814611696317019e+00
8.890000000000000568e+00 1.121173412107053124e+00
8.900000000000000355e+00 1.122529487664508219e+00
8.910000000000000142e+00 1.123882793837506666e+00
8.919999999999999929e+00 1.125233286392724130e+00
8.929999999999999716e+00 1.126580921406050262e+00
8.939999999999999503e+00 1.127925655274258032e+00
8.950000000000001066e+00 1.129267444726963054e+00
8.960000000000000853e+00 1.130606246838863349e+00
8.970000000000000639e+00 1.131942019042229131e+00
8.980000000000000426e+00 1.133274719139659048e+00
8.990000000000000213e+00 1.134604305317064687e+00
9.000000000000000000e+00 1.135930736156869125e+00
9.009999999999999787e+00 1.137253970651413537e+00
9.019999999999999574e+00 1.138573968216537446e+00
9.029999999999999361e+00 1.139890688705334387e+00
9.040000000000000924e+00 1.141204092422033467e+00
9.050000000000000711e+00 1.142514140136014822e+00
9.060000000000000497e+00 1.143820793095918331e+00
9.070000000000000284e+00 1.145124013043835820e+00
9.080000000000000071e+00 1.146423762229538790e+00
9.089999999999999858e+00 1.147720003424766544e+00
9.099999999999999645e+00 1.149012699937490112e+00
9.109999999999999432e+00 1.150301815626182389e+00
9.120000000000000995e+00 1.151587314914034543e+00
9.130000000000000782e+00 1.152869162803109804e+00
9.140000000000000568e+00 1.154147324888407988e+00
9.150000000000000355e+00 1.155421767371816344e+00
9.160000000000000142e+00 1.156692457075921165e+00
9.169999999999999929e+00 1.157959361457660652e+00
9.179999999999999716e+00 1.159222448621790136e+00
9.189999999999999503e+00 1.160481687334136147e+00
9.200000000000001066e+00 1.161737047034634429e+00
9.210000000000000853e+00 1.162988497850091729e+00
9.220000000000000639e+00 1.164236010606697347e+00
9.230000000000000426e+00 1.165479556842227371e+00
9.240000000000000213e+00 1.166719108817933392e+00
9.250000000000000000e+00 1.167954639530107919e+00
9.259999999999999787e+00 1.169186122721282972e+00
9.269999999999999574e+00 1.170413532891072306e+00
9.279999999999999361e+00 1.171636845306615715e+00
9.290000000000000924e+00 1.172856036012626335e+00
9.300000000000000711e+00 1.174071081841026265e+00
9.310000000000000497e+00 1.175281960420131000e+00
9.320000000000000284e+00 1.176488650183407092e+00
9.330000000000000071e+00 1.177691130377770179e+00
9.339999999999999858e+00 1.178889381071403841e+00
9.349999999999999645e+00 1.180083383161109500e+00
9.359999999999999432e+00 1.181273118379167597e+00
9.370000000000000995e+00 1.182458569299690954e+00
9.380000000000000782e+00 1.183639719344501628e+00
9.390000000000000568e+00 1.184816552788454880e+00
9.400000000000000355e+00 1.185989054764293948e+00
9.410000000000000142e+00 1.187157211266954615e+00
9.419999999999999929e+00 1.188321009157347286e+00
9.429999999999999716e+00 1.189480436165632815e+00
9.439999999999999503e+00 1.190635480893946996e+00
9.450000000000001066e+00 1.191786132818611454e+00
9.460000000000000853e+00 1.192932382291803650e+00
9.470000000000000639e+00 1.194074220542711506e+00
9.480000000000000426e+00 1.195211639678150028e+00
9.490000000000000213e+00 1.196344632682660558e+00
9.500000000000000000e+00 1.197473193418077342e+00
9.509999999999999787e+00 1.198597316622599385e+00
9.519999999999999574e+00 1.199716997909323402e+00
9.529999999999999361e+00 1.200832233764291601e+00
9.540000000000000924e+00 1.201943021544020995e+00
9.550000000000000711e+00 1.203049359472558644e+00
9.560000000000000497e+00 1.204151246638029749e+00
9.570000000000000284e+00 1.205248682988723452e+00
9.580000000000000071e+00 1.206341669328710120e+00
9.589999999999999858e+00 1.207430207312985448e+00
9.599999999999999645e+00 1.208514299442182249e+00
9.609999999999999432e+00 1.209593949056842810e+00
9.620000000000000995e+00 1.210669160331253158e+00
9.630000000000000782e+00 1.211739938266880090e+00
9.640000000000000568e+00 1.212806288685399858e+00
9.650000000000000355e+00 1.213868218221340278e+00
9.660000000000000142e+00 1.214925734314357131e+00
9.669999999999999929e+00 1.215978845201143521e+00
9.679999999999999716e+00 1.217027559907002843e+00
9.689999999999999503e+00 1.218071888237098666e+00
9.700000000000001066e+00 1.219111840767384658e+00
9.710000000000000853e+00 1.220147428835253622e+00
9.720000000000000639e+00 1.221178664529905422e+00
9.730000000000000426e+00 1.222205560682450676e+00
9.740000000000000213e+00 1.223228130855790630e+00
9.750000000000000000e+00 1.224246389334262330e+00
9.759999999999999787e+00 1.225260351113094393e+00
9.769999999999999574e+00 1.226270031887664924e+00
9.779999999999999361e+00 1.227275448042623118e+00
9.790000000000000924e+00 1.228276616640839203e+00
9.800000000000000711e+00 1.229273555412260466e+00
9.810000000000000497e+00 1.230266282742640938e+00
9.820000000000000284e+00 1.231254817662220669e+00
9.830000000000000071e+00 1.232239179834314857e+00
9.839999999999999858e+00 1.233219389543886102e+00
9.849999999999999645e+00 1.234195467686096892e+00
9.859999999999999432e+00 1.235167435754852772e+00
9.870000000000000995e+00 1.236135315831387027e+00
9.880000000000000782e+00 1.237099130572880457e+00
9.890000000000000568e+00 1.238058903201149086e+00
9.900000000000000355e+00 1.239014657491411375e+00
9.910000000000000142e+00 1.239966417761184436e+00
9.919999999999999929e+00 1.240914208859268619e+00
9.929999999999999716e+00 1.241858056154911516e+00
9.939999999999999503e+00 1.242797985527113180e+00
9.950000000000001066e+00 1.243734023354114759e+00
9.960000000000000853e+00 1.244666196503097844e+00
9.970000000000000639e+00 1.245594532320087211e+00
9.980000000000000426e+00 1.246519058620080722e+00
9.990000000000000213e+00 1.247439803677435455e+00
1.000000000000000000e+01 1.248356796216508746e+00
