0.000000000000000000e+00 4.879056312287420814e-17
1.000000000000000021e-02 7.027366297815767306e-10
2.000000000000000042e-02 1.124369721742365704e-08
2.999999999999999889e-02 5.691504638395735348e-08
4.000000000000000083e-02 1.798507873412180992e-07
5.000000000000000278e-02 4.390044982430840147e-07
5.999999999999999778e-02 9.101131334702132653e-07
7.000000000000000666e-02 1.685651729838086091e-06
8.000000000000000167e-02 2.874778236015022365e-06
8.999999999999999667e-02 4.603268508069939663e-06
1.000000000000000056e-01 7.013441581083637316e-06
1.100000000000000006e-01 1.026407533522508345e-05
1.199999999999999956e-01 1.453031268950285572e-05
1.300000000000000044e-01 2.000355847152462512e-05
1.400000000000000133e-01 2.689136712647456981e-05
1.499999999999999944e-01 3.541732144317542527e-05
1.600000000000000033e-01 4.582090248952831854e-05
1.700000000000000122e-01 5.835735096379997071e-05
1.799999999999999933e-01 7.329752018214625859e-05
1.900000000000000022e-01 9.092772093639755397e-05
2.000000000000000111e-01 1.115495584694846452e-04
2.099999999999999922e-01 1.354797618289313010e-04
2.200000000000000011e-01 1.630500058715773459e-04
2.300000000000000100e-01 1.946067262051088241e-04
2.399999999999999911e-01 2.305109273640570066e-04
2.500000000000000000e-01 2.711379845296653292e-04
2.600000000000000089e-01 3.168774391144242608e-04
2.700000000000000178e-01 3.681327885431061558e-04
2.800000000000000266e-01 4.253212705728220576e-04
2.899999999999999800e-01 4.888736425049234171e-04
2.999999999999999889e-01 5.592339556515268971e-04
3.099999999999999978e-01 6.368593254290030089e-04
3.200000000000000067e-01 7.222196974599583499e-04
3.300000000000000155e-01 8.157976100740407062e-04
3.400000000000000244e-01 9.180879536063276313e-04
3.500000000000000333e-01 1.029597726900076090e-03
3.599999999999999867e-01 1.150845791428240818e-03
3.699999999999999956e-01 1.282362623455404489e-03
3.800000000000000044e-01 1.424690064668593121e-03
3.900000000000000133e-01 1.578381071711851096e-03
4.000000000000000222e-01 1.743999465065466589e-03
4.100000000000000311e-01 1.922119677716296188e-03
4.199999999999999845e-01 2.113326504070778180e-03
4.299999999999999933e-01 2.318214849566928391e-03
4.400000000000000022e-01 2.537389481445844266e-03
4.500000000000000111e-01 2.771464781147006846e-03
4.600000000000000200e-01 3.021064498794962753e-03
4.700000000000000289e-01 3.286821510247768183e-03
4.799999999999999822e-01 3.569377577179788652e-03
4.899999999999999911e-01 3.869383110673235444e-03
5.000000000000000000e-01 4.187496938793928633e-03
5.100000000000000089e-01 4.524386078627347721e-03
5.200000000000000178e-01 4.880725513250964986e-03
5.300000000000000266e-01 5.257197974118122882e-03
5.400000000000000355e-01 5.654493729327369350e-03
5.500000000000000444e-01 6.073310378248917597e-03
5.600000000000000533e-01 6.514352652977059739e-03
5.700000000000000622e-01 6.978332227073601526e-03
5.799999999999999600e-01 7.465967532062807444e-03
5.899999999999999689e-01 7.977983582132790880e-03
5.999999999999999778e-01 8.515111807491777124e-03
6.099999999999999867e-01 9.078089896820263141e-03
6.199999999999999956e-01 9.667661649251261397e-03
6.300000000000000044e-01 1.028457683630126102e-02
6.400000000000000133e-01 1.092959107416328554e-02
6.500000000000000222e-01 1.160346570676131124e-02
6.600000000000000311e-01 1.230696769995153969e-02
6.700000000000000400e-01 1.304086954724065217e-02
6.800000000000000488e-01 1.380594918737484966e-02
6.900000000000000577e-01 1.460298993413484091e-02
7.000000000000000666e-01 1.543278041865194482e-02
7.099999999999999645e-01 1.629611454453869235e-02
7.199999999999999734e-01 1.719379145610362356e-02
7.299999999999999822e-01 1.812661551989397032e-02
7.399999999999999911e-01 1.909539631978240601e-02
7.500000000000000000e-01 2.010094866578392495e-02
7.600000000000000089e-01 2.114409261675653448e-02
7.700000000000000178e-01 2.222565351710504428e-02
7.800000000000000266e-01 2.334646204757005045e-02
7.900000000000000355e-01 2.450735429014437583e-02
8.000000000000000444e-01 2.570917180711744521e-02
8.100000000000000533e-01 2.695276173420255508e-02
8.200000000000000622e-01 2.823897688765451136e-02
8.300000000000000711e-01 2.956867588523442308e-02
8.399999999999999689e-01 3.094272328082466397e-02
8.499999999999999778e-01 3.236198971244043376e-02
8.599999999999999867e-01 3.382735206332467687e-02
8.699999999999999956e-01 3.533969363575031886e-02
8.800000000000000044e-01 3.689990433708746631e-02
8.900000000000000133e-01 3.850888087762459333e-02
9.000000000000000222e-01 4.016752697955961598e-02
9.100000000000000311e-01 4.187675359650195467e-02
9.200000000000000400e-01 4.363747914274722361e-02
9.300000000000000488e-01 4.545062973150473806e-02
9.400000000000000577e-01 4.731713942117260485e-02
9.500000000000000666e-01 4.923795046866752401e-02
9.599999999999999645e-01 5.121401358872499504e-02
9.699999999999999734e-01 5.324628821799184952e-02
9.799999999999999822e-01 5.533574278263651836e-02
9.899999999999999911e-01 5.748335496810359074e-02
1.000000000000000000e+00 5.969011198953666497e-02
1.010000000000000009e+00 6.195701086129158652e-02
1.020000000000000018e+00 6.428505866385439416e-02
1.030000000000000027e+00 6.667527280637329523e-02
1.040000000000000036e+00 6.912868128290333702e-02
1.050000000000000044e+00 7.164632292035451322e-02
1.060000000000000053e+00 7.422924761602250898e-02
1.070000000000000062e+00 7.687851656247167431e-02
1.080000000000000071e+00 7.959520245742829347e-02
1.090000000000000080e+00 8.238038969623399932e-02
1.100000000000000089e+00 8.523517454429893614e-02
1.110000000000000098e+00 8.816066528688842885e-02
1.120000000000000107e+00 9.115798235347120915e-02
1.130000000000000115e+00 9.422825841375651046e-02
1.140000000000000124e+00 9.737263844244704869e-02
1.150000000000000133e+00 1.005922797496424381e-01
1.159999999999999920e+00 1.038883519737361510e-01
1.169999999999999929e+00 1.072620370335668899e-01
1.179999999999999938e+00 1.107145290365049300e-01
1.189999999999999947e+00 1.142470341390857402e-01
1.199999999999999956e+00 1.178607703567392945e-01
1.209999999999999964e+00 1.215569673191073397e-01
1.219999999999999973e+00 1.253368659673994856e-01
1.229999999999999982e+00 1.292017181902011813e-01
1.239999999999999991e+00 1.331527863941246725e-01
1.250000000000000000e+00 1.371913430056839189e-01
1.260000000000000009e+00 1.413186699007719649e-01
1.270000000000000018e+00 1.455360577581392700e-01
1.280000000000000027e+00 1.498448053332974428e-01
1.290000000000000036e+00 1.542462186493194498e-01
1.300000000000000044e+00 1.587416101010689085e-01
1.310000000000000053e+00 1.633322974694668417e-01
1.320000000000000062e+00 1.680196028425041399e-01
1.330000000000000071e+00 1.728048514398168034e-01
1.340000000000000080e+00 1.776893703377791234e-01
1.350000000000000089e+00 1.826744870922183961e-01
1.360000000000000098e+00 1.877615282560304022e-01
1.370000000000000107e+00 1.929518177891664799e-01
1.380000000000000115e+00 1.982466753586785702e-01
1.390000000000000124e+00 2.036474145267422320e-01
1.400000000000000133e+00 2.091553408248379708e-01
1.409999999999999920e+00 2.147717497125465336e-01
1.419999999999999929e+00 2.204979244197171895e-01
1.429999999999999938e+00 2.263351336710880402e-01
1.439999999999999947e+00 2.322846292927844003e-01
1.449999999999999956e+00 2.383476437004833359e-01
1.459999999999999964e+00 2.445253872694206354e-01
1.469999999999999973e+00 2.508190455868228308e-01
1.479999999999999982e+00 2.572297765877735731e-01
1.489999999999999991e+00 2.637587075759687538e-01
1.500000000000000000e+00 2.704069321312817520e-01
1.510000000000000009e+00 2.771755069065374166e-01
1.520000000000000018e+00 2.840654483163965183e-01
1.530000000000000027e+00 2.910777291217616636e-01
1.540000000000000036e+00 2.982132749136442995e-01
1.550000000000000044e+00 3.054729605009740001e-01
1.560000000000000053e+00 3.128576062073762931e-01
1.570000000000000062e+00 3.203679740825106648e-01
1.580000000000000071e+00 3.280047640341237081e-01
1.590000000000000080e+00 3.357686098875463099e-01
1.600000000000000089e+00 3.436600753799365915e-01
1.610000000000000098e+00 3.516796500971522965e-01
1.620000000000000107e+00 3.598277453617090282e-01
1.630000000000000115e+00 3.681046900808527256e-01
1.640000000000000124e+00 3.765107265643445889e-01
1.650000000000000133e+00 3.850460063221138873e-01
1.660000000000000142e+00 3.937105858524806434e-01
1.669999999999999929e+00 4.025044224321887576e-01
1.679999999999999938e+00 4.114273699200020062e-01
1.689999999999999947e+00 4.204791745861173879e-01
1.699999999999999956e+00 4.296594709801284662e-01
1.709999999999999964e+00 4.389677778507166117e-01
1.719999999999999973e+00 4.484034941306770383e-01
1.729999999999999982e+00 4.579658950012746588e-01
1.739999999999999991e+00 4.676541280502809483e-01
1.750000000000000000e+00 4.774672095383662995e-01
1.760000000000000009e+00 4.874040207887977982e-01
1.770000000000000018e+00 4.974633047156276633e-01
1.780000000000000027e+00 5.076436625057435537e-01
1.790000000000000036e+00 5.179435504702958326e-01
1.800000000000000044e+00 5.283612770810883763e-01
1.810000000000000053e+00 5.388950002075605372e-01
1.820000000000000062e+00 5.495427245699460173e-01
1.830000000000000071e+00 5.603022994241035892e-01
1.840000000000000080e+00 5.711714164933575644e-01
1.850000000000000089e+00 5.821476081624532561e-01
1.860000000000000098e+00 5.932282459484453652e-01
1.870000000000000107e+00 6.044105392629564033e-01
1.880000000000000115e+00 6.156915344798116196e-01
1.890000000000000124e+00 6.270681143215320885e-01
1.900000000000000133e+00 6.385369975775712081e-01
1.910000000000000142e+00 6.500947391665116148e-01
1.919999999999999929e+00 6.617377305536847887e-01
1.929999999999999938e+00 6.734622005348459561e-01
1.939999999999999947e+00 6.852642163956247368e-01
1.949999999999999956e+00 6.971396854554943179e-01
1.959999999999999964e+00 7.090843570039262467e-01
1.969999999999999973e+00 7.210938246352718295e-01
1.979999999999999982e+00 7.331635289876904382e-01
1.989999999999999991e+00 7.452887608901814787e-01
2.000000000000000000e+00 7.574646649204072046e-01
2.010000000000000231e+00 7.696862433746143317e-01
2.020000000000000018e+00 7.819483606494795902e-01
2.030000000000000249e+00 7.942457480342069998e-01
2.040000000000000036e+00 8.065730089096170286e-01
2.049999999999999822e+00 8.189246243494170407e-01
2.060000000000000053e+00 8.312949591171671093e-01
2.069999999999999840e+00 8.436782680508344567e-01
2.080000000000000071e+00 8.560687028251598996e-01
2.089999999999999858e+00 8.684603190803786843e-01
2.100000000000000089e+00 8.808470839041903089e-01
2.109999999999999876e+00 8.932228836522020377e-01
2.120000000000000107e+00 9.055815320904617716e-01
2.129999999999999893e+00 9.179167788420833363e-01
2.140000000000000124e+00 9.302223181184421374e-01
2.149999999999999911e+00 9.424917977139060099e-01
2.160000000000000142e+00 9.547188282416583238e-01
2.169999999999999929e+00 9.668969925868046156e-01
2.180000000000000160e+00 9.790198555517186652e-01
2.189999999999999947e+00 9.910809736673773518e-01
2.200000000000000178e+00 1.003073905143431643e+00
2.209999999999999964e+00 1.014992219928756656e+00
2.220000000000000195e+00 1.026829509853463218e+00
2.229999999999999982e+00 1.038579398822609967e+00
2.240000000000000213e+00 1.050235553031358959e+00
2.250000000000000000e+00 1.061791691170855367e+00
2.260000000000000231e+00 1.073241594593908221e+00
2.270000000000000018e+00 1.084579117409389948e+00
2.280000000000000249e+00 1.095798196474364827e+00
2.290000000000000036e+00 1.106892861253127913e+00
2.300000000000000266e+00 1.117857243512716092e+00
2.310000000000000053e+00 1.128685586824956122e+00
2.319999999999999840e+00 1.139372255845785720e+00
2.330000000000000071e+00 1.149911745343407565e+00
2.339999999999999858e+00 1.160298688947777990e+00
2.350000000000000089e+00 1.170527867595066329e+00
2.359999999999999876e+00 1.180594217641910193e+00
2.370000000000000107e+00 1.190492838625691663e+00
2.379999999999999893e+00 1.200219000648490297e+00
2.390000000000000124e+00 1.209768151363981525e+00
2.399999999999999911e+00 1.219135922548187256e+00
2.410000000000000142e+00 1.228318136236761005e+00
2.419999999999999929e+00 1.237310810413301265e+00
2.430000000000000160e+00 1.246110164235072482e+00
2.439999999999999947e+00 1.254712622784449172e+00
2.450000000000000178e+00 1.263114821336344784e+00
2.459999999999999964e+00 1.271313609133877476e+00
2.470000000000000195e+00 1.279306052666530080e+00
2.479999999999999982e+00 1.287089438446997081e+00
2.490000000000000213e+00 1.294661275284944457e+00
2.500000000000000000e+00 1.302019296057777442e+00
2.510000000000000231e+00 1.309161458980460324e+00
2.520000000000000018e+00 1.316085948378232340e+00
2.530000000000000249e+00 1.322791174967885119e+00
2.540000000000000036e+00 1.329275775654928493e+00
2.550000000000000266e+00 1.335538612855662333e+00
2.560000000000000053e+00 1.341578773354648924e+00
2.569999999999999840e+00 1.347395566709588266e+00
2.580000000000000071e+00 1.352988523216908101e+00
2.589999999999999858e+00 1.358357391452644114e+00
2.600000000000000089e+00 1.363502135404334403e+00
2.609999999999999876e+00 1.368422931210655724e+00
2.620000000000000107e+00 1.373120163526474258e+00
2.629999999999999893e+00 1.377594421531771252e+00
2.640000000000000124e+00 1.381846494603615305e+00
2.649999999999999911e+00 1.385877367670918181e+00
2.660000000000000142e+00 1.389688216272203958e+00
2.669999999999999929e+00 1.393280401336981056e+00
2.680000000000000160e+00 1.396655463711581557e+00
2.689999999999999947e+00 1.399815118450486562e+00
2.700000000000000178e+00 1.402761248894241586e+00
2.709999999999999964e+00 1.405495900555050470e+00
2.720000000000000195e+00 1.408021274831022573e+00
2.729999999999999982e+00 1.410339722569879051e+00
2.740000000000000213e+00 1.412453737502656903e+00
2.750000000000000000e+00 1.414365949567642833e+00
2.760000000000000231e+00 1.416079118144362159e+00
2.770000000000000018e+00 1.417596125217027492e+00
2.780000000000000249e+00 1.418919968486327621e+00
2.790000000000000036e+00 1.420053754447937910e+00
2.800000000000000266e+00 1.421000691455507114e+00
2.810000000000000053e+00 1.421764082785296868e+00
2.819999999999999840e+00 1.422347319718979541e+00
2.830000000000000071e+00 1.422753874660441120e+00
2.839999999999999858e+00 1.422987294301733430e+00
2.850000000000000089e+00 1.423051192852619051e+00
2.859999999999999876e+00 1.422949245347412628e+00
2.870000000000000107e+00 1.422685181042101510e+00
2.879999999999999893e+00 1.422262776913982840e+00
2.890000000000000124e+00 1.421685851275303891e+00
2.899999999999999911e+00 1.420958257511652612e+00
2.910000000000000142e+00 1.420083877955096607e+00
2.919999999999999929e+00 1.419066617901328708e+00
2.930000000000000160e+00 1.417910399779338082e+00
2.939999999999999947e+00 1.416619157481399105e+00
2.950000000000000178e+00 1.415196830860449007e+00
2.959999999999999964e+00 1.413647360401210529e+00
2.970000000000000195e+00 1.411974682070725073e+00
2.979999999999999982e+00 1.410182722353267026e+00
2.990000000000000213e+00 1.408275393473938486e+00
3.000000000000000000e+00 1.406256588814587705e+00
3.010000000000000231e+00 1.404130178525051509e+00
3.020000000000000018e+00 1.401900005332088917e+00
3.030000000000000249e+00 1.399569880547771206e+00
3.040000000000000036e+00 1.397143580278495723e+00
3.050000000000000266e+00 1.394624841835223172e+00
3.060000000000000053e+00 1.392017360344978583e+00
3.070000000000000284e+00 1.389324785563122999e+00
3.080000000000000071e+00 1.386550718885400046e+00
3.089999999999999858e+00 1.383698710558247225e+00
3.100000000000000089e+00 1.380772257085421950e+00
3.109999999999999876e+00 1.377774798828516722e+00
3.120000000000000107e+00 1.374709717798532571e+00
3.129999999999999893e+00 1.371580335635279813e+00
3.140000000000000124e+00 1.368389911770977241e+00
3.149999999999999911e+00 1.365141641774107573e+00
3.160000000000000142e+00 1.361838655869221926e+00
3.169999999999999929e+00 1.358484017628114771e+00
3.180000000000000160e+00 1.355080722827502582e+00
3.189999999999999947e+00 1.351631698468090947e+00
3.200000000000000178e+00 1.348139801949693295e+00
3.209999999999999964e+00 1.344607820396876541e+00
3.220000000000000195e+00 1.341038470129419347e+00
3.229999999999999982e+00 1.337434396271746317e+00
3.240000000000000213e+00 1.333798172495357370e+00
3.250000000000000000e+00 1.330132300888202890e+00
3.260000000000000231e+00 1.326439211944862251e+00
3.270000000000000018e+00 1.322721264671356201e+00
3.280000000000000249e+00 1.318980746798388282e+00
3.290000000000000036e+00 1.315219875096816926e+00
3.300000000000000266e+00 1.311440795789185820e+00
3.310000000000000053e+00 1.307645585051175674e+00
3.320000000000000284e+00 1.303836249596906915e+00
3.330000000000000071e+00 1.300014727342117427e+00
3.339999999999999858e+00 1.296182888139310929e+00
3.350000000000000089e+00 1.292342534579121516e+00
3.359999999999999876e+00 1.288495402852260163e+00
3.370000000000000107e+00 1.284643163666536525e+00
3.379999999999999893e+00 1.280787423213643805e+00
3.390000000000000124e+00 1.276929724180543069e+00
3.399999999999999911e+00 1.273071546800467191e+00
3.410000000000000142e+00 1.269214309938766494e+00
3.419999999999999929e+00 1.265359372209003963e+00
3.430000000000000160e+00 1.261508033114923766e+00
3.439999999999999947e+00 1.257661534214126187e+00
3.450000000000000178e+00 1.253821060299482371e+00
3.459999999999999964e+00 1.249987740594568741e+00
3.470000000000000195e+00 1.246162649959585256e+00
3.479999999999999982e+00 1.242346810104476118e+00
3.490000000000000213e+00 1.238541190806162762e+00
3.500000000000000000e+00 1.234746711127032270e+00
3.510000000000000231e+00 1.230964240632040241e+00
3.520000000000000018e+00 1.227194600601985375e+00
3.530000000000000249e+00 1.223438565240747566e+00
3.540000000000000036e+00 1.219696862874450893e+00
3.550000000000000266e+00 1.215970177140737407e+00
3.560000000000000053e+00 1.212259148166532130e+00
3.570000000000000284e+00 1.208564373732823549e+00
3.580000000000000071e+00 1.204886410425223042e+00
3.589999999999999858e+00 1.201225774769187682e+00
3.600000000000000089e+00 1.197582944348981826e+00
3.609999999999999876e+00 1.193958358909581685e+00
3.620000000000000107e+00 1.190352421440913355e+00
3.629999999999999893e+00 1.186765499243902955e+00
3.640000000000000124e+00 1.183197924977988258e+00
3.649999999999999911e+00 1.179649997689836027e+00
3.660000000000000142e+00 1.176121983823132267e+00
3.669999999999999929e+00 1.172614118209409195e+00
3.680000000000000160e+00 1.169126605039973343e+00
3.689999999999999947e+00 1.165659618819077759e+00
3.700000000000000178e+00 1.162213305298564148e+00
3.709999999999999964e+00 1.158787782394268939e+00
3.720000000000000195e+00 1.155383141084536547e+00
3.729999999999999982e+00 1.151999446291273932e+00
3.740000000000000213e+00 1.148636737743959246e+00
3.750000000000000000e+00 1.145295030827141236e+00
3.760000000000000231e+00 1.141974317411918127e+00
3.770000000000000018e+00 1.138674566671969535e+00
3.780000000000000249e+00 1.135395725884699170e+00
3.790000000000000036e+00 1.132137721218072768e+00
3.800000000000000266e+00 1.128900458503752979e+00
3.810000000000000053e+00 1.125683823997101873e+00
3.820000000000000284e+00 1.122487685124671453e+00
3.830000000000000071e+00 1.119311891219747723e+00
3.839999999999999858e+00 1.116156274246522528e+00
3.850000000000000089e+00 1.113020649513471350e+00
3.859999999999999876e+00 1.109904816376453551e+00
3.870000000000000107e+00 1.106808558932075526e+00
3.879999999999999893e+00 1.103731646701807900e+00
3.890000000000000124e+00 1.100673835307317106e+00
3.899999999999999911e+00 1.097634867137469605e+00
3.910000000000000142e+00 1.094614472007401584e+00
3.919999999999999929e+00 1.091612367810047113e+00
3.930000000000000160e+00 1.088628261160459854e+00
3.939999999999999947e+00 1.085661848033236732e+00
3.950000000000000178e+00 1.082712814393326672e+00
3.959999999999999964e+00 1.079780836820448009e+00
3.970000000000000195e+00 1.076865583127324166e+00
3.979999999999999982e+00 1.073966712971899717e+00
3.990000000000000213e+00 1.071083878463659600e+00
4.000000000000000000e+00 1.068216724764139425e+00
4.009999999999999787e+00 1.065364890681685717e+00
4.020000000000000462e+00 1.062528009260476303e+00
4.030000000000000249e+00 1.059705708363785304e+00
4.040000000000000036e+00 1.056897611251441660e+00
4.049999999999999822e+00 1.054103337151387487e+00
4.060000000000000497e+00 1.051322501825228128e+00
4.070000000000000284e+00 1.048554718127613583e+00
4.080000000000000071e+00 1.045799596559279232e+00
4.089999999999999858e+00 1.043056745813532693e+00
4.099999999999999645e+00 1.040325773315956548e+00
4.110000000000000320e+00 1.037606285757062041e+00
4.120000000000000107e+00 1.034897889617617528e+00
4.129999999999999893e+00 1.032200191686334589e+00
4.139999999999999680e+00 1.029512799569598513e+00
4.150000000000000355e+00 1.026835322192892752e+00
4.160000000000000142e+00 1.024167370293558976e+00
4.169999999999999929e+00 1.021508556904514364e+00
4.179999999999999716e+00 1.018858497828548870e+00
4.190000000000000391e+00 1.016216812102792577e+00
4.200000000000000178e+00 1.013583122452957008e+00
4.209999999999999964e+00 1.010957055736931842e+00
4.219999999999999751e+00 1.008338243377318699e+00
4.230000000000000426e+00 1.005726321782490551e+00
4.240000000000000213e+00 1.003120932755741546e+00
4.250000000000000000e+00 1.000521723892121129e+00
4.259999999999999787e+00 9.979283489625269121e-01
4.270000000000000462e+00 9.953404682846480611e-01
4.280000000000000249e+00 9.927577490803557447e-01
4.290000000000000036e+00 9.901798658191393043e-01
4.299999999999999822e+00 9.876065005472078884e-01
4.310000000000000497e+00 9.850373432018837416e-01
4.320000000000000284e+00 9.824720919109216632e-01
4.330000000000000071e+00 9.799104532764176811e-01
4.339999999999999858e+00 9.773521426429777614e-01
4.350000000000000533e+00 9.747968843498349134e-01
4.360000000000000320e+00 9.722444119666325824e-01
4.370000000000000107e+00 9.696944685125997720e-01
4.379999999999999893e+00 9.671468066588841950e-01
4.389999999999999680e+00 9.646011889138119688e-01
4.400000000000000355e+00 9.620573877908875637e-01
4.410000000000000142e+00 9.595151859593643584e-01
4.419999999999999929e+00 9.569743763772344813e-01
4.429999999999999716e+00 9.544347624065442348e-01
4.440000000000000391e+00 9.518961579109280757e-01
4.450000000000000178e+00 9.493583873353238500e-01
4.459999999999999964e+00 9.468212857678351968e-01
4.469999999999999751e+00 9.442846989837532234e-01
4.480000000000000426e+00 9.417484834717673170e-01
4.490000000000000213e+00 9.392125064424440284e-01
4.500000000000000000e+00 9.366766458190668443e-01
4.509999999999999787e+00 9.341407902109737371e-01
4.520000000000000462e+00 9.316048388695562510e-01
4.530000000000000249e+00 9.290687016271159671e-01
4.540000000000000036e+00 9.265322988188111619e-01
4.549999999999999822e+00 9.239955611879477893e-01
4.560000000000000497e+00 9.214584297749105479e-01
4.570000000000000284e+00 9.189208557900581109e-01
4.580000000000000071e+00 9.163828004709274611e-01
4.589999999999999858e+00 9.138442349241381324e-01
4.600000000000000533e+00 9.113051399524043639e-01
4.610000000000000320e+00 9.087655058670928154e-01
4.620000000000000107e+00 9.062253322867962479e-01
4.629999999999999893e+00 9.036846279224128864e-01
4.639999999999999680e+00 9.011434103492548253e-01
4.650000000000000355e+00 8.986017057667210484e-01
4.660000000000000142e+00 8.960595487461110453e-01
4.669999999999999929e+00 8.935169819671545666e-01
4.679999999999999716e+00 8.909740559438785734e-01
4.690000000000000391e+00 8.884308287404265592e-01
4.700000000000000178e+00 8.858873656774872707e-01
4.709999999999999964e+00 8.833437390299826442e-01
4.719999999999999751e+00 8.808000277167005176e-01
4.730000000000000426e+00 8.782563169825551297e-01
4.740000000000000213e+00 8.757126980741821720e-01
4.750000000000000000e+00 8.731692679095727216e-01
4.759999999999999787e+00 8.706261287424674755e-01
4.770000000000000462e+00 8.680833878222447009e-01
4.780000000000000249e+00 8.655411570500171070e-01
4.790000000000000036e+00 8.629995526316891485e-01
4.799999999999999822e+00 8.604586947286942955e-01
4.810000000000000497e+00 8.579187071071618931e-01
4.820000000000000284e+00 8.553797167862368100e-01
4.830000000000000071e+00 8.528418536862854005e-01
4.839999999999999858e+00 8.503052502777145305e-01
4.850000000000000533e+00 8.477700412311177658e-01
4.860000000000000320e+00 8.452363630694602614e-01
4.870000000000000107e+00 8.427043538230026831e-01
4.879999999999999893e+00 8.401741526876437272e-01
4.889999999999999680e+00 8.376458996873686891e-01
4.900000000000000355e+00 8.351197353414492319e-01
4.910000000000000142e+00 8.325958003370451666e-01
4.919999999999999929e+00 8.300742352078329667e-01
4.929999999999999716e+00 8.275551800192632035e-01
4.940000000000000391e+00 8.250387740610350962e-01
4.950000000000000178e+00 8.225251555473559462e-01
4.959999999999999964e+00 8.200144613255154757e-01
4.969999999999999751e+00 8.175068265933065348e-01
4.980000000000000426e+00 8.150023846257731241e-01
4.990000000000000213e+00 8.125012665117601340e-01
5.000000000000000000e+00 8.100036009006977844e-01
5.009999999999999787e+00 8.075095134926308926e-01
5.020000000000000462e+00 8.050191253155458693e-01
5.030000000000000249e+00 8.025325501300605291e-01
5.040000000000000036e+00 8.000498945544020080e-01
5.049999999999999822e+00 7.975712578922695695e-01
5.060000000000000497e+00 7.950967320848992825e-01
5.070000000000000284e+00 7.926264016723937322e-01
5.080000000000000071e+00 7.901603437721773648e-01
5.089999999999999858e+00 7.876986280735724932e-01
5.100000000000000533e+00 7.852413168484184691e-01
5.110000000000000320e+00 7.827884649777149262e-01
5.120000000000000107e+00 7.803401199942273658e-01
5.129999999999999893e+00 7.778963221409563866e-01
5.139999999999999680e+00 7.754571044453366646e-01
5.150000000000000355e+00 7.730224928089981518e-01
5.160000000000000142e+00 7.705925061128905407e-01
5.169999999999999929e+00 7.681671563375329637e-01
5.179999999999999716e+00 7.657464486981250262e-01
5.190000000000000391e+00 7.633303817942168612e-01
5.200000000000000178e+00 7.609189477736124640e-01
5.209999999999999964e+00 7.585121325101364942e-01
5.219999999999999751e+00 7.561099157948757421e-01
5.230000000000000426e+00 7.537122715404810380e-01
5.240000000000000213e+00 7.513191679980657511e-01
5.250000000000000000e+00 7.489305679862396925e-01
5.259999999999999787e+00 7.465464291317627232e-01
5.270000000000000462e+00 7.441667041212967071e-01
5.280000000000000249e+00 7.417913409637045818e-01
5.290000000000000036e+00 7.394202832623136823e-01
5.299999999999999822e+00 7.370534704965580053e-01
5.310000000000000497e+00 7.346908383123733621e-01
5.320000000000000284e+00 7.323323188207153667e-01
5.330000000000000071e+00 7.299778409035442284e-01
5.339999999999999858e+00 7.276273305266089952e-01
5.350000000000000533e+00 7.252807110583484596e-01
5.360000000000000320e+00 7.229379035942101739e-01
5.370000000000000107e+00 7.205988272856769239e-01
5.379999999999999893e+00 7.182633996732917803e-01
5.389999999999999680e+00 7.159315370229426545e-01
5.400000000000000355e+00 7.136031546646798285e-01
5.410000000000000142e+00 7.112781673333310462e-01
5.419999999999999929e+00 7.089564895101614361e-01
5.429999999999999716e+00 7.066380357648420762e-01
5.440000000000000391e+00 7.043227210969777996e-01
5.450000000000000178e+00 7.020104612764579421e-01
5.459999999999999964e+00 6.997011731818733038e-01
5.469999999999999751e+00 6.973947751362841174e-01
5.480000000000000426e+00 6.950911872395885149e-01
5.490000000000000213e+00 6.927903316967836123e-01
5.500000000000000000e+00 6.904921331413966801e-01
5.509999999999999787e+00 6.881965189533871818e-01
5.520000000000000462e+00 6.859034195708312298e-01
5.530000000000000249e+00 6.836127687947044507e-01
5.540000000000000036e+00 6.813245040861092283e-01
5.549999999999999822e+00 6.790385668552998411e-01
5.560000000000000497e+00 6.767549027418758856e-01
5.570000000000000284e+00 6.744734618855380281e-01
5.580000000000000071e+00 6.721941991868218835e-01
5.589999999999999858e+00 6.699170745572433638e-01
5.600000000000000533e+00 6.676420531583119322e-01
5.610000000000000320e+00 6.653691056289022798e-01
5.620000000000000107e+00 6.630982083004836047e-01
5.629999999999999893e+00 6.608293433997498578e-01
5.639999999999999680e+00 6.585624992382076437e-01
5.650000000000000355e+00 6.562976703883175444e-01
5.660000000000000142e+00 6.540348578458069495e-01
5.669999999999999929e+00 6.517740691778070028e-01
5.679999999999999716e+00 6.495153186564919245e-01
5.690000000000000391e+00 6.472586273779382671e-01
5.700000000000000178e+00 6.450040233659486422e-01
5.709999999999999964e+00 6.427515416606153220e-01
5.719999999999999751e+00 6.405012243914380843e-01
5.730000000000000426e+00 6.382531208348410923e-01
5.740000000000000213e+00 6.360072874559671297e-01
5.750000000000000000e+00 6.337637879346598169e-01
5.759999999999999787e+00 6.315226931755870687e-01
5.770000000000000462e+00 6.292840813024807023e-01
5.780000000000000249e+00 6.270480376365145103e-01
5.790000000000000036e+00 6.248146546588646544e-01
5.799999999999999822e+00 6.225840319575427495e-01
5.810000000000000497e+00 6.203562761586176588e-01
5.820000000000000284e+00 6.181315008419785428e-01
5.830000000000000071e+00 6.159098264418231272e-01
5.839999999999999858e+00 6.136913801320929007e-01
5.850000000000000533e+00 6.114762956971043772e-01
5.860000000000000320e+00 6.092647133876591958e-01
5.870000000000000107e+00 6.070567797629452533e-01
5.879999999999999893e+00 6.048526475185775908e-01
5.889999999999999680e+00 6.026524753011482938e-01
5.900000000000000355e+00 6.004564275096923032e-01
5.910000000000000142e+00 5.982646740844976829e-01
5.919999999999999929e+00 5.960773902837167570e-01
5.929999999999999716e+00 5.938947564482688346e-01
5.940000000000000391e+00 5.917169577555329019e-01
5.950000000000000178e+00 5.895441839623744018e-01
5.959999999999999964e+00 5.873766291380498883e-01
5.969999999999999751e+00 5.852144913875756416e-01
5.980000000000000426e+00 5.830579725661521051e-01
5.990000000000000213e+00 5.809072779852586521e-01
6.000000000000000000e+00 5.787626161110575040e-01
6.009999999999999787e+00 5.766241982557474000e-01
6.020000000000000462e+00 5.744922382625383683e-01
6.030000000000000249e+00 5.723669521849216180e-01
6.040000000000000036e+00 5.702485579609184452e-01
6.049999999999999822e+00 5.681372750830175899e-01
6.060000000000000497e+00 5.660333242644972618e-01
6.070000000000000284e+00 5.639369271028551456e-01
6.080000000000000071e+00 5.618483057410589288e-01
6.089999999999999858e+00 5.597676825273509849e-01
6.100000000000000533e+00 5.576952796743228635e-01
6.110000000000000320e+00 5.556313189179989953e-01
6.120000000000000107e+00 5.535760211776449280e-01
6.129999999999999893e+00 5.515296062170359503e-01
6.140000000000000568e+00 5.494922923078965349e-01
6.150000000000000355e+00 5.474642958962356865e-01
6.160000000000000142e+00 5.454458312722777480e-01
6.169999999999999929e+00 5.434371102446983182e-01
6.179999999999999716e+00 5.414383418198459585e-01
6.190000000000000391e+00 5.394497318866351421e-01
6.200000000000000178e+00 5.374714829077761324e-01
6.209999999999999964e+00 5.355037936179861680e-01
6.219999999999999751e+00 5.335468587298289878e-01
6.230000000000000426e+00 5.316008686477924350e-01
6.240000000000000213e+00 5.296660091912086532e-01
6.250000000000000000e+00 5.277424613265970788e-01
6.259999999999999787e+00 5.258304009099895593e-01
6.270000000000000462e+00 5.239299984397765009e-01
6.280000000000000249e+00 5.220414188205885209e-01
6.290000000000000036e+00 5.201648211387008836e-01
6.299999999999999822e+00 5.183003584494318972e-01
6.310000000000000497e+00 5.164481775769673710e-01
6.320000000000000284e+00 5.146084189270279108e-01
6.330000000000000071e+00 5.127812163127568601e-01
6.339999999999999858e+00 5.109666967941906002e-01
6.350000000000000533e+00 5.091649805316288413e-01
6.360000000000000320e+00 5.073761806532041119e-01
6.370000000000000107e+00 5.056004031369120133e-01
6.379999999999999893e+00 5.038377467073369420e-01
6.390000000000000568e+00 5.020883027472681226e-01
6.400000000000000355e+00 5.003521552243846982e-01
6.410000000000000142e+00 4.986293806331306144e-01
6.419999999999999929e+00 4.969200479518960378e-01
6.429999999999999716e+00 4.952242186155677017e-01
6.440000000000000391e+00 4.935419465034858177e-01
6.450000000000000178e+00 4.918732779428101054e-01
6.459999999999999964e+00 4.902182517272695716e-01
6.469999999999999751e+00 4.885768991512274839e-01
6.480000000000000426e+00 4.869492440589696658e-01
6.490000000000000213e+00 4.853353029090892723e-01
6.500000000000000000e+00 4.837350848538009007e-01
6.509999999999999787e+00 4.821485918330025155e-01
6.520000000000000462e+00 4.805758186828492651e-01
6.530000000000000249e+00 4.790167532585979382e-01
6.540000000000000036e+00 4.774713765714233005e-01
6.549999999999999822e+00 4.759396629389063826e-01
6.560000000000000497e+00 4.744215801488382289e-01
6.570000000000000284e+00 4.729170896359783383e-01
6.580000000000000071e+00 4.714261466713627335e-01
6.589999999999999858e+00 4.699487005637402737e-01
6.600000000000000533e+00 4.684846948726849591e-01
6.610000000000000320e+00 4.670340676329115537e-01
6.620000000000000107e+00 4.655967515892948105e-01
6.629999999999999893e+00 4.641726744420737183e-01
6.640000000000000568e+00 4.627617591016994769e-01
6.650000000000000355e+00 4.613639239527672631e-01
6.660000000000000142e+00 4.599790831264474189e-01
6.669999999999999929e+00 4.586071467808287561e-01
6.679999999999999716e+00 4.572480213885521949e-01
6.690000000000000391e+00 4.559016100311134023e-01
6.700000000000000178e+00 4.545678126991915535e-01
6.709999999999999964e+00 4.532465265983508518e-01
6.719999999999999751e+00 4.519376464594563325e-01
6.730000000000000426e+00 4.506410648531287699e-01
6.740000000000000213e+00 4.493566725075607837e-01
6.750000000000000000e+00 4.480843586290063629e-01
6.759999999999999787e+00 4.468240112242621853e-01
6.770000000000000462e+00 4.455755174244382388e-01
6.780000000000000249e+00 4.443387638093305725e-01
6.790000000000000036e+00 4.431136367316969027e-01
6.799999999999999822e+00 4.419000226407490128e-01
6.810000000000000497e+00 4.406978084041641708e-01
6.820000000000000284e+00 4.395068816279380508e-01
6.830000000000000071e+00 4.383271309733909327e-01
6.839999999999999858e+00 4.371584464706653184e-01
6.850000000000000533e+00 4.360007198280420049e-01
6.860000000000000320e+00 4.348538447364280746e-01
6.870000000000000107e+00 4.337177171683710419e-01
6.879999999999999893e+00 4.325922356709729355e-01
6.890000000000000568e+00 4.314773016520877524e-01
6.900000000000000355e+00 4.303728196592045974e-01
6.910000000000000142e+00 4.292786976504344709e-01
6.919999999999999929e+00 4.281948472570324959e-01
6.929999999999999716e+00 4.271211840369180668e-01
6.940000000000000391e+00 4.260576277186584604e-01
6.950000000000000178e+00 4.250041024354207497e-01
6.959999999999999964e+00 4.239605369484042430e-01
6.969999999999999751e+00 4.229268648593000335e-01
6.980000000000000426e+00 4.219030248113422310e-01
6.990000000000000213e+00 4.208889606785409798e-01
7.000000000000000000e+00 4.198846217427186223e-01
7.009999999999999787e+00 4.188899628579884626e-01
7.020000000000000462e+00 4.179049446023522796e-01
7.030000000000000249e+00 4.169295334161144950e-01
7.040000000000000036e+00 4.159637017268392745e-01
7.049999999999999822e+00 4.150074280606136923e-01
7.060000000000000497e+00 4.140606971393971936e-01
7.070000000000000284e+00 4.131234999642832695e-01
7.080000000000000071e+00 4.121958338845123637e-01
7.089999999999999858e+00 4.112777026521204915e-01
7.100000000000000533e+00 4.103691164621311449e-01
7.110000000000000320e+00 4.094700919782288118e-01
7.120000000000000107e+00 4.085806523438879068e-01
7.129999999999999893e+00 4.077008271789590577e-01
7.140000000000000568e+00 4.068306525617425562e-01
7.150000000000000355e+00 4.059701709966180294e-01
7.160000000000000142e+00 4.051194313673219249e-01
7.169999999999999929e+00 4.042784888759964335e-01
7.179999999999999716e+00 4.034474049681686658e-01
7.190000000000000391e+00 4.026262472438417728e-01
7.200000000000000178e+00 4.018150893549123914e-01
7.209999999999999964e+00 4.010140108891555033e-01
7.219999999999999751e+00 4.002230972410510401e-01
7.230000000000000426e+00 3.994424394697442260e-01
7.240000000000000213e+00 3.986721341444703359e-01
7.250000000000000000e+00 3.979122831777889835e-01
7.259999999999999787e+00 3.971629936470057465e-01
7.270000000000000462e+00 3.964243776041833645e-01
7.280000000000000249e+00 3.956965518751610067e-01
7.290000000000000036e+00 3.949796378480320280e-01
7.299999999999999822e+00 3.942737612515430090e-01
7.310000000000000497e+00 3.935790519239065199e-01
7.320000000000000284e+00 3.928956435725295959e-01
7.330000000000000071e+00 3.922236735251845019e-01
7.339999999999999858e+00 3.915632824731679618e-01
7.350000000000000533e+00 3.909146142069984675e-01
7.360000000000000320e+00 3.902778153452304832e-01
7.370000000000000107e+00 3.896530350569687995e-01
7.379999999999999893e+00 3.890404247786801162e-01
7.390000000000000568e+00 3.884401379259115883e-01
7.400000000000000355e+00 3.878523296005310095e-01
7.410000000000000142e+00 3.872771562941192958e-01
7.419999999999999929e+00 3.867147755881414350e-01
7.429999999999999716e+00 3.861653458515381110e-01
7.440000000000000391e+00 3.856290259363769901e-01
7.450000000000000178e+00 3.851059748722085452e-01
7.459999999999999964e+00 3.845963515597720650e-01
7.469999999999999751e+00 3.841003144646939482e-01
7.480000000000000426e+00 3.836180213118244309e-01
7.490000000000000213e+00 3.831496287808519585e-01
7.500000000000000000e+00 3.826952922038289184e-01
7.509999999999999787e+00 3.822551652652428911e-01
7.520000000000000462e+00 3.818293997052515931e-01
7.530000000000000249e+00 3.814181450266992957e-01
7.540000000000000036e+00 3.810215482065184012e-01
7.549999999999999822e+00 3.806397534121095938e-01
7.560000000000000497e+00 3.802729017232830966e-01
7.570000000000000284e+00 3.799211308603306358e-01
7.580000000000000071e+00 3.795845749187769513e-01
7.589999999999999858e+00 3.792633641113553611e-01
7.600000000000000533e+00 3.789576245177237457e-01
7.610000000000000320e+00 3.786674778424261589e-01
7.620000000000000107e+00 3.783930411815845662e-01
7.629999999999999893e+00 3.781344267987843955e-01
7.640000000000000568e+00 3.778917419105995990e-01
7.650000000000000355e+00 3.776650884821760035e-01
7.660000000000000142e+00 3.774545630332755142e-01
7.669999999999999929e+00 3.772602564551564841e-01
7.679999999999999716e+00 3.770822538386400247e-01
7.690000000000000391e+00 3.769206343136967119e-01
7.700000000000000178e+00 3.767754709008465652e-01
7.709999999999999964e+00 3.766468303746554613e-01
7.719999999999999751e+00 3.765347731395757291e-01
7.730000000000000426e+00 3.764393531183538588e-01
7.740000000000000213e+00 3.763606176532032777e-01
7.750000000000000000e+00 3.762986074199062836e-01
7.759999999999999787e+00 3.762533563549909088e-01
7.770000000000000462e+00 3.762248915960934581e-01
7.780000000000000249e+00 3.762132334355890451e-01
7.790000000000000036e+00 3.762183952875505222e-01
7.799999999999999822e+00 3.762403836680608959e-01
7.810000000000000497e+00 3.762791981888816140e-01
7.820000000000000284e+00 3.763348315644453601e-01
7.830000000000000071e+00 3.764072696321215661e-01
7.839999999999999858e+00 3.764964913856677642e-01
7.850000000000000533e+00 3.766024690217559256e-01
7.860000000000000320e+00 3.767251679994367275e-01
7.870000000000000107e+00 3.768645471123777679e-01
7.879999999999999893e+00 3.770205585736798870e-01
7.890000000000000568e+00 3.771931481130604835e-01
7.900000000000000355e+00 3.773822550861566372e-01
7.910000000000000142e+00 3.775878125956855236e-01
7.919999999999999929e+00 3.778097476241671360e-01
7.930000000000000604e+00 3.780479811778982291e-01
7.940000000000000391e+00 3.783024284418404215e-01
7.950000000000000178e+00 3.785729989450614674e-01
7.959999999999999964e+00 3.788595967363548311e-01
7.969999999999999751e+00 3.791621205696351082e-01
7.980000000000000426e+00 3.794804640986910726e-01
7.990000000000000213e+00 3.798145160808624743e-01
8.000000000000000000e+00 3.801641605891811215e-01
8.009999999999999787e+00 3.805292772325144512e-01
8.019999999999999574e+00 3.809097413832188694e-01
8.029999999999999361e+00 3.813054244118084801e-01
8.040000000000000924e+00 3.817161939281242256e-01
8.050000000000000711e+00 3.821419140284823546e-01
8.060000000000000497e+00 3.825824455482656483e-01
8.070000000000000284e+00 3.830376463194126169e-01
8.080000000000000071e+00 3.835073714322547178e-01
8.089999999999999858e+00 3.839914735011402125e-01
8.099999999999999645e+00 3.844898029332787792e-01
8.109999999999999432e+00 3.850022082002371171e-01
8.120000000000000995e+00 3.855285361115132203e-01
8.130000000000000782e+00 3.860686320896079549e-01
8.140000000000000568e+00 3.866223404460252255e-01
8.150000000000000355e+00 3.871895046576135924e-01
8.160000000000000142e+00 3.877699676426816788e-01
8.169999999999999929e+00 3.883635720363098343e-01
8.179999999999999716e+00 3.889701604642886723e-01
8.189999999999999503e+00 3.895895758151220467e-01
8.199999999999999289e+00 3.902216615095343011e-01
8.210000000000000853e+00 3.908662617669305117e-01
8.220000000000000639e+00 3.915232218682661580e-01
8.230000000000000426e+00 3.921923884147968664e-01
8.240000000000000213e+00 3.928736095821794838e-01
8.250000000000000000e+00 3.935667353694176640e-01
8.259999999999999787e+00 3.942716178421526996e-01
8.269999999999999574e+00 3.949881113698138213e-01
8.279999999999999361e+00 3.957160728561598950e-01
8.290000000000000924e+00 3.964553619627552150e-01
8.300000000000000711e+00 3.972058413249441866e-01
8.310000000000000497e+00 3.979673767599045120e-01
8.320000000000000284e+00 3.987398374663745360e-01
8.330000000000000071e+00 3.995230962156720023e-01
8.339999999999999858e+00 4.003170295336435092e-01
8.349999999999999645e+00 4.011215178731969422e-01
8.359999999999999432e+00 4.019364457771003041e-01
8.370000000000000995e+00 4.027617020307405760e-01
8.380000000000000782e+00 4.035971798045693837e-01
8.390000000000000568e+00 4.044427767859788969e-01
8.400000000000000355e+00 4.052983953003741480e-01
8.410000000000000142e+00 4.061639424212353244e-01
8.419999999999999929e+00 4.070393300689839622e-01
8.429999999999999716e+00 4.079244750984929446e-01
8.439999999999999503e+00 4.088192993751051940e-01
8.449999999999999289e+00 4.097237298390506433e-01
8.460000000000000853e+00 4.106376985581703387e-01
8.470000000000000639e+00 4.115611427688927737e-01
8.480000000000000426e+00 4.124940049054210967e-01
8.490000000000000213e+00 4.134362326171209800e-01
8.500000000000000000e+00 4.143877787741228058e-01
8.509999999999999787e+00 4.153486014611744159e-01
8.519999999999999574e+00 4.163186639598085992e-01
8.529999999999999361e+00 4.172979347189083588e-01
8.540000000000000924e+00 4.182863873137868116e-01
8.550000000000000711e+00 4.192840003939066751e-01
8.560000000000000497e+00 4.202907576194055972e-01
8.570000000000000284e+00 4.213066475866011906e-01
8.580000000000000071e+00 4.223316637426812736e-01
8.589999999999999858e+00 4.233658042898018059e-01
8.599999999999999645e+00 4.244090720788395998e-01
8.609999999999999432e+00 4.254614744930637626e-01
8.620000000000000995e+00 4.265230233220132505e-01
8.630000000000000782e+00 4.275937346258852356e-01
8.640000000000000568e+00 4.286736285907591926e-01
8.650000000000000355e+00 4.297627293749926025e-01
8.660000000000000142e+00 4.308610649471560916e-01
8.669999999999999929e+00 4.319686669158739334e-01
8.679999999999999716e+00 4.330855703519619349e-01
8.689999999999999503e+00 4.342118136032709907e-01
8.700000000000001066e+00 4.353474381026460338e-01
8.710000000000000853e+00 4.364924881694358105e-01
8.720000000000000639e+00 4.376470108049949070e-01
8.730000000000000426e+00 4.388110554826255560e-01
8.740000000000000213e+00 4.399846739324251854e-01
8.750000000000000000e+00 4.411679199215066682e-01
8.759999999999999787e+00 4.423608490300706131e-01
8.769999999999999574e+00 4.435635184238124196e-01
8.779999999999999361e+00 4.447759866231525416e-01
8.790000000000000924e+00 4.459983132697875607e-01
8.800000000000000711e+00 4.472305588910512331e-01
8.810000000000000497e+00 4.484727846625945480e-01
8.820000000000000284e+00 4.497250521698762937e-01
8.830000000000000071e+00 4.509874231689698920e-01
8.839999999999999858e+00 4.522599593471844925e-01
8.849999999999999645e+00 4.535427220839963747e-01
8.859999999999999432e+00 4.548357722127894243e-01
8.870000000000000995e+00 4.561391697838902970e-01
8.880000000000000782e+00 4.574529738293872105e-01
8.890000000000000568e+00 4.587772421302121484e-01
8.900000000000000355e+00 4.601120309859578761e-01
8.910000000000000142e+00 4.614573949878938430e-01
8.919999999999999929e+00 4.628133867956408243e-01
8.929999999999999716e+00 4.641800569179472258e-01
8.939999999999999503e+00 4.655574534980026491e-01
8.950000000000001066e+00 4.669456221037177612e-01
8.960000000000000853e+00 4.683446055233752015e-01
8.970000000000000639e+00 4.697544435670588658e-01
8.980000000000000426e+00 4.711751728742397116e-01
8.990000000000000213e+00 4.726068267278932256e-01
9.000000000000000000e+00 4.740494348755022180e-01
9.009999999999999787e+00 4.755030233572858922e-01
9.019999999999999574e+00 4.769676143419764314e-01
9.029999999999999361e+00 4.784432259704514134e-01
9.040000000000000924e+00 4.799298722075089341e-01
9.050000000000000711e+00 4.814275627020541126e-01
9.060000000000000497e+00 4.829363026559554406e-01
9.070000000000000284e+00 4.844560927017935725e-01
9.080000000000000071e+00 4.859869287897228274e-01
9.089999999999999858e+00 4.875288020836371916e-01
9.099999999999999645e+00 4.890816988668141851e-01
9.109999999999999432e+00 4.906456004571863039e-01
9.120000000000000995e+00 4.922204831323781504e-01
9.130000000000000782e+00 4.938063180646157790e-01
9.140000000000000568e+00 4.954030712656031232e-01
9.150000000000000355e+00 4.970107035414317864e-01
9.160000000000000142e+00 4.986291704575747108e-01
9.169999999999999929e+00 5.002584223139932007e-01
9.179999999999999716e+00 5.018984041303606869e-01
9.189999999999999503e+00 5.035490556413936281e-01
9.200000000000001066e+00 5.052103113022491376e-01
9.210000000000000853e+00 5.068821003039409856e-01
9.220000000000000639e+00 5.085643465986948719e-01
9.230000000000000426e+00 5.102569689351452720e-01
9.240000000000000213e+00 5.119598809032628317e-01
9.250000000000000000e+00 5.136729909888770873e-01
9.259999999999999787e+00 5.153962026376354144e-01
9.269999999999999574e+00 5.171294143282336719e-01
9.279999999999999361e+00 5.188725196547225860e-01
9.290000000000000924e+00 5.206254074176813740e-01
9.300000000000000711e+00 5.223879617240361206e-01
9.310000000000000497e+00 5.241600620952804324e-01
9.320000000000000284e+00 5.259415835838354703e-01
9.330000000000000071e+00 5.277323968972842394e-01
9.339999999999999858e+00 5.295323685301798200e-01
9.349999999999999645e+00 5.313413609031406581e-01
9.359999999999999432e+00 5.331592325089002937e-01
9.370000000000000995e+00 5.349858380649985534e-01
9.380000000000000782e+00 5.368210286727587155e-01
9.390000000000000568e+00 5.386646519822144707e-01
9.400000000000000355e+00 5.405165523626117574e-01
9.410000000000000142e+00 5.423765710781214278e-01
9.419999999999999929e+00 5.442445464683794976e-01
9.429999999999999716e+00 5.461203141334691757e-01
9.439999999999999503e+00 5.480037071229478807e-01
9.450000000000001066e+00 5.498945561285171202e-01
9.460000000000000853e+00 5.517926896799314473e-01
9.470000000000000639e+00 5.536979343437338219e-01
9.480000000000000426e+00 5.556101149244035975e-01
9.490000000000000213e+00 5.575290546674982473e-01
9.500000000000000000e+00 5.594545754643723834e-01
9.509999999999999787e+00 5.613864980580517416e-01
9.519999999999999574e+00 5.633246422498473516e-01
9.529999999999999361e+00 5.652688271062809022e-01
9.540000000000000924e+00 5.672188711659184035e-01
9.550000000000000711e+00 5.691745926456812654e-01
9.560000000000000497e+00 5.711358096462407774e-01
9.570000000000000284e+00 5.731023403560724372e-01
9.580000000000000071e+00 5.750740032537803303e-01
9.589999999999999858e+00 5.770506173082929902e-01
9.599999999999999645e+00 5.790320021765354985e-01
9.609999999999999432e+00 5.810179783982045709e-01
9.620000000000000995e+00 5.830083675872672622e-01
9.630000000000000782e+00 5.850029926198205832e-01
9.640000000000000568e+00 5.870016778179601991e-01
9.650000000000000355e+00 5.890042491293058236e-01
9.660000000000000142e+00 5.910105343018564605e-01
9.669999999999999929e+00 5.930203630538521953e-01
9.679999999999999716e+00 5.950335672383284535e-01
9.689999999999999503e+00 5.970499810020727383e-01
9.700000000000001066e+00 5.990694409386914110e-01
9.710000000000000853e+00 6.010917862355230623e-01
9.720000000000000639e+00 6.031168588141407882e-01
9.730000000000000426e+00 6.051445034641993459e-01
9.740000000000000213e+00 6.071745679704052545e-01
9.750000000000000000e+00 6.092069032323953470e-01
9.759999999999999787e+00 6.112413633773339239e-01
9.769999999999999574e+00 6.132778058650413255e-01
9.779999999999999361e+00 6.153160915855029334e-01
9.790000000000000924e+00 6.173560849486022795e-01
9.800000000000000711e+00 6.193976539659541425e-01
9.810000000000000497e+00 6.214406703247276065e-01
9.820000000000000284e+00 6.234850094533587184e-01
9.830000000000000071e+00 6.255305505790775822e-01
9.839999999999999858e+00 6.275771767771921583e-01
9.849999999999999645e+00 6.296247750120786968e-01
9.859999999999999432e+00 6.316732361698583764e-01
9.870000000000000995e+00 6.337224550827492697e-01
9.880000000000000782e+00 6.357723305450967421e-01
9.890000000000000568e+00 6.378227653211189230e-01
9.900000000000000355e+00 6.398736661443942264e-01
9.910000000000000142e+00 6.419249437091596455e-01
9.919999999999999929e+00 6.439765126534882089e-01
9.929999999999999716e+00 6.460282915344424115e-01
9.939999999999999503e+00 6.480802027953007638e-01
9.950000000000001066e+00 6.501321727249894655e-01
9.960000000000000853e+00 6.521841314098465459e-01
9.970000000000000639e+00 6.542360126778788976e-01
9.980000000000000426e+00 6.562877540356694128e-01
9.990000000000000213e+00 6.583392965981220701e-01
1.000000000000000000e+01 6.603905850112323783e-01
