0.000000000000000000e+00 0.000000000000000000e+00
1.000000000000000021e-02 -1.791943591452586215e-19
2.000000000000000042e-02 -2.041343716016152515e-19
2.999999999999999889e-02 -3.650408013790921224e-19
4.000000000000000083e-02 -2.036414029758066178e-18
5.000000000000000278e-02 -9.535990184802978571e-18
5.999999999999999778e-02 -3.425258973970789107e-17
7.000000000000000666e-02 -1.009919947271201209e-16
8.000000000000000167e-02 -2.573470124901245228e-16
8.999999999999999667e-02 -5.866129774001051009e-16
1.000000000000000056e-01 -1.224801282242447829e-15
1.100000000000000006e-01 -2.382215644892121180e-15
1.199999999999999956e-01 -4.369963059589591916e-15
1.300000000000000044e-01 -7.631977530218637798e-15
1.400000000000000133e-01 -1.278275224523378927e-14
1.499999999999999944e-01 -2.065122669061562460e-14
1.600000000000000033e-01 -3.233103328784841156e-14
1.700000000000000122e-01 -4.923743270862944269e-14
1.799999999999999933e-01 -7.317123760389041920e-14
1.900000000000000022e-01 -1.063894801787750730e-13
2.000000000000000111e-01 -1.516836745996164288e-13
2.099999999999999922e-01 -2.124651233132549522e-13
2.200000000000000011e-01 -2.928575978663924757e-13
2.300000000000000100e-01 -3.977974878978095994e-13
2.399999999999999911e-01 -5.331419599785347931e-13
2.500000000000000000e-01 -7.057834734425544486e-13
2.600000000000000089e-01 -9.237728748964887814e-13
2.700000000000000178e-01 -1.196449135977653774e-12
2.800000000000000266e-01 -1.534577187596490641e-12
2.899999999999999800e-01 -1.950493096358602990e-12
2.999999999999999889e-01 -2.458253981287569295e-12
3.099999999999999978e-01 -3.073800990864396646e-12
3.200000000000000067e-01 -3.815121320263667172e-12
3.300000000000000155e-01 -4.702424006959481617e-12
3.400000000000000244e-01 -5.758320612407871946e-12
3.500000000000000333e-01 -7.008009549208472050e-12
3.599999999999999867e-01 -8.479467486991666191e-12
3.699999999999999956e-01 -1.020365370287830435e-11
3.800000000000000044e-01 -1.221471408443422480e-11
3.900000000000000133e-01 -1.455018371529215606e-11
4.000000000000000222e-01 -1.725121639634937692e-11
4.100000000000000311e-01 -2.036279819791526030e-11
4.199999999999999845e-01 -2.393396826526995106e-11
4.299999999999999933e-01 -2.801805911523036423e-11
4.400000000000000022e-01 -3.267292843436265874e-11
4.500000000000000111e-01 -3.796118769609795763e-11
4.600000000000000200e-01 -4.395045515609735523e-11
4.700000000000000289e-01 -5.071357983132044786e-11
4.799999999999999822e-01 -5.832891128828339582e-11
4.899999999999999911e-01 -6.688051344739315657e-11
5.000000000000000000e-01 -7.645844841904762640e-11
5.100000000000000089e-01 -8.715896595858670852e-11
5.200000000000000178e-01 -9.908479750928008982e-11
5.300000000000000266e-01 -1.123453851371969488e-10
5.400000000000000355e-01 -1.270571174536400473e-10
5.500000000000000444e-01 -1.433435372046437202e-10
5.600000000000000533e-01 -1.613356261338466933e-10
5.700000000000000622e-01 -1.811720131701136206e-10
5.799999999999999600e-01 -2.029991843368735091e-10
5.899999999999999689e-01 -2.269717126961952688e-10
5.999999999999999778e-01 -2.532524813469234347e-10
6.099999999999999867e-01 -2.820129092445784205e-10
6.199999999999999956e-01 -3.134331048010042289e-10
6.300000000000000044e-01 -3.477020982549899088e-10
6.400000000000000133e-01 -3.850180610733508264e-10
6.500000000000000222e-01 -4.255883964713677400e-10
6.600000000000000311e-01 -4.696300781295098245e-10
6.700000000000000400e-01 -5.173696871178706261e-10
6.800000000000000488e-01 -5.690436733956735493e-10
6.900000000000000577e-01 -6.248984855587993357e-10
7.000000000000000666e-01 -6.851907704457735320e-10
7.099999999999999645e-01 -7.501875451694830981e-10
7.199999999999999734e-01 -8.201662726558261063e-10
7.299999999999999822e-01 -8.954152281548415481e-10
7.399999999999999911e-01 -9.762334853921706329e-10
7.500000000000000000e-01 -1.062931172389973988e-09
7.600000000000000089e-01 -1.155829633933700762e-09
7.700000000000000178e-01 -1.255261689940907403e-09
7.800000000000000266e-01 -1.361571635315991501e-09
7.900000000000000355e-01 -1.475115618286457413e-09
8.000000000000000444e-01 -1.596261808443082745e-09
8.100000000000000533e-01 -1.725390486309046783e-09
8.200000000000000622e-01 -1.862894418420360283e-09
8.300000000000000711e-01 -2.009178975692261218e-09
8.399999999999999689e-01 -2.164662274863764335e-09
8.499999999999999778e-01 -2.329775706110195898e-09
8.599999999999999867e-01 -2.504963788735831585e-09
8.699999999999999956e-01 -2.690684703890916471e-09
8.800000000000000044e-01 -2.887410388351553054e-09
8.900000000000000133e-01 -3.095626835270078249e-09
9.000000000000000222e-01 -3.315834259510388971e-09
9.100000000000000311e-01 -3.548547421148988817e-09
9.200000000000000400e-01 -3.794295528136714624e-09
9.300000000000000488e-01 -4.053623016628315580e-09
9.400000000000000577e-01 -4.327089186267430313e-09
9.500000000000000666e-01 -4.615268652333250596e-09
9.599999999999999645e-01 -4.918751439711362358e-09
9.699999999999999734e-01 -5.238142816818483884e-09
9.799999999999999822e-01 -5.574063675239456395e-09
9.899999999999999911e-01 -5.927150763731530675e-09
1.000000000000000000e+00 -6.298055874564041481e-09
1.010000000000000009e+00 -6.687446396042498899e-09
1.020000000000000018e+00 -7.096005311443444415e-09
1.030000000000000027e+00 -7.524430276271157734e-09
1.040000000000000036e+00 -7.973434131529235509e-09
1.050000000000000044e+00 -8.443744159923278548e-09
1.060000000000000053e+00 -8.936101882058200194e-09
1.070000000000000062e+00 -9.451261800942274986e-09
1.080000000000000071e+00 -9.989992680818530060e-09
1.090000000000000080e+00 -1.055307453845871788e-08
1.100000000000000089e+00 -1.114130012162713840e-08
1.110000000000000098e+00 -1.175547218901612344e-08
1.120000000000000107e+00 -1.239640399713709187e-08
1.130000000000000115e+00 -1.306491764613751909e-08
1.140000000000000124e+00 -1.376184269401236602e-08
1.150000000000000133e+00 -1.448801619381423647e-08
1.159999999999999920e+00 -1.524428008903077014e-08
1.169999999999999929e+00 -1.603148051416815043e-08
1.179999999999999938e+00 -1.685046601489834835e-08
1.189999999999999947e+00 -1.770208689617155487e-08
1.199999999999999956e+00 -1.858719223595578562e-08
1.209999999999999964e+00 -1.950662962778312234e-08
1.219999999999999973e+00 -2.046124262377895606e-08
1.229999999999999982e+00 -2.145186891776350383e-08
1.239999999999999991e+00 -2.247933887129399004e-08
1.250000000000000000e+00 -2.354447330063521772e-08
1.260000000000000009e+00 -2.464808177078682596e-08
1.270000000000000018e+00 -2.579095983150922153e-08
1.280000000000000027e+00 -2.697388911243606155e-08
1.290000000000000036e+00 -2.819763155868290458e-08
1.300000000000000044e+00 -2.946293102881584086e-08
1.310000000000000053e+00 -3.077050892473217291e-08
1.320000000000000062e+00 -3.212106275827208692e-08
1.330000000000000071e+00 -3.351526417313265839e-08
1.340000000000000080e+00 -3.495375641716758929e-08
1.350000000000000089e+00 -3.643715058920846508e-08
1.360000000000000098e+00 -3.796602719438474664e-08
1.370000000000000107e+00 -3.954093014560266806e-08
1.380000000000000115e+00 -4.116236710387269864e-08
1.390000000000000124e+00 -4.283080440619970417e-08
1.400000000000000133e+00 -4.454666830261601521e-08
1.409999999999999920e+00 -4.631034008982203224e-08
1.419999999999999929e+00 -4.812215579250003188e-08
1.429999999999999938e+00 -4.998240053751741934e-08
1.439999999999999947e+00 -5.189131130651519170e-08
1.449999999999999956e+00 -5.384906974260694709e-08
1.459999999999999964e+00 -5.585580344983245794e-08
1.469999999999999973e+00 -5.791158204609742736e-08
1.479999999999999982e+00 -6.001641668511201128e-08
1.489999999999999991e+00 -6.217025484653478773e-08
1.500000000000000000e+00 -6.437298106249123279e-08
1.510000000000000009e+00 -6.662441360970179730e-08
1.520000000000000018e+00 -6.892430316223312328e-08
1.530000000000000027e+00 -7.127232889109904544e-08
1.540000000000000036e+00 -7.366810007055057896e-08
1.550000000000000044e+00 -7.611114944812203653e-08
1.560000000000000053e+00 -7.860093579288094574e-08
1.570000000000000062e+00 -8.113684029206984685e-08
1.580000000000000071e+00 -8.371816389334899135e-08
1.590000000000000080e+00 -8.634412868318343315e-08
1.600000000000000089e+00 -8.901387363662228171e-08
1.610000000000000098e+00 -9.172645456641955045e-08
1.620000000000000107e+00 -9.448084363295889295e-08
1.630000000000000115e+00 -9.727592811825769153e-08
1.640000000000000124e+00 -1.001105093574470645e-07
1.650000000000000133e+00 -1.029833016253701389e-07
1.660000000000000142e+00 -1.058929328815900904e-07
1.669999999999999929e+00 -1.088379460069250511e-07
1.679999999999999938e+00 -1.118167957067331351e-07
1.689999999999999947e+00 -1.148278519567225126e-07
1.699999999999999956e+00 -1.178693998041070377e-07
1.709999999999999964e+00 -1.209396383959703071e-07
1.719999999999999973e+00 -1.240366857373000239e-07
1.729999999999999982e+00 -1.271585771281785394e-07
1.739999999999999991e+00 -1.303032700217937861e-07
1.750000000000000000e+00 -1.334686431862252137e-07
1.760000000000000009e+00 -1.366525018668828096e-07
1.770000000000000018e+00 -1.398525789758817524e-07
1.780000000000000027e+00 -1.430665386715176735e-07
1.790000000000000036e+00 -1.462919781413095506e-07
1.800000000000000044e+00 -1.495264354204246724e-07
1.810000000000000053e+00 -1.527673893673160649e-07
1.820000000000000062e+00 -1.560122645184505358e-07
1.830000000000000071e+00 -1.592584374190210641e-07
1.840000000000000080e+00 -1.625032397236860270e-07
1.850000000000000089e+00 -1.657439625073492033e-07
1.860000000000000098e+00 -1.689778641249769080e-07
1.870000000000000107e+00 -1.722021725248559828e-07
1.880000000000000115e+00 -1.754140914198664209e-07
1.890000000000000124e+00 -1.786108082434949752e-07
1.900000000000000133e+00 -1.817894951211968719e-07
1.910000000000000142e+00 -1.849473196587599041e-07
1.919999999999999929e+00 -1.880814475767928910e-07
1.929999999999999938e+00 -1.911890487487348211e-07
1.939999999999999947e+00 -1.942673043270683981e-07
1.949999999999999956e+00 -1.973134117541238588e-07
1.959999999999999964e+00 -2.003245908048704633e-07
1.969999999999999973e+00 -2.032980889481516081e-07
1.979999999999999982e+00 -2.062311859035137113e-07
1.989999999999999991e+00 -2.091212019896518797e-07
2.000000000000000000e+00 -2.119655003275349813e-07
2.010000000000000231e+00 -2.147614935376457077e-07
2.020000000000000018e+00 -2.175066475606806547e-07
2.030000000000000249e+00 -2.201984870902970380e-07
2.040000000000000036e+00 -2.228346013059682638e-07
2.049999999999999822e+00 -2.254126441206004589e-07
2.060000000000000053e+00 -2.279303409714035553e-07
2.069999999999999840e+00 -2.303854932688632357e-07
2.080000000000000071e+00 -2.327759780702489081e-07
2.089999999999999858e+00 -2.350997532595805903e-07
2.100000000000000089e+00 -2.373548603553946878e-07
2.109999999999999876e+00 -2.395394247057559659e-07
2.120000000000000107e+00 -2.416516601445444086e-07
2.129999999999999893e+00 -2.436898659948239643e-07
2.140000000000000124e+00 -2.456524327216446090e-07
2.149999999999999911e+00 -2.475378388134235244e-07
2.160000000000000142e+00 -2.493446541454146749e-07
2.169999999999999929e+00 -2.510715358173264369e-07
2.180000000000000160e+00 -2.527172316006364262e-07
2.189999999999999947e+00 -2.542805763269363968e-07
2.200000000000000178e+00 -2.557604896792336911e-07
2.209999999999999964e+00 -2.571559771623886296e-07
2.220000000000000195e+00 -2.584661253242465249e-07
2.229999999999999982e+00 -2.596901003617164305e-07
2.240000000000000213e+00 -2.608271449809559532e-07
2.250000000000000000e+00 -2.618765757849275683e-07
2.260000000000000231e+00 -2.628377766472959829e-07
2.270000000000000018e+00 -2.637101983862862527e-07
2.280000000000000249e+00 -2.644933524230584317e-07
2.290000000000000036e+00 -2.651868074278953351e-07
2.300000000000000266e+00 -2.657901835904155562e-07
2.310000000000000053e+00 -2.663031475086757662e-07
2.319999999999999840e+00 -2.667254092048539414e-07
2.330000000000000071e+00 -2.670567146695761056e-07
2.339999999999999858e+00 -2.672968409080683844e-07
2.350000000000000089e+00 -2.674455909705666342e-07
2.359999999999999876e+00 -2.675027897272462216e-07
2.370000000000000107e+00 -2.674682754135787538e-07
2.379999999999999893e+00 -2.673418974624216593e-07
2.390000000000000124e+00 -2.671235088263572889e-07
2.399999999999999911e+00 -2.668129625916067105e-07
2.410000000000000142e+00 -2.664101058941474857e-07
2.419999999999999929e+00 -2.659147742638042655e-07
2.430000000000000160e+00 -2.653267892930925702e-07
2.439999999999999947e+00 -2.646459516516724283e-07
2.450000000000000178e+00 -2.638720391405346554e-07
2.459999999999999964e+00 -2.630048007572822964e-07
2.470000000000000195e+00 -2.620439548774000105e-07
2.479999999999999982e+00 -2.609891854385201449e-07
2.490000000000000213e+00 -2.598401384471865450e-07
2.500000000000000000e+00 -2.585964204925974995e-07
2.510000000000000231e+00 -2.572575962328085706e-07
2.520000000000000018e+00 -2.558231862271723177e-07
2.530000000000000249e+00 -2.542926668185267074e-07
2.540000000000000036e+00 -2.526654680172592723e-07
2.550000000000000266e+00 -2.509409739715244284e-07
2.560000000000000053e+00 -2.491185216694767676e-07
2.569999999999999840e+00 -2.471974026938463396e-07
2.580000000000000071e+00 -2.451768636527946655e-07
2.589999999999999858e+00 -2.430561055080719212e-07
2.600000000000000089e+00 -2.408342871224239548e-07
2.609999999999999876e+00 -2.385105266039740755e-07
2.620000000000000107e+00 -2.360839019595065842e-07
2.629999999999999893e+00 -2.335534557219959120e-07
2.640000000000000124e+00 -2.309181954748006884e-07
2.649999999999999911e+00 -2.281770988194411439e-07
2.660000000000000142e+00 -2.253291149630173099e-07
2.669999999999999929e+00 -2.223731688970500337e-07
2.680000000000000160e+00 -2.193081648071625573e-07
2.689999999999999947e+00 -2.161329899422971615e-07
2.700000000000000178e+00 -2.128465187270602315e-07
2.709999999999999964e+00 -2.094476159852967725e-07
2.720000000000000195e+00 -2.059351427200566300e-07
2.729999999999999982e+00 -2.023079580747623248e-07
2.740000000000000213e+00 -1.985649257258117039e-07
2.750000000000000000e+00 -1.947049167493099175e-07
2.760000000000000231e+00 -1.907268147794063113e-07
2.770000000000000018e+00 -1.866295204630616660e-07
2.780000000000000249e+00 -1.824119538261875664e-07
2.790000000000000036e+00 -1.780730613758016175e-07
2.800000000000000266e+00 -1.736118176777996333e-07
2.810000000000000053e+00 -1.690272318663109800e-07
2.819999999999999840e+00 -1.643183493144714354e-07
2.830000000000000071e+00 -1.594842567360759485e-07
2.839999999999999858e+00 -1.545240862378373047e-07
2.850000000000000089e+00 -1.494370179313472674e-07
2.859999999999999876e+00 -1.442222846203455733e-07
2.870000000000000107e+00 -1.388791741941645203e-07
2.879999999999999893e+00 -1.334070335178531919e-07
2.890000000000000124e+00 -1.278052706735767184e-07
2.899999999999999911e+00 -1.220733589869973983e-07
2.910000000000000142e+00 -1.162108387541318845e-07
2.919999999999999929e+00 -1.102173203438402231e-07
2.930000000000000160e+00 -1.040924860985737696e-07
2.939999999999999947e+00 -9.783609319720186635e-08
2.950000000000000178e+00 -9.144797491441902164e-08
2.959999999999999964e+00 -8.492804334381210433e-08
2.970000000000000195e+00 -7.827628922771826495e-08
2.979999999999999982e+00 -7.149278581829704148e-08
2.990000000000000213e+00 -6.457768852037139973e-08
3.000000000000000000e+00 -5.753123560658442695e-08
3.010000000000000231e+00 -5.035375082215783472e-08
3.020000000000000018e+00 -4.304564267531260673e-08
3.030000000000000249e+00 -3.560740525189123610e-08
3.040000000000000036e+00 -2.803961825500310253e-08
3.050000000000000266e+00 -2.034294765826416920e-08
3.060000000000000053e+00 -1.251814623203102432e-08
3.070000000000000284e+00 -4.566051572589893946e-09
3.080000000000000071e+00 3.512412287737592719e-09
3.089999999999999858e+00 1.171623744121518398e-08
3.100000000000000089e+00 2.004433020540945686e-08
3.109999999999999876e+00 2.849551409384738907e-08
3.120000000000000107e+00 3.706852977810983466e-08
3.129999999999999893e+00 4.576203630471976659e-08
3.140000000000000124e+00 5.457461187126226092e-08
3.149999999999999911e+00 6.350475577107113499e-08
3.160000000000000142e+00 7.255088952935492781e-08
3.169999999999999929e+00 8.171135725436733677e-08
3.180000000000000160e+00 9.098442880204475773e-08
3.189999999999999947e+00 1.003683005535440436e-07
3.200000000000000178e+00 1.098610966454933798e-07
3.209999999999999964e+00 1.194608711790479638e-07
3.220000000000000195e+00 1.291656100124446029e-07
3.229999999999999982e+00 1.389732316070432088e-07
3.240000000000000213e+00 1.488815900055552037e-07
3.250000000000000000e+00 1.588884754242961035e-07
3.260000000000000231e+00 1.689916165095223648e-07
3.270000000000000018e+00 1.791886821792662004e-07
3.280000000000000249e+00 1.894772831983721689e-07
3.290000000000000036e+00 1.998549735947173104e-07
3.300000000000000266e+00 2.103192528190751224e-07
3.310000000000000053e+00 2.208675667906115038e-07
3.320000000000000284e+00 2.314973102983880132e-07
3.330000000000000071e+00 2.422058277206617721e-07
3.339999999999999858e+00 2.529904152748161480e-07
3.350000000000000089e+00 2.638483218920731510e-07
3.359999999999999876e+00 2.747767513540924318e-07
3.370000000000000107e+00 2.857728629327104388e-07
3.379999999999999893e+00 2.968337737566032533e-07
3.390000000000000124e+00 3.079565596661172689e-07
3.399999999999999911e+00 3.191382563576144095e-07
3.410000000000000142e+00 3.303758616340629688e-07
3.419999999999999929e+00 3.416663357673565892e-07
3.430000000000000160e+00 3.530066035730997607e-07
3.439999999999999947e+00 3.643935558136160954e-07
3.450000000000000178e+00 3.758240504167878162e-07
3.459999999999999964e+00 3.872949138721378427e-07
3.470000000000000195e+00 3.988029426736328381e-07
3.479999999999999982e+00 4.103449055942875924e-07
3.490000000000000213e+00 4.219175446332364780e-07
3.500000000000000000e+00 4.335175769540795699e-07
3.510000000000000231e+00 4.451416963278202122e-07
3.520000000000000018e+00 4.567865758502300395e-07
3.530000000000000249e+00 4.684488693994217903e-07
3.540000000000000036e+00 4.801252133861074203e-07
3.550000000000000266e+00 4.918122297323263630e-07
3.560000000000000053e+00 5.035065276878869856e-07
3.570000000000000284e+00 5.152047067281986508e-07
3.580000000000000071e+00 5.269033585493706323e-07
3.589999999999999858e+00 5.385990702619750418e-07
3.600000000000000089e+00 5.502884270333918365e-07
3.609999999999999876e+00 5.619680156108227699e-07
3.620000000000000107e+00 5.736344266737490084e-07
3.629999999999999893e+00 5.852842582996203271e-07
3.640000000000000124e+00 5.969141201157350143e-07
3.649999999999999911e+00 6.085206354729486541e-07
3.660000000000000142e+00 6.201004465059834199e-07
3.669999999999999929e+00 6.316502164918120627e-07
3.680000000000000160e+00 6.431666350743478181e-07
3.689999999999999947e+00 6.546464210485520241e-07
3.700000000000000178e+00 6.660863266504027364e-07
3.709999999999999964e+00 6.774831419197164351e-07
3.720000000000000195e+00 6.888336986892364553e-07
3.729999999999999982e+00 7.001348736895368635e-07
3.740000000000000213e+00 7.113835947841149915e-07
3.750000000000000000e+00 7.225768427832013202e-07
3.760000000000000231e+00 7.337116569971828733e-07
3.770000000000000018e+00 7.447851392935839850e-07
3.780000000000000249e+00 7.557944567303819365e-07
3.790000000000000036e+00 7.667368467661413431e-07
3.800000000000000266e+00 7.776096209703289002e-07
3.810000000000000053e+00 7.884101679181299024e-07
3.820000000000000284e+00 7.991359573482353544e-07
3.830000000000000071e+00 8.097845433177869671e-07
3.839999999999999858e+00 8.203535680831970944e-07
3.850000000000000089e+00 8.308407635926841026e-07
3.859999999999999876e+00 8.412439563218537641e-07
3.870000000000000107e+00 8.515610677387511563e-07
3.879999999999999893e+00 8.617901191082795017e-07
3.890000000000000124e+00 8.719292307365842044e-07
3.899999999999999911e+00 8.819766262549640145e-07
3.910000000000000142e+00 8.919306336491416325e-07
3.919999999999999929e+00 9.017896853191145270e-07
3.930000000000000160e+00 9.115523203296888654e-07
3.939999999999999947e+00 9.212171851523240979e-07
3.950000000000000178e+00 9.307830333967631676e-07
3.959999999999999964e+00 9.402487261838694152e-07
3.970000000000000195e+00 9.496132323355055309e-07
3.979999999999999982e+00 9.588756270097394361e-07
3.990000000000000213e+00 9.680350923339648833e-07
4.000000000000000000e+00 9.770909143857176316e-07
4.009999999999999787e+00 9.860424833277738129e-07
4.020000000000000462e+00 9.948892911260160621e-07
4.030000000000000249e+00 1.003630929621268468e-06
4.040000000000000036e+00 1.012267087464149669e-06
4.049999999999999822e+00 1.020797549718327705e-06
4.060000000000000497e+00 1.029222191823738225e-06
4.070000000000000284e+00 1.037540979442265246e-06
4.080000000000000071e+00 1.045753963330465861e-06
4.089999999999999858e+00 1.053861276997241017e-06
4.099999999999999645e+00 1.061863131764303804e-06
4.110000000000000320e+00 1.069759813668524064e-06
4.120000000000000107e+00 1.077551678925070843e-06
4.129999999999999893e+00 1.085239149762616193e-06
4.139999999999999680e+00 1.092822709767382040e-06
4.150000000000000355e+00 1.100302899597709124e-06
4.160000000000000142e+00 1.107680312021895110e-06
4.169999999999999929e+00 1.114955587230547815e-06
4.179999999999999716e+00 1.122129408207314887e-06
4.190000000000000391e+00 1.129202494823403343e-06
4.200000000000000178e+00 1.136175600482169932e-06
4.209999999999999964e+00 1.143049505739828023e-06
4.219999999999999751e+00 1.149825013643949580e-06
4.230000000000000426e+00 1.156502945870403700e-06
4.240000000000000213e+00 1.163084136050664195e-06
4.250000000000000000e+00 1.169569426318485916e-06
4.259999999999999787e+00 1.175959662004703410e-06
4.270000000000000462e+00 1.182255686784772288e-06
4.280000000000000249e+00 1.188458338872872953e-06
4.290000000000000036e+00 1.194568445745204082e-06
4.299999999999999822e+00 1.200586820982670277e-06
4.310000000000000497e+00 1.206514258940434486e-06
4.320000000000000284e+00 1.212351531522245861e-06
4.330000000000000071e+00 1.218099384967221123e-06
4.339999999999999858e+00 1.223758535592408570e-06
4.350000000000000533e+00 1.229329667232734975e-06
4.360000000000000320e+00 1.234813427594202210e-06
4.370000000000000107e+00 1.240210426248406940e-06
4.379999999999999893e+00 1.245521231704678701e-06
4.389999999999999680e+00 1.250746369684407184e-06
4.400000000000000355e+00 1.255886320798115150e-06
4.410000000000000142e+00 1.260941519357307738e-06
4.419999999999999929e+00 1.265912352045560148e-06
4.429999999999999716e+00 1.270799156601918215e-06
4.440000000000000391e+00 1.275602221621458780e-06
4.450000000000000178e+00 1.280321785854081514e-06
4.459999999999999964e+00 1.284958039045466737e-06
4.469999999999999751e+00 1.289511121012940864e-06
4.480000000000000426e+00 1.293981122729593673e-06
4.490000000000000213e+00 1.298368087590941953e-06
4.500000000000000000e+00 1.302672012623351183e-06
4.509999999999999787e+00 1.306892848932562555e-06
4.520000000000000462e+00 1.311030505221589152e-06
4.530000000000000249e+00 1.315084848259863783e-06
4.540000000000000036e+00 1.319055706624593885e-06
4.549999999999999822e+00 1.322942871999137881e-06
4.560000000000000497e+00 1.326746102793003561e-06
4.570000000000000284e+00 1.330465127419332164e-06
4.580000000000000071e+00 1.334099646664487661e-06
4.589999999999999858e+00 1.337649338053718774e-06
4.600000000000000533e+00 1.341113859329816993e-06
4.610000000000000320e+00 1.344492852088869757e-06
4.620000000000000107e+00 1.347785945576211720e-06
4.629999999999999893e+00 1.350992761419981977e-06
4.639999999999999680e+00 1.354112916961911721e-06
4.650000000000000355e+00 1.357146030197196891e-06
4.660000000000000142e+00 1.360091724384380115e-06
4.669999999999999929e+00 1.362949631544052065e-06
4.679999999999999716e+00 1.365719397387128851e-06
4.690000000000000391e+00 1.368400685585614169e-06
4.700000000000000178e+00 1.370993182121336965e-06
4.709999999999999964e+00 1.373496599775527387e-06
4.719999999999999751e+00 1.375910682499220708e-06
4.730000000000000426e+00 1.378235208714651881e-06
4.740000000000000213e+00 1.380469996805586101e-06
4.750000000000000000e+00 1.382614907683596752e-06
4.759999999999999787e+00 1.384669849146790021e-06
4.770000000000000462e+00 1.386634780420060101e-06
4.780000000000000249e+00 1.388509713300369002e-06
4.790000000000000036e+00 1.390294718184193408e-06
4.799999999999999822e+00 1.391989924792081104e-06
4.810000000000000497e+00 1.393595526575648840e-06
4.820000000000000284e+00 1.395111781877884698e-06
4.830000000000000071e+00 1.396539018214439488e-06
4.839999999999999858e+00 1.397877632087162609e-06
4.850000000000000533e+00 1.399128092318761920e-06
4.860000000000000320e+00 1.400290941378282823e-06
4.870000000000000107e+00 1.401366795915495843e-06
4.879999999999999893e+00 1.402356348700727864e-06
4.889999999999999680e+00 1.403260368799771889e-06
4.900000000000000355e+00 1.404079701149148299e-06
4.910000000000000142e+00 1.404815268744664770e-06
4.919999999999999929e+00 1.405468070098395938e-06
4.929999999999999716e+00 1.406039180552565542e-06
4.940000000000000391e+00 1.406529750410262660e-06
4.950000000000000178e+00 1.406941004086633378e-06
4.959999999999999964e+00 1.407274239511479468e-06
4.969999999999999751e+00 1.407530825202531699e-06
4.980000000000000426e+00 1.407712199631698517e-06
4.990000000000000213e+00 1.407819868024857201e-06
5.000000000000000000e+00 1.407855401390153965e-06
5.009999999999999787e+00 1.407855595416650071e-06
5.020000000000000462e+00 1.407855595024353961e-06
5.030000000000000249e+00 1.407855595437187867e-06
5.040000000000000036e+00 1.407855595982616311e-06
5.049999999999999822e+00 1.407855596524292186e-06
5.060000000000000497e+00 1.407855597258722903e-06
5.070000000000000284e+00 1.407855597998293415e-06
5.080000000000000071e+00 1.407855598705222243e-06
5.089999999999999858e+00 1.407855599457178283e-06
5.100000000000000533e+00 1.407855600298173367e-06
5.110000000000000320e+00 1.407855601079722833e-06
5.120000000000000107e+00 1.407855601914532883e-06
5.129999999999999893e+00 1.407855602788832244e-06
5.139999999999999680e+00 1.407855603591027079e-06
5.150000000000000355e+00 1.407855604579700028e-06
5.160000000000000142e+00 1.407855605565676025e-06
5.169999999999999929e+00 1.407855606575602726e-06
5.179999999999999716e+00 1.407855607536002986e-06
5.190000000000000391e+00 1.407855608594617987e-06
5.200000000000000178e+00 1.407855609617021695e-06
5.209999999999999964e+00 1.407855610561748246e-06
5.219999999999999751e+00 1.407855611809744991e-06
5.230000000000000426e+00 1.407855612795722682e-06
5.240000000000000213e+00 1.407855614002283846e-06
5.250000000000000000e+00 1.407855615110802428e-06
5.259999999999999787e+00 1.407855616291222249e-06
5.270000000000000462e+00 1.407855617457357072e-06
5.280000000000000249e+00 1.407855618654939051e-06
5.290000000000000036e+00 1.407855619740688329e-06
5.299999999999999822e+00 1.407855621047241521e-06
5.310000000000000497e+00 1.407855622185594722e-06
5.320000000000000284e+00 1.407855623310903827e-06
5.330000000000000071e+00 1.407855624503984673e-06
5.339999999999999858e+00 1.407855625697578186e-06
5.350000000000000533e+00 1.407855626784864405e-06
5.360000000000000320e+00 1.407855628016953872e-06
5.370000000000000107e+00 1.407855629017790426e-06
5.379999999999999893e+00 1.407855630284439896e-06
5.389999999999999680e+00 1.407855631437598597e-06
5.400000000000000355e+00 1.407855632469031464e-06
5.410000000000000142e+00 1.407855633673169266e-06
5.419999999999999929e+00 1.407855634734512984e-06
5.429999999999999716e+00 1.407855635855467281e-06
5.440000000000000391e+00 1.407855637007938403e-06
5.450000000000000178e+00 1.407855637993948070e-06
5.459999999999999964e+00 1.407855639140515160e-06
5.469999999999999751e+00 1.407855640100318898e-06
5.480000000000000426e+00 1.407855641078760960e-06
5.490000000000000213e+00 1.407855642113008941e-06
5.500000000000000000e+00 1.407855643093746463e-06
5.509999999999999787e+00 1.407855643904343441e-06
5.520000000000000462e+00 1.407855644899307092e-06
5.530000000000000249e+00 1.407855645739221786e-06
5.540000000000000036e+00 1.407855646577698430e-06
5.549999999999999822e+00 1.407855647419475962e-06
5.560000000000000497e+00 1.407855648250072446e-06
5.570000000000000284e+00 1.407855649100654250e-06
5.580000000000000071e+00 1.407855649911437151e-06
5.589999999999999858e+00 1.407855650525738479e-06
5.600000000000000533e+00 1.407855651284602285e-06
5.610000000000000320e+00 1.407855651879288235e-06
5.620000000000000107e+00 1.407855652550181528e-06
5.629999999999999893e+00 1.407855653120158468e-06
5.639999999999999680e+00 1.407855653772944314e-06
5.650000000000000355e+00 1.407855654290942443e-06
5.660000000000000142e+00 1.407855654872801350e-06
5.669999999999999929e+00 1.407855655329344485e-06
5.679999999999999716e+00 1.407855655806248175e-06
5.690000000000000391e+00 1.407855656259465859e-06
5.700000000000000178e+00 1.407855656615033349e-06
5.709999999999999964e+00 1.407855657016132249e-06
5.719999999999999751e+00 1.407855657336590436e-06
5.730000000000000426e+00 1.407855657632452480e-06
5.740000000000000213e+00 1.407855657903129693e-06
5.750000000000000000e+00 1.407855658168220089e-06
5.759999999999999787e+00 1.407855658380035712e-06
5.770000000000000462e+00 1.407855658537539371e-06
5.780000000000000249e+00 1.407855658775227404e-06
5.790000000000000036e+00 1.407855658906633554e-06
5.799999999999999822e+00 1.407855658968338422e-06
5.810000000000000497e+00 1.407855658946939829e-06
5.820000000000000284e+00 1.407855659005099017e-06
5.830000000000000071e+00 1.407855659005441218e-06
5.839999999999999858e+00 1.407855658910670090e-06
5.850000000000000533e+00 1.407855658912673746e-06
5.860000000000000320e+00 1.407855658845625159e-06
5.870000000000000107e+00 1.407855658686160619e-06
5.879999999999999893e+00 1.407855658554551604e-06
5.889999999999999680e+00 1.407855658334857516e-06
5.900000000000000355e+00 1.407855658195581582e-06
5.910000000000000142e+00 1.407855657984001011e-06
5.919999999999999929e+00 1.407855657617192546e-06
5.929999999999999716e+00 1.407855657252826712e-06
5.940000000000000391e+00 1.407855656941039390e-06
5.950000000000000178e+00 1.407855656619850214e-06
5.959999999999999964e+00 1.407855656089701398e-06
5.969999999999999751e+00 1.407855655633910428e-06
5.980000000000000426e+00 1.407855655213144059e-06
5.990000000000000213e+00 1.407855654737373699e-06
6.000000000000000000e+00 1.407855654138383974e-06
6.009999999999999787e+00 1.407855653680137879e-06
6.020000000000000462e+00 1.407855653065331932e-06
6.030000000000000249e+00 1.407855652423417118e-06
6.040000000000000036e+00 1.407855651863261101e-06
6.049999999999999822e+00 1.407855651105430252e-06
6.060000000000000497e+00 1.407855650416227283e-06
6.070000000000000284e+00 1.407855649682113569e-06
6.080000000000000071e+00 1.407855648926457689e-06
6.089999999999999858e+00 1.407855648128265085e-06
6.100000000000000533e+00 1.407855647305283003e-06
6.110000000000000320e+00 1.407855646509915889e-06
6.120000000000000107e+00 1.407855645627694440e-06
6.129999999999999893e+00 1.407855644800327057e-06
6.140000000000000568e+00 1.407855643864707804e-06
6.150000000000000355e+00 1.407855642975700986e-06
6.160000000000000142e+00 1.407855641933061238e-06
6.169999999999999929e+00 1.407855641034612544e-06
6.179999999999999716e+00 1.407855640033395460e-06
6.190000000000000391e+00 1.407855638958858992e-06
6.200000000000000178e+00 1.407855637883113808e-06
6.209999999999999964e+00 1.407855636921922631e-06
6.219999999999999751e+00 1.407855635871663186e-06
6.230000000000000426e+00 1.407855634611992845e-06
6.240000000000000213e+00 1.407855633658378801e-06
6.250000000000000000e+00 1.407855632520240111e-06
6.259999999999999787e+00 1.407855631253483916e-06
6.270000000000000462e+00 1.407855630225743901e-06
6.280000000000000249e+00 1.407855629029757519e-06
6.290000000000000036e+00 1.407855627766279553e-06
6.299999999999999822e+00 1.407855626600610599e-06
6.310000000000000497e+00 1.407855625332486233e-06
6.320000000000000284e+00 1.407855624039079205e-06
6.330000000000000071e+00 1.407855622875386167e-06
6.339999999999999858e+00 1.407855621644541415e-06
6.350000000000000533e+00 1.407855620295044500e-06
6.360000000000000320e+00 1.407855618967141631e-06
6.370000000000000107e+00 1.407855617682803149e-06
6.379999999999999893e+00 1.407855616396638888e-06
6.390000000000000568e+00 1.407855615016052899e-06
6.400000000000000355e+00 1.407855613693732613e-06
6.410000000000000142e+00 1.407855612258285571e-06
6.419999999999999929e+00 1.407855610821874181e-06
6.429999999999999716e+00 1.407855609511917611e-06
6.440000000000000391e+00 1.407855608002183662e-06
6.450000000000000178e+00 1.407855606643119298e-06
6.459999999999999964e+00 1.407855605148672811e-06
6.469999999999999751e+00 1.407855603727378207e-06
6.480000000000000426e+00 1.407855602142219998e-06
6.490000000000000213e+00 1.407855600568590330e-06
6.500000000000000000e+00 1.407855599042494669e-06
6.509999999999999787e+00 1.407855597507732378e-06
6.520000000000000462e+00 1.407855595944424442e-06
6.530000000000000249e+00 1.407855594278784761e-06
6.540000000000000036e+00 1.407855592718637317e-06
6.549999999999999822e+00 1.407855591071976892e-06
6.560000000000000497e+00 1.407855589410742630e-06
6.570000000000000284e+00 1.407855587752648107e-06
6.580000000000000071e+00 1.407855585962728152e-06
6.589999999999999858e+00 1.407855584253963695e-06
6.600000000000000533e+00 1.407855582338158551e-06
6.610000000000000320e+00 1.407855580610400862e-06
6.620000000000000107e+00 1.407855578675168594e-06
6.629999999999999893e+00 1.407855576778503642e-06
6.640000000000000568e+00 1.407855574956997405e-06
6.650000000000000355e+00 1.407855572898881832e-06
6.660000000000000142e+00 1.407855570834118745e-06
6.669999999999999929e+00 1.407855568850655573e-06
6.679999999999999716e+00 1.407855566792546777e-06
6.690000000000000391e+00 1.407855564599348507e-06
6.700000000000000178e+00 1.407855562346929928e-06
6.709999999999999964e+00 1.407855560161317685e-06
6.719999999999999751e+00 1.407855557957909280e-06
6.730000000000000426e+00 1.407855555617559153e-06
6.740000000000000213e+00 1.407855553298946009e-06
6.750000000000000000e+00 1.407855550949711776e-06
6.759999999999999787e+00 1.407855548475906737e-06
6.770000000000000462e+00 1.407855545926124749e-06
6.780000000000000249e+00 1.407855543442368132e-06
6.790000000000000036e+00 1.407855540816095680e-06
6.799999999999999822e+00 1.407855538272055517e-06
6.810000000000000497e+00 1.407855535618504369e-06
6.820000000000000284e+00 1.407855532941540807e-06
6.830000000000000071e+00 1.407855530127581313e-06
6.839999999999999858e+00 1.407855527323251313e-06
6.850000000000000533e+00 1.407855524475320715e-06
6.860000000000000320e+00 1.407855521592428833e-06
6.870000000000000107e+00 1.407855518687439555e-06
6.879999999999999893e+00 1.407855515557798292e-06
6.890000000000000568e+00 1.407855512610499930e-06
6.900000000000000355e+00 1.407855509464427288e-06
6.910000000000000142e+00 1.407855506588132098e-06
6.919999999999999929e+00 1.407855503285807499e-06
6.929999999999999716e+00 1.407855500041322757e-06
6.940000000000000391e+00 1.407855496699985515e-06
6.950000000000000178e+00 1.407855493458252995e-06
6.959999999999999964e+00 1.407855490208959011e-06
6.969999999999999751e+00 1.407855486857121737e-06
6.980000000000000426e+00 1.407855483471131247e-06
6.990000000000000213e+00 1.407855480057260880e-06
7.000000000000000000e+00 1.407855476458694555e-06
7.009999999999999787e+00 1.407855472970751368e-06
7.020000000000000462e+00 1.407855469439692722e-06
7.030000000000000249e+00 1.407855465750910611e-06
7.040000000000000036e+00 1.407855462160322701e-06
7.049999999999999822e+00 1.407855458637177249e-06
7.060000000000000497e+00 1.407855454881556192e-06
7.070000000000000284e+00 1.407855451136995268e-06
7.080000000000000071e+00 1.407855447414292241e-06
7.089999999999999858e+00 1.407855443654922005e-06
7.100000000000000533e+00 1.407855439907346279e-06
7.110000000000000320e+00 1.407855436109510371e-06
7.120000000000000107e+00 1.407855432252058590e-06
7.129999999999999893e+00 1.407855428430961251e-06
7.140000000000000568e+00 1.407855424518764672e-06
7.150000000000000355e+00 1.407855420576761639e-06
7.160000000000000142e+00 1.407855416656752663e-06
7.169999999999999929e+00 1.407855412780333062e-06
7.179999999999999716e+00 1.407855408799618081e-06
7.190000000000000391e+00 1.407855404813415810e-06
7.200000000000000178e+00 1.407855400706875992e-06
7.209999999999999964e+00 1.407855396867456271e-06
7.219999999999999751e+00 1.407855392685760913e-06
7.230000000000000426e+00 1.407855388774957703e-06
7.240000000000000213e+00 1.407855384718979611e-06
7.250000000000000000e+00 1.407855380633521807e-06
7.259999999999999787e+00 1.407855376634155797e-06
7.270000000000000462e+00 1.407855372441738060e-06
7.280000000000000249e+00 1.407855368398277632e-06
7.290000000000000036e+00 1.407855364349656656e-06
7.299999999999999822e+00 1.407855360081732709e-06
7.310000000000000497e+00 1.407855355929224836e-06
7.320000000000000284e+00 1.407855351918592652e-06
7.330000000000000071e+00 1.407855347735987580e-06
7.339999999999999858e+00 1.407855343592046810e-06
7.350000000000000533e+00 1.407855339480647564e-06
7.360000000000000320e+00 1.407855335296999160e-06
7.370000000000000107e+00 1.407855331213586093e-06
7.379999999999999893e+00 1.407855327007414024e-06
7.390000000000000568e+00 1.407855322783304550e-06
7.400000000000000355e+00 1.407855318525632031e-06
7.410000000000000142e+00 1.407855314452116756e-06
7.419999999999999929e+00 1.407855310152919717e-06
7.429999999999999716e+00 1.407855306085153044e-06
7.440000000000000391e+00 1.407855301873472719e-06
7.450000000000000178e+00 1.407855297681132698e-06
7.459999999999999964e+00 1.407855293502438166e-06
7.469999999999999751e+00 1.407855289282917493e-06
7.480000000000000426e+00 1.407855285167612578e-06
7.490000000000000213e+00 1.407855280998893129e-06
7.500000000000000000e+00 1.407855276863940649e-06
7.509999999999999787e+00 1.407855272800504220e-06
7.520000000000000462e+00 1.407855268668036299e-06
7.530000000000000249e+00 1.407855264617362539e-06
7.540000000000000036e+00 1.407855260688387719e-06
7.549999999999999822e+00 1.407855256598226341e-06
7.560000000000000497e+00 1.407855252611236329e-06
7.570000000000000284e+00 1.407855248450953329e-06
7.580000000000000071e+00 1.407855244633283933e-06
7.589999999999999858e+00 1.407855240704820509e-06
7.600000000000000533e+00 1.407855236624385611e-06
7.610000000000000320e+00 1.407855232729267545e-06
7.620000000000000107e+00 1.407855228851560242e-06
7.629999999999999893e+00 1.407855224940517110e-06
7.640000000000000568e+00 1.407855221044732853e-06
7.650000000000000355e+00 1.407855217370362161e-06
7.660000000000000142e+00 1.407855213533224771e-06
7.669999999999999929e+00 1.407855209941833874e-06
7.679999999999999716e+00 1.407855206240005762e-06
7.690000000000000391e+00 1.407855202711569318e-06
7.700000000000000178e+00 1.407855199106291104e-06
7.709999999999999964e+00 1.407855195566424162e-06
7.719999999999999751e+00 1.407855192153762511e-06
7.730000000000000426e+00 1.407855188572189996e-06
7.740000000000000213e+00 1.407855185184082559e-06
7.750000000000000000e+00 1.407855181971108925e-06
7.759999999999999787e+00 1.407855178576036971e-06
7.770000000000000462e+00 1.407855175428058081e-06
7.780000000000000249e+00 1.407855172242311474e-06
7.790000000000000036e+00 1.407855169105950700e-06
7.799999999999999822e+00 1.407855166078289875e-06
7.810000000000000497e+00 1.407855163101680573e-06
7.820000000000000284e+00 1.407855160221909160e-06
7.830000000000000071e+00 1.407855157376082380e-06
7.839999999999999858e+00 1.407855154621152824e-06
7.850000000000000533e+00 1.407855152029265886e-06
7.860000000000000320e+00 1.407855149347202128e-06
7.870000000000000107e+00 1.407855146628553745e-06
7.879999999999999893e+00 1.407855144101106957e-06
7.890000000000000568e+00 1.407855141763902710e-06
7.900000000000000355e+00 1.407855139275514517e-06
7.910000000000000142e+00 1.407855136862451058e-06
7.919999999999999929e+00 1.407855134785248444e-06
7.930000000000000604e+00 1.407855132497205354e-06
7.940000000000000391e+00 1.407855130490968431e-06
7.950000000000000178e+00 1.407855128584289856e-06
7.959999999999999964e+00 1.407855126567346013e-06
7.969999999999999751e+00 1.407855124665089796e-06
7.980000000000000426e+00 1.407855122913437943e-06
7.990000000000000213e+00 1.407855121219628700e-06
8.000000000000000000e+00 1.407855119529442851e-06
8.009999999999999787e+00 1.407855117973489491e-06
8.019999999999999574e+00 1.407855116529408853e-06
8.029999999999999361e+00 1.407855115247291080e-06
8.040000000000000924e+00 1.407855113896610225e-06
8.050000000000000711e+00 1.407855112710744193e-06
8.060000000000000497e+00 1.407855111471758820e-06
8.070000000000000284e+00 1.407855110475133925e-06
8.080000000000000071e+00 1.407855109514067897e-06
8.089999999999999858e+00 1.407855108752820964e-06
8.099999999999999645e+00 1.407855107989796533e-06
8.109999999999999432e+00 1.407855107139134896e-06
8.120000000000000995e+00 1.407855106628593834e-06
8.130000000000000782e+00 1.407855106093370444e-06
8.140000000000000568e+00 1.407855105811986099e-06
8.150000000000000355e+00 1.407855105453129156e-06
8.160000000000000142e+00 1.407855105287416900e-06
8.169999999999999929e+00 1.407855105106305798e-06
8.179999999999999716e+00 1.407855104977317079e-06
8.189999999999999503e+00 1.407855105165047744e-06
8.199999999999999289e+00 1.407855105255958520e-06
8.210000000000000853e+00 1.407855105497241361e-06
8.220000000000000639e+00 1.407855105663108200e-06
8.230000000000000426e+00 1.407855106317105515e-06
8.240000000000000213e+00 1.407855106827194896e-06
8.250000000000000000e+00 1.407855107606387281e-06
8.259999999999999787e+00 1.407855108285149298e-06
8.269999999999999574e+00 1.407855109103426536e-06
8.279999999999999361e+00 1.407855110040960506e-06
8.290000000000000924e+00 1.407855111175271030e-06
8.300000000000000711e+00 1.407855112281756522e-06
8.310000000000000497e+00 1.407855113650439369e-06
8.320000000000000284e+00 1.407855115070483328e-06
8.330000000000000071e+00 1.407855116525975405e-06
8.339999999999999858e+00 1.407855118093625868e-06
8.349999999999999645e+00 1.407855119771849493e-06
8.359999999999999432e+00 1.407855121628365507e-06
8.370000000000000995e+00 1.407855123543174964e-06
8.380000000000000782e+00 1.407855125618984632e-06
8.390000000000000568e+00 1.407855127889814530e-06
8.400000000000000355e+00 1.407855130284378154e-06
8.410000000000000142e+00 1.407855132697952163e-06
8.419999999999999929e+00 1.407855135234479991e-06
8.429999999999999716e+00 1.407855137926738850e-06
8.439999999999999503e+00 1.407855140677160074e-06
8.449999999999999289e+00 1.407855143638252156e-06
8.460000000000000853e+00 1.407855146832486880e-06
8.470000000000000639e+00 1.407855149995293717e-06
8.480000000000000426e+00 1.407855153288557816e-06
8.490000000000000213e+00 1.407855156744744679e-06
8.500000000000000000e+00 1.407855160254565245e-06
8.509999999999999787e+00 1.407855163944498896e-06
8.519999999999999574e+00 1.407855167852859475e-06
8.529999999999999361e+00 1.407855171784236268e-06
8.540000000000000924e+00 1.407855175926769058e-06
8.550000000000000711e+00 1.407855180146744164e-06
8.560000000000000497e+00 1.407855184773265439e-06
8.570000000000000284e+00 1.407855189125800778e-06
8.580000000000000071e+00 1.407855193890090479e-06
8.589999999999999858e+00 1.407855198647511590e-06
8.599999999999999645e+00 1.407855203629264718e-06
8.609999999999999432e+00 1.407855208626996276e-06
8.620000000000000995e+00 1.407855213938736289e-06
8.630000000000000782e+00 1.407855219424124196e-06
8.640000000000000568e+00 1.407855225115423272e-06
8.650000000000000355e+00 1.407855230742042489e-06
8.660000000000000142e+00 1.407855236568643431e-06
8.669999999999999929e+00 1.407855242543556666e-06
8.679999999999999716e+00 1.407855248885785951e-06
8.689999999999999503e+00 1.407855255168644155e-06
8.700000000000001066e+00 1.407855261606444167e-06
8.710000000000000853e+00 1.407855268307366282e-06
8.720000000000000639e+00 1.407855275155989767e-06
8.730000000000000426e+00 1.407855282122454594e-06
8.740000000000000213e+00 1.407855289191772090e-06
8.750000000000000000e+00 1.407855296519455387e-06
8.759999999999999787e+00 1.407855304076785198e-06
8.769999999999999574e+00 1.407855311833918646e-06
8.779999999999999361e+00 1.407855319784502350e-06
8.790000000000000924e+00 1.407855327672685559e-06
8.800000000000000711e+00 1.407855335893616769e-06
8.810000000000000497e+00 1.407855344277778215e-06
8.820000000000000284e+00 1.407855352783289412e-06
8.830000000000000071e+00 1.407855361513961661e-06
8.839999999999999858e+00 1.407855370499470972e-06
8.849999999999999645e+00 1.407855379665742619e-06
8.859999999999999432e+00 1.407855388970466037e-06
8.870000000000000995e+00 1.407855398384529761e-06
8.880000000000000782e+00 1.407855408126781907e-06
8.890000000000000568e+00 1.407855417995680089e-06
8.900000000000000355e+00 1.407855427974232192e-06
8.910000000000000142e+00 1.407855438218059768e-06
8.919999999999999929e+00 1.407855448651557079e-06
8.929999999999999716e+00 1.407855459320902244e-06
8.939999999999999503e+00 1.407855470200650393e-06
8.950000000000001066e+00 1.407855480980259977e-06
8.960000000000000853e+00 1.407855492270947643e-06
8.970000000000000639e+00 1.407855503592688171e-06
8.980000000000000426e+00 1.407855515378528428e-06
8.990000000000000213e+00 1.407855527086474687e-06
9.000000000000000000e+00 1.407855539012780323e-06
9.009999999999999787e+00 1.407855551284393340e-06
9.019999999999999574e+00 1.407855563535622509e-06
9.029999999999999361e+00 1.407855576127746651e-06
9.040000000000000924e+00 1.407855588650764341e-06
9.050000000000000711e+00 1.407855601658340568e-06
9.060000000000000497e+00 1.407855614814145020e-06
9.070000000000000284e+00 1.407855628171282004e-06
9.080000000000000071e+00 1.407855641622661144e-06
9.089999999999999858e+00 1.407855655317081989e-06
9.099999999999999645e+00 1.407855669118345452e-06
9.109999999999999432e+00 1.407855683150345349e-06
9.120000000000000995e+00 1.407855697526798817e-06
9.130000000000000782e+00 1.407855711816545334e-06
9.140000000000000568e+00 1.407855726438233899e-06
9.150000000000000355e+00 1.407855741144805752e-06
9.160000000000000142e+00 1.407855756043468585e-06
9.169999999999999929e+00 1.407855771199106814e-06
9.179999999999999716e+00 1.407855786452606995e-06
9.189999999999999503e+00 1.407855801850761980e-06
9.200000000000001066e+00 1.407855817574678425e-06
9.210000000000000853e+00 1.407855833414925740e-06
9.220000000000000639e+00 1.407855849237290707e-06
9.230000000000000426e+00 1.407855865379679333e-06
9.240000000000000213e+00 1.407855881463480172e-06
9.250000000000000000e+00 1.407855897906775982e-06
9.259999999999999787e+00 1.407855914326655777e-06
9.269999999999999574e+00 1.407855931082791348e-06
9.279999999999999361e+00 1.407855947940807194e-06
9.290000000000000924e+00 1.407855964915861183e-06
9.300000000000000711e+00 1.407855982014040727e-06
9.310000000000000497e+00 1.407855999090484983e-06
9.320000000000000284e+00 1.407856016409489829e-06
9.330000000000000071e+00 1.407856033717731850e-06
9.339999999999999858e+00 1.407856051342622316e-06
9.349999999999999645e+00 1.407856069075257279e-06
9.359999999999999432e+00 1.407856086726610112e-06
9.370000000000000995e+00 1.407856104564787710e-06
9.380000000000000782e+00 1.407856122526151849e-06
9.390000000000000568e+00 1.407856140603598466e-06
9.400000000000000355e+00 1.407856158511155473e-06
9.410000000000000142e+00 1.407856176848580007e-06
9.419999999999999929e+00 1.407856195011514271e-06
9.429999999999999716e+00 1.407856213255553211e-06
9.439999999999999503e+00 1.407856231651540967e-06
9.450000000000001066e+00 1.407856249986078177e-06
9.460000000000000853e+00 1.407856268577826683e-06
9.470000000000000639e+00 1.407856287007199819e-06
9.480000000000000426e+00 1.407856305389900170e-06
9.490000000000000213e+00 1.407856324048802294e-06
9.500000000000000000e+00 1.407856342461416249e-06
9.509999999999999787e+00 1.407856361165443418e-06
9.519999999999999574e+00 1.407856379896254405e-06
9.529999999999999361e+00 1.407856398359985315e-06
9.540000000000000924e+00 1.407856416949557369e-06
9.550000000000000711e+00 1.407856435546997513e-06
9.560000000000000497e+00 1.407856454160757440e-06
9.570000000000000284e+00 1.407856472810898702e-06
9.580000000000000071e+00 1.407856491398961344e-06
9.589999999999999858e+00 1.407856509946612679e-06
9.599999999999999645e+00 1.407856528506430160e-06
9.609999999999999432e+00 1.407856546921755043e-06
9.620000000000000995e+00 1.407856565459078294e-06
9.630000000000000782e+00 1.407856583906484126e-06
9.640000000000000568e+00 1.407856602169891109e-06
9.650000000000000355e+00 1.407856620642605439e-06
9.660000000000000142e+00 1.407856638888295458e-06
9.669999999999999929e+00 1.407856656978379806e-06
9.679999999999999716e+00 1.407856675249789345e-06
9.689999999999999503e+00 1.407856693425764317e-06
9.700000000000001066e+00 1.407856711447227562e-06
9.710000000000000853e+00 1.407856729368136561e-06
9.720000000000000639e+00 1.407856747324161640e-06
9.730000000000000426e+00 1.407856765280190743e-06
9.740000000000000213e+00 1.407856782952634909e-06
9.750000000000000000e+00 1.407856800553231199e-06
9.759999999999999787e+00 1.407856818015072693e-06
9.769999999999999574e+00 1.407856835436974678e-06
9.779999999999999361e+00 1.407856852899703227e-06
9.790000000000000924e+00 1.407856870249066792e-06
9.800000000000000711e+00 1.407856887488638794e-06
9.810000000000000497e+00 1.407856904606614981e-06
9.820000000000000284e+00 1.407856921603631898e-06
9.830000000000000071e+00 1.407856938625198372e-06
9.839999999999999858e+00 1.407856955463364848e-06
9.849999999999999645e+00 1.407856972172016175e-06
9.859999999999999432e+00 1.407856988812394105e-06
9.870000000000000995e+00 1.407857005285656458e-06
9.880000000000000782e+00 1.407857021696980162e-06
9.890000000000000568e+00 1.407857037921917443e-06
9.900000000000000355e+00 1.407857054141928168e-06
9.910000000000000142e+00 1.407857070355039598e-06
9.919999999999999929e+00 1.407857086176908627e-06
9.929999999999999716e+00 1.407857102116781416e-06
9.939999999999999503e+00 1.407857117874853194e-06
9.950000000000001066e+00 1.407857133554012419e-06
9.960000000000000853e+00 1.407857149222377055e-06
9.970000000000000639e+00 1.407857164652755926e-06
9.980000000000000426e+00 1.407857180000243730e-06
9.990000000000000213e+00 1.407857195327283311e-06
1.000000000000000000e+01 1.407857210429554653e-06
