0.000000000000000000e+00 9.081359605448855454e-01
1.000000000000000021e-02 9.081359605300084459e-01
2.000000000000000042e-02 9.081359604853772582e-01
2.999999999999999889e-02 9.081359604105933014e-01
4.000000000000000083e-02 9.081359603053366092e-01
5.000000000000000278e-02 9.081359601690583983e-01
5.999999999999999778e-02 9.081359600010540101e-01
7.000000000000000666e-02 9.081359598004605793e-01
8.000000000000000167e-02 9.081359595662611417e-01
8.999999999999999667e-02 9.081359592972819694e-01
1.000000000000000056e-01 9.081359589921960129e-01
1.100000000000000006e-01 9.081359586495223457e-01
1.199999999999999956e-01 9.081359582676308273e-01
1.300000000000000044e-01 9.081359578447421033e-01
1.400000000000000133e-01 9.081359573789351547e-01
1.499999999999999944e-01 9.081359568681484085e-01
1.600000000000000033e-01 9.081359563101900623e-01
1.700000000000000122e-01 9.081359557027430807e-01
1.799999999999999933e-01 9.081359550433777406e-01
1.900000000000000022e-01 9.081359543295622894e-01
2.000000000000000111e-01 9.081359535586779330e-01
2.099999999999999922e-01 9.081359527280359334e-01
2.200000000000000011e-01 9.081359518348994797e-01
2.300000000000000100e-01 9.081359508765056709e-01
2.399999999999999911e-01 9.081359498500953809e-01
2.500000000000000000e-01 9.081359487529435670e-01
2.600000000000000089e-01 9.081359475823973515e-01
2.700000000000000178e-01 9.081359463359173212e-01
2.800000000000000266e-01 9.081359450111259335e-01
2.899999999999999800e-01 9.081359436058584755e-01
2.999999999999999889e-01 9.081359421182270131e-01
3.099999999999999978e-01 9.081359405466836732e-01
3.200000000000000067e-01 9.081359388900975826e-01
3.300000000000000155e-01 9.081359371478368026e-01
3.400000000000000244e-01 9.081359353198593665e-01
3.500000000000000333e-01 9.081359334068144218e-01
3.599999999999999867e-01 9.081359314101509206e-01
3.699999999999999956e-01 9.081359293322405213e-01
3.800000000000000044e-01 9.081359271765067076e-01
3.900000000000000133e-01 9.081359249475688955e-01
4.000000000000000222e-01 9.081359226513976424e-01
4.100000000000000311e-01 9.081359202954815135e-01
4.199999999999999845e-01 9.081359178890098249e-01
4.299999999999999933e-01 9.081359154430659331e-01
4.400000000000000022e-01 9.081359129708403977e-01
4.500000000000000111e-01 9.081359104878544697e-01
4.600000000000000200e-01 9.081359080122035632e-01
4.700000000000000289e-01 9.081359055648156042e-01
4.799999999999999822e-01 9.081359031697280315e-01
4.899999999999999911e-01 9.081359008543856692e-01
5.000000000000000000e-01 9.081358986499536989e-01
5.100000000000000089e-01 9.081358965916552783e-01
5.200000000000000178e-01 9.081358947191293662e-01
5.300000000000000266e-01 9.081358930768109738e-01
5.400000000000000355e-01 9.081358917143350640e-01
5.500000000000000444e-01 9.081358906869660963e-01
5.600000000000000533e-01 9.081358900560524416e-01
5.700000000000000622e-01 9.081358898895103282e-01
5.799999999999999600e-01 9.081358902623331009e-01
5.899999999999999689e-01 9.081358912571344533e-01
5.999999999999999778e-01 9.081358929647196376e-01
6.099999999999999867e-01 9.081358954846925347e-01
6.199999999999999956e-01 9.081358989260955861e-01
6.300000000000000044e-01 9.081359034080862536e-01
6.400000000000000133e-01 9.081359090606522244e-01
6.500000000000000222e-01 9.081359160253645868e-01
6.600000000000000311e-01 9.081359244561740818e-01
6.700000000000000400e-01 9.081359345202494326e-01
6.800000000000000488e-01 9.081359463988589731e-01
6.900000000000000577e-01 9.081359602883043447e-01
7.000000000000000666e-01 9.081359764008936075e-01
7.099999999999999645e-01 9.081359949659728592e-01
7.199999999999999734e-01 9.081360162310061490e-01
7.299999999999999822e-01 9.081360404627070171e-01
7.399999999999999911e-01 9.081360679482286535e-01
7.500000000000000000e-01 9.081360989964067931e-01
7.600000000000000089e-01 9.081361339390645604e-01
7.700000000000000178e-01 9.081361731323719377e-01
7.800000000000000266e-01 9.081362169582691823e-01
7.900000000000000355e-01 9.081362658259479748e-01
8.000000000000000444e-01 9.081363201733978485e-01
8.100000000000000533e-01 9.081363804690119057e-01
8.200000000000000622e-01 9.081364472132578136e-01
8.300000000000000711e-01 9.081365209404084204e-01
8.399999999999999689e-01 9.081366022203396504e-01
8.499999999999999778e-01 9.081366916603854644e-01
8.599999999999999867e-01 9.081367899072593231e-01
8.699999999999999956e-01 9.081368976490323819e-01
8.800000000000000044e-01 9.081370156171728603e-01
8.900000000000000133e-01 9.081371445886444738e-01
9.000000000000000222e-01 9.081372853880569362e-01
9.100000000000000311e-01 9.081374388898753036e-01
9.200000000000000400e-01 9.081376060206753920e-01
9.300000000000000488e-01 9.081377877614531524e-01
9.400000000000000577e-01 9.081379851499737921e-01
9.500000000000000666e-01 9.081381992831680794e-01
9.599999999999999645e-01 9.081384313195636215e-01
9.699999999999999734e-01 9.081386824817528902e-01
9.799999999999999822e-01 9.081389540588907794e-01
9.899999999999999911e-01 9.081392474092178091e-01
1.000000000000000000e+00 9.081395639626068661e-01
1.010000000000000009e+00 9.081399052231236002e-01
1.020000000000000018e+00 9.081402727716035850e-01
1.030000000000000027e+00 9.081406682682313658e-01
1.040000000000000036e+00 9.081410934551260583e-01
1.050000000000000044e+00 9.081415501589212846e-01
1.060000000000000053e+00 9.081420402933381153e-01
1.070000000000000062e+00 9.081425658617450214e-01
1.080000000000000071e+00 9.081431289596990641e-01
1.090000000000000080e+00 9.081437317774646578e-01
1.100000000000000089e+00 9.081443766025035780e-01
1.110000000000000098e+00 9.081450658219347716e-01
1.120000000000000107e+00 9.081458019249533109e-01
1.130000000000000115e+00 9.081465875052117109e-01
1.140000000000000124e+00 9.081474252631528410e-01
1.150000000000000133e+00 9.081483180082963180e-01
1.159999999999999920e+00 9.081492686614706100e-01
1.169999999999999929e+00 9.081502802569874078e-01
1.179999999999999938e+00 9.081513559447602635e-01
1.189999999999999947e+00 9.081524989923588365e-01
1.199999999999999956e+00 9.081537127869973025e-01
1.209999999999999964e+00 9.081550008374583705e-01
1.219999999999999973e+00 9.081563667759464664e-01
1.229999999999999982e+00 9.081578143598703079e-01
1.239999999999999991e+00 9.081593474735509819e-01
1.250000000000000000e+00 9.081609701298571924e-01
1.260000000000000009e+00 9.081626864717603498e-01
1.270000000000000018e+00 9.081645007738154973e-01
1.280000000000000027e+00 9.081664174435575276e-01
1.290000000000000036e+00 9.081684410228155757e-01
1.300000000000000044e+00 9.081705761889427020e-01
1.310000000000000053e+00 9.081728277559555362e-01
1.320000000000000062e+00 9.081752006755821061e-01
1.330000000000000071e+00 9.081777000382138532e-01
1.340000000000000080e+00 9.081803310737541768e-01
1.350000000000000089e+00 9.081830991523611729e-01
1.360000000000000098e+00 9.081860097850735780e-01
1.370000000000000107e+00 9.081890686243150324e-01
1.380000000000000115e+00 9.081922814642645614e-01
1.390000000000000124e+00 9.081956542410823952e-01
1.400000000000000133e+00 9.081991930329783580e-01
1.409999999999999920e+00 9.082029040601086178e-01
1.419999999999999929e+00 9.082067936842821432e-01
1.429999999999999938e+00 9.082108684084592154e-01
1.439999999999999947e+00 9.082151348760202358e-01
1.449999999999999956e+00 9.082195998697806250e-01
1.459999999999999964e+00 9.082242703107270554e-01
1.469999999999999973e+00 9.082291532564429337e-01
1.479999999999999982e+00 9.082342558991942649e-01
1.489999999999999991e+00 9.082395855636420379e-01
1.500000000000000000e+00 9.082451497041400534e-01
1.510000000000000009e+00 9.082509559015827794e-01
1.520000000000000018e+00 9.082570118597560471e-01
1.530000000000000027e+00 9.082633254011510671e-01
1.540000000000000036e+00 9.082699044621856954e-01
1.550000000000000044e+00 9.082767570877893215e-01
1.560000000000000053e+00 9.082838914252956419e-01
1.570000000000000062e+00 9.082913157175902530e-01
1.580000000000000071e+00 9.082990382954502229e-01
1.590000000000000080e+00 9.083070675690295692e-01
1.600000000000000089e+00 9.083154120184186997e-01
1.610000000000000098e+00 9.083240801832271893e-01
1.620000000000000107e+00 9.083330806511265010e-01
1.630000000000000115e+00 9.083424220452944731e-01
1.640000000000000124e+00 9.083521130106999575e-01
1.650000000000000133e+00 9.083621621991795347e-01
1.660000000000000142e+00 9.083725782532421356e-01
1.669999999999999929e+00 9.083833697885568270e-01
1.679999999999999938e+00 9.083945453750749133e-01
1.689999999999999947e+00 9.084061135167451617e-01
1.699999999999999956e+00 9.084180826297839628e-01
1.709999999999999964e+00 9.084304610194685603e-01
1.719999999999999973e+00 9.084432568554381415e-01
1.729999999999999982e+00 9.084564781454775861e-01
1.739999999999999991e+00 9.084701327077853161e-01
1.750000000000000000e+00 9.084842281417288001e-01
1.760000000000000009e+00 9.084987717971022558e-01
1.770000000000000018e+00 9.085137707419115305e-01
1.780000000000000027e+00 9.085292317287310127e-01
1.790000000000000036e+00 9.085451611596796484e-01
1.800000000000000044e+00 9.085615650500838969e-01
1.810000000000000053e+00 9.085784489909125572e-01
1.820000000000000062e+00 9.085958181100708408e-01
1.830000000000000071e+00 9.086136770326715961e-01
1.840000000000000080e+00 9.086320298404025886e-01
1.850000000000000089e+00 9.086508800301374977e-01
1.860000000000000098e+00 9.086702304719387335e-01
1.870000000000000107e+00 9.086900833666313737e-01
1.880000000000000115e+00 9.087104402031226380e-01
1.890000000000000124e+00 9.087313017156772865e-01
1.900000000000000133e+00 9.087526678413534453e-01
1.910000000000000142e+00 9.087745376778239015e-01
1.919999999999999929e+00 9.087969094418221205e-01
1.929999999999999938e+00 9.088197804284516845e-01
1.939999999999999947e+00 9.088431469716186095e-01
1.949999999999999956e+00 9.088670044058392294e-01
1.959999999999999964e+00 9.088913470296937636e-01
1.969999999999999973e+00 9.089161680711916880e-01
1.979999999999999982e+00 9.089414596553115899e-01
1.989999999999999991e+00 9.089672127739893970e-01
2.000000000000000000e+00 9.089934172588145511e-01
2.010000000000000231e+00 9.090200617566880359e-01
2.020000000000000018e+00 9.090471337086972747e-01
2.030000000000000249e+00 9.090746193324391600e-01
2.040000000000000036e+00 9.091025036080228050e-01
2.049999999999999822e+00 9.091307702679530811e-01
2.060000000000000053e+00 9.091594017910968883e-01
2.069999999999999840e+00 9.091883794008943642e-01
2.080000000000000071e+00 9.092176830679721267e-01
2.089999999999999858e+00 9.092472915172821191e-01
2.100000000000000089e+00 9.092771822398668657e-01
2.109999999999999876e+00 9.093073315093278541e-01
2.120000000000000107e+00 9.093377144030403425e-01
2.129999999999999893e+00 9.093683048281352432e-01
2.140000000000000124e+00 9.093990755522296521e-01
2.149999999999999911e+00 9.094299982388700521e-01
2.160000000000000142e+00 9.094610434876092553e-01
2.169999999999999929e+00 9.094921808786181616e-01
2.180000000000000160e+00 9.095233790216921133e-01
2.189999999999999947e+00 9.095546056094983012e-01
2.200000000000000178e+00 9.095858274748664929e-01
2.209999999999999964e+00 9.096170106519101406e-01
2.220000000000000195e+00 9.096481204407328436e-01
2.229999999999999982e+00 9.096791214754602617e-01
2.240000000000000213e+00 9.097099777953057131e-01
2.250000000000000000e+00 9.097406529183675872e-01
2.260000000000000231e+00 9.097711099178399374e-01
2.270000000000000018e+00 9.098013115002977491e-01
2.280000000000000249e+00 9.098312200857142651e-01
2.290000000000000036e+00 9.098607978888612058e-01
2.300000000000000266e+00 9.098900070017246211e-01
2.310000000000000053e+00 9.099188094765878754e-01
2.319999999999999840e+00 9.099471674094141704e-01
2.330000000000000071e+00 9.099750430231769993e-01
2.339999999999999858e+00 9.100023987507880330e-01
2.350000000000000089e+00 9.100291973172817128e-01
2.359999999999999876e+00 9.100554018209264795e-01
2.370000000000000107e+00 9.100809758129453364e-01
2.379999999999999893e+00 9.101058833755468758e-01
2.390000000000000124e+00 9.101300891979785535e-01
2.399999999999999911e+00 9.101535586503355368e-01
2.410000000000000142e+00 9.101762578548824312e-01
2.419999999999999929e+00 9.101981537546555145e-01
2.430000000000000160e+00 9.102192141791412006e-01
2.439999999999999947e+00 9.102394079068472088e-01
2.450000000000000178e+00 9.102587047245989105e-01
2.459999999999999964e+00 9.102770754834229594e-01
2.470000000000000195e+00 9.102944921508948628e-01
2.479999999999999982e+00 9.103109278598430221e-01
2.490000000000000213e+00 9.103263569533376343e-01
2.500000000000000000e+00 9.103407550258914016e-01
2.510000000000000231e+00 9.103540989608289724e-01
2.520000000000000018e+00 9.103663669637961364e-01
2.530000000000000249e+00 9.103775385923889019e-01
2.540000000000000036e+00 9.103875947819050074e-01
2.550000000000000266e+00 9.103965178672246417e-01
2.560000000000000053e+00 9.104042916008446840e-01
2.569999999999999840e+00 9.104109011670938889e-01
2.580000000000000071e+00 9.104163331925722025e-01
2.589999999999999858e+00 9.104205757528576193e-01
2.600000000000000089e+00 9.104236183755352041e-01
2.609999999999999876e+00 9.104254520396093397e-01
2.620000000000000107e+00 9.104260691713570441e-01
2.629999999999999893e+00 9.104254636366959641e-01
2.640000000000000124e+00 9.104236307301331044e-01
2.649999999999999911e+00 9.104205671603717853e-01
2.660000000000000142e+00 9.104162710326543229e-01
2.669999999999999929e+00 9.104107418279172581e-01
2.680000000000000160e+00 9.104039803788475105e-01
2.689999999999999947e+00 9.103959888429228320e-01
2.700000000000000178e+00 9.103867706725274900e-01
2.709999999999999964e+00 9.103763305822373253e-01
2.720000000000000195e+00 9.103646745133728846e-01
2.729999999999999982e+00 9.103518095959218792e-01
2.740000000000000213e+00 9.103377441079387733e-01
2.750000000000000000e+00 9.103224874325358540e-01
2.760000000000000231e+00 9.103060500125872423e-01
2.770000000000000018e+00 9.102884433032609746e-01
2.780000000000000249e+00 9.102696797225270364e-01
2.790000000000000036e+00 9.102497725997664713e-01
2.800000000000000266e+00 9.102287361226321094e-01
2.810000000000000053e+00 9.102065852823187919e-01
2.819999999999999840e+00 9.101833358173938571e-01
2.830000000000000071e+00 9.101590041563638600e-01
2.839999999999999858e+00 9.101336073591408393e-01
2.850000000000000089e+00 9.101071630576008653e-01
2.859999999999999876e+00 9.100796893954066213e-01
2.870000000000000107e+00 9.100512049672916381e-01
2.879999999999999893e+00 9.100217287580018022e-01
2.890000000000000124e+00 9.099912800810870950e-01
2.899999999999999911e+00 9.099598785177462901e-01
2.910000000000000142e+00 9.099275438559256690e-01
2.919999999999999929e+00 9.098942960298752602e-01
2.930000000000000160e+00 9.098601550603604426e-01
2.939999999999999947e+00 9.098251409957304192e-01
2.950000000000000178e+00 9.097892738540385160e-01
2.959999999999999964e+00 9.097525735664030444e-01
2.970000000000000195e+00 9.097150599217982414e-01
2.979999999999999982e+00 9.096767525134484833e-01
2.990000000000000213e+00 9.096376706870009654e-01
3.000000000000000000e+00 9.095978334906357210e-01
3.010000000000000231e+00 9.095572596272625265e-01
3.020000000000000018e+00 9.095159674089448032e-01
3.030000000000000249e+00 9.094739747136857400e-01
3.040000000000000036e+00 9.094312989446763362e-01
3.050000000000000266e+00 9.093879569921250461e-01
3.060000000000000053e+00 9.093439651977444083e-01
3.070000000000000284e+00 9.092993393219721554e-01
3.080000000000000071e+00 9.092540945139926389e-01
3.089999999999999858e+00 9.092082452845896556e-01
3.100000000000000089e+00 9.091618054818778605e-01
3.109999999999999876e+00 9.091147882699127658e-01
3.120000000000000107e+00 9.090672061101906509e-01
3.129999999999999893e+00 9.090190707460249486e-01
3.140000000000000124e+00 9.089703931897650246e-01
3.149999999999999911e+00 9.089211837128299276e-01
3.160000000000000142e+00 9.088714518384952701e-01
3.169999999999999929e+00 9.088212063373757310e-01
3.180000000000000160e+00 9.087704552255236878e-01
3.189999999999999947e+00 9.087192057650671506e-01
3.200000000000000178e+00 9.086674644672835255e-01
3.209999999999999964e+00 9.086152370980126181e-01
3.220000000000000195e+00 9.085625286852990756e-01
3.229999999999999982e+00 9.085093435291435870e-01
3.240000000000000213e+00 9.084556852132439353e-01
3.250000000000000000e+00 9.084015566186023349e-01
3.260000000000000231e+00 9.083469599388583893e-01
3.270000000000000018e+00 9.082918966972262087e-01
3.280000000000000249e+00 9.082363677648946920e-01
3.290000000000000036e+00 9.081803733807550794e-01
3.300000000000000266e+00 9.081239131723222169e-01
3.310000000000000053e+00 9.080669861777124208e-01
3.320000000000000284e+00 9.080095908685457129e-01
3.330000000000000071e+00 9.079517251736405337e-01
3.339999999999999858e+00 9.078933865033714801e-01
3.350000000000000089e+00 9.078345717745666121e-01
3.359999999999999876e+00 9.077752774358207599e-01
3.370000000000000107e+00 9.077154994931110332e-01
3.379999999999999893e+00 9.076552335356018464e-01
3.390000000000000124e+00 9.075944747615296571e-01
3.399999999999999911e+00 9.075332180040736052e-01
3.410000000000000142e+00 9.074714577571091345e-01
3.419999999999999929e+00 9.074091882007601084e-01
3.430000000000000160e+00 9.073464032266694845e-01
3.439999999999999947e+00 9.072830964628999517e-01
3.450000000000000178e+00 9.072192612984135707e-01
3.459999999999999964e+00 9.071548909070439315e-01
3.470000000000000195e+00 9.070899782709223036e-01
3.479999999999999982e+00 9.070245162032964936e-01
3.490000000000000213e+00 9.069584973706990016e-01
3.500000000000000000e+00 9.068919143144216211e-01
3.510000000000000231e+00 9.068247594712740556e-01
3.520000000000000018e+00 9.067570251935820336e-01
3.530000000000000249e+00 9.066887037684149275e-01
3.540000000000000036e+00 9.066197874360207853e-01
3.550000000000000266e+00 9.065502684074528972e-01
3.560000000000000053e+00 9.064801388813853444e-01
3.570000000000000284e+00 9.064093910601084270e-01
3.580000000000000071e+00 9.063380171647057448e-01
3.589999999999999858e+00 9.062660094494183749e-01
3.600000000000000089e+00 9.061933602151979184e-01
3.609999999999999876e+00 9.061200618224649617e-01
3.620000000000000107e+00 9.060461067030799454e-01
3.629999999999999893e+00 9.059714873715478678e-01
3.640000000000000124e+00 9.058961964354667051e-01
3.649999999999999911e+00 9.058202266052479690e-01
3.660000000000000142e+00 9.057435707031230576e-01
3.669999999999999929e+00 9.056662216714634894e-01
3.680000000000000160e+00 9.055881725804357796e-01
3.689999999999999947e+00 9.055094166350190488e-01
3.700000000000000178e+00 9.054299471814063471e-01
3.709999999999999964e+00 9.053497577128206686e-01
3.720000000000000195e+00 9.052688418747711907e-01
3.729999999999999982e+00 9.051871934697715005e-01
3.740000000000000213e+00 9.051048064615571098e-01
3.750000000000000000e+00 9.050216749788175807e-01
3.760000000000000231e+00 9.049377933184749034e-01
3.770000000000000018e+00 9.048531559485357700e-01
3.780000000000000249e+00 9.047677575105406156e-01
3.790000000000000036e+00 9.046815928216314084e-01
3.800000000000000266e+00 9.045946568762704976e-01
3.810000000000000053e+00 9.045069448476228402e-01
3.820000000000000284e+00 9.044184520886358047e-01
3.830000000000000071e+00 9.043291741328253197e-01
3.839999999999999858e+00 9.042391066948016753e-01
3.850000000000000089e+00 9.041482456705434156e-01
3.859999999999999876e+00 9.040565871374469653e-01
3.870000000000000107e+00 9.039641273541628719e-01
3.879999999999999893e+00 9.038708627602389800e-01
3.890000000000000124e+00 9.037767899755839718e-01
3.899999999999999911e+00 9.036819057997682592e-01
3.910000000000000142e+00 9.035862072111747745e-01
3.919999999999999929e+00 9.034896913660092066e-01
3.930000000000000160e+00 9.033923555971882235e-01
3.939999999999999947e+00 9.032941974131107887e-01
3.950000000000000178e+00 9.031952144963237838e-01
3.959999999999999964e+00 9.030954047020938180e-01
3.970000000000000195e+00 9.029947660568907741e-01
3.979999999999999982e+00 9.028932967567938617e-01
3.990000000000000213e+00 9.027909951658207310e-01
4.000000000000000000e+00 9.026878598141985233e-01
4.009999999999999787e+00 9.025838893965664189e-01
4.020000000000000462e+00 9.024790827701325568e-01
4.030000000000000249e+00 9.023734389527748867e-01
4.040000000000000036e+00 9.022669571211003881e-01
4.049999999999999822e+00 9.021596366084621010e-01
4.060000000000000497e+00 9.020514769029418511e-01
4.070000000000000284e+00 9.019424776452957815e-01
4.080000000000000071e+00 9.018326386268714634e-01
4.089999999999999858e+00 9.017219597874988057e-01
4.099999999999999645e+00 9.016104412133542079e-01
4.110000000000000320e+00 9.014980831348026191e-01
4.120000000000000107e+00 9.013848859242236111e-01
4.129999999999999893e+00 9.012708500938160228e-01
4.139999999999999680e+00 9.011559762933902817e-01
4.150000000000000355e+00 9.010402653081452939e-01
4.160000000000000142e+00 9.009237180564404479e-01
4.169999999999999929e+00 9.008063355875510769e-01
4.179999999999999716e+00 9.006881190794242542e-01
4.190000000000000391e+00 9.005690698364259283e-01
4.200000000000000178e+00 9.004491892870883918e-01
4.209999999999999964e+00 9.003284789818539746e-01
4.219999999999999751e+00 9.002069405908226241e-01
4.230000000000000426e+00 9.000845759015020375e-01
4.240000000000000213e+00 8.999613868165617925e-01
4.250000000000000000e+00 8.998373753515938045e-01
4.259999999999999787e+00 8.997125436328846648e-01
4.270000000000000462e+00 8.995868938951934179e-01
4.280000000000000249e+00 8.994604284795436611e-01
4.290000000000000036e+00 8.993331498310280780e-01
4.299999999999999822e+00 8.992050604966266292e-01
4.310000000000000497e+00 8.990761631230406170e-01
4.320000000000000284e+00 8.989464604545436277e-01
4.330000000000000071e+00 8.988159553308497918e-01
4.339999999999999858e+00 8.986846506849980321e-01
4.350000000000000533e+00 8.985525495412568509e-01
4.360000000000000320e+00 8.984196550130474357e-01
4.370000000000000107e+00 8.982859703008845287e-01
4.379999999999999893e+00 8.981514986903362807e-01
4.389999999999999680e+00 8.980162435500012030e-01
4.400000000000000355e+00 8.978802083295037706e-01
4.410000000000000142e+00 8.977433965575044583e-01
4.419999999999999929e+00 8.976058118397255425e-01
4.429999999999999716e+00 8.974674578569904471e-01
4.440000000000000391e+00 8.973283383632738586e-01
4.450000000000000178e+00 8.971884571837605016e-01
4.459999999999999964e+00 8.970478182129131284e-01
4.469999999999999751e+00 8.969064254125435065e-01
4.480000000000000426e+00 8.967642828098832952e-01
4.490000000000000213e+00 8.966213944956566984e-01
4.500000000000000000e+00 8.964777646221462337e-01
4.509999999999999787e+00 8.963333974012493988e-01
4.520000000000000462e+00 8.961882971025250111e-01
4.530000000000000249e+00 8.960424680512231177e-01
4.540000000000000036e+00 8.958959146262936990e-01
4.549999999999999822e+00 8.957486412583741675e-01
4.560000000000000497e+00 8.956006524277468905e-01
4.570000000000000284e+00 8.954519526622632952e-01
4.580000000000000071e+00 8.953025465352374423e-01
4.589999999999999858e+00 8.951524386632925268e-01
4.600000000000000533e+00 8.950016337041674097e-01
4.610000000000000320e+00 8.948501363544723031e-01
4.620000000000000107e+00 8.946979513473976020e-01
4.629999999999999893e+00 8.945450834503592130e-01
4.639999999999999680e+00 8.943915374625924786e-01
4.650000000000000355e+00 8.942373182126809317e-01
4.660000000000000142e+00 8.940824305560201024e-01
4.669999999999999929e+00 8.939268793722157103e-01
4.679999999999999716e+00 8.937706695624113573e-01
4.690000000000000391e+00 8.936138060465473876e-01
4.700000000000000178e+00 8.934562937605442512e-01
4.709999999999999964e+00 8.932981376534163687e-01
4.719999999999999751e+00 8.931393426843106109e-01
4.730000000000000426e+00 8.929799138194709496e-01
4.740000000000000213e+00 8.928198560291333852e-01
4.750000000000000000e+00 8.926591742843456023e-01
4.759999999999999787e+00 8.924978735537187902e-01
4.770000000000000462e+00 8.923359588001117393e-01
4.780000000000000249e+00 8.921734349772491024e-01
4.790000000000000036e+00 8.920103070262777045e-01
4.799999999999999822e+00 8.918465798722654547e-01
4.810000000000000497e+00 8.916822584206450797e-01
4.820000000000000284e+00 8.915173475536106729e-01
4.830000000000000071e+00 8.913518521264668371e-01
4.839999999999999858e+00 8.911857769639430771e-01
4.850000000000000533e+00 8.910191268564735534e-01
4.860000000000000320e+00 8.908519065564514117e-01
4.870000000000000107e+00 8.906841207744636835e-01
4.879999999999999893e+00 8.905157741755156398e-01
4.889999999999999680e+00 8.903468713752488162e-01
4.900000000000000355e+00 8.901774169361613698e-01
4.910000000000000142e+00 8.900074153638442009e-01
4.919999999999999929e+00 8.898368711032285105e-01
4.929999999999999716e+00 8.896657885348671080e-01
4.940000000000000391e+00 8.894941719712468053e-01
4.950000000000000178e+00 8.893220256531451096e-01
4.959999999999999964e+00 8.891493537460390950e-01
4.969999999999999751e+00 8.889761603365740061e-01
4.980000000000000426e+00 8.888024494290954758e-01
4.990000000000000213e+00 8.886282249422621238e-01
5.000000000000000000e+00 8.884534907057367592e-01
5.009999999999999787e+00 8.882782504473483165e-01
5.020000000000000462e+00 8.881025078147533058e-01
5.030000000000000249e+00 8.879262663110180087e-01
5.040000000000000036e+00 8.877495293277064548e-01
5.049999999999999822e+00 8.875723001352178176e-01
5.060000000000000497e+00 8.873945818819490849e-01
5.070000000000000284e+00 8.872163775935619778e-01
5.080000000000000071e+00 8.870376901723260321e-01
5.089999999999999858e+00 8.868585223965491648e-01
5.100000000000000533e+00 8.866788769200905085e-01
5.110000000000000320e+00 8.864987562719623959e-01
5.120000000000000107e+00 8.863181628560146130e-01
5.129999999999999893e+00 8.861370989507042495e-01
5.139999999999999680e+00 8.859555667089508146e-01
5.150000000000000355e+00 8.857735681580715115e-01
5.160000000000000142e+00 8.855911051997991112e-01
5.169999999999999929e+00 8.854081796103774327e-01
5.179999999999999716e+00 8.852247930407305399e-01
5.190000000000000391e+00 8.850409470167088788e-01
5.200000000000000178e+00 8.848566429393996957e-01
5.209999999999999964e+00 8.846718820855068444e-01
5.219999999999999751e+00 8.844866656077909894e-01
5.230000000000000426e+00 8.843009945355648771e-01
5.240000000000000213e+00 8.841148697752457819e-01
5.250000000000000000e+00 8.839282921109511415e-01
5.259999999999999787e+00 8.837412622051423750e-01
5.270000000000000462e+00 8.835537805993022298e-01
5.280000000000000249e+00 8.833658477146486554e-01
5.290000000000000036e+00 8.831774638528757659e-01
5.299999999999999822e+00 8.829886291969173406e-01
5.310000000000000497e+00 8.827993438117284208e-01
5.320000000000000284e+00 8.826096076450813399e-01
5.330000000000000071e+00 8.824194205283665271e-01
5.339999999999999858e+00 8.822287821774007499e-01
5.350000000000000533e+00 8.820376921932308045e-01
5.360000000000000320e+00 8.818461500629347638e-01
5.370000000000000107e+00 8.816541551604106797e-01
5.379999999999999893e+00 8.814617067471558487e-01
5.389999999999999680e+00 8.812688039730263156e-01
5.400000000000000355e+00 8.810754458769796127e-01
5.410000000000000142e+00 8.808816313877929627e-01
5.419999999999999929e+00 8.806873593247601661e-01
5.429999999999999716e+00 8.804926283983582902e-01
5.440000000000000391e+00 8.802974372108920420e-01
5.450000000000000178e+00 8.801017842571053906e-01
5.459999999999999964e+00 8.799056679247654333e-01
5.469999999999999751e+00 8.797090864952189504e-01
5.480000000000000426e+00 8.795120381439179846e-01
5.490000000000000213e+00 8.793145209409186647e-01
5.500000000000000000e+00 8.791165328513541599e-01
5.509999999999999787e+00 8.789180717358818784e-01
5.520000000000000462e+00 8.787191353511074610e-01
5.530000000000000249e+00 8.785197213499883473e-01
5.540000000000000036e+00 8.783198272822223540e-01
5.549999999999999822e+00 8.781194505946169349e-01
5.560000000000000497e+00 8.779185886314504472e-01
5.570000000000000284e+00 8.777172386348250921e-01
5.580000000000000071e+00 8.775153977450164122e-01
5.589999999999999858e+00 8.773130630008205699e-01
5.600000000000000533e+00 8.771102313399099515e-01
5.610000000000000320e+00 8.769068995991937676e-01
5.620000000000000107e+00 8.767030645151926427e-01
5.629999999999999893e+00 8.764987227244320778e-01
5.639999999999999680e+00 8.762938707638532332e-01
5.650000000000000355e+00 8.760885050712539091e-01
5.660000000000000142e+00 8.758826219857558382e-01
5.669999999999999929e+00 8.756762177483072840e-01
5.679999999999999716e+00 8.754692885022218318e-01
5.690000000000000391e+00 8.752618302937592576e-01
5.700000000000000178e+00 8.750538390727499172e-01
5.709999999999999964e+00 8.748453106932647660e-01
5.719999999999999751e+00 8.746362409143365602e-01
5.730000000000000426e+00 8.744266254007342365e-01
5.740000000000000213e+00 8.742164597237862544e-01
5.750000000000000000e+00 8.740057393622640003e-01
5.759999999999999787e+00 8.737944597033195926e-01
5.770000000000000462e+00 8.735826160434803089e-01
5.780000000000000249e+00 8.733702035896995231e-01
5.790000000000000036e+00 8.731572174604669279e-01
5.799999999999999822e+00 8.729436526869727153e-01
5.810000000000000497e+00 8.727295042143268233e-01
5.820000000000000284e+00 8.725147669028352482e-01
5.830000000000000071e+00 8.722994355293226532e-01
5.839999999999999858e+00 8.720835047885089342e-01
5.850000000000000533e+00 8.718669692944318594e-01
5.860000000000000320e+00 8.716498235819102325e-01
5.870000000000000107e+00 8.714320621080531293e-01
5.879999999999999893e+00 8.712136792538003327e-01
5.889999999999999680e+00 8.709946693254991823e-01
5.900000000000000355e+00 8.707750265565110670e-01
5.910000000000000142e+00 8.705547451088385680e-01
5.919999999999999929e+00 8.703338190747784697e-01
5.929999999999999716e+00 8.701122424785852072e-01
5.940000000000000391e+00 8.698900092781506332e-01
5.950000000000000178e+00 8.696671133666873388e-01
5.959999999999999964e+00 8.694435485744138603e-01
5.969999999999999751e+00 8.692193086702435512e-01
5.980000000000000426e+00 8.689943873634580207e-01
5.990000000000000213e+00 8.687687783053781310e-01
6.000000000000000000e+00 8.685424750910170077e-01
6.009999999999999787e+00 8.683154712607142889e-01
6.020000000000000462e+00 8.680877603017518318e-01
6.030000000000000249e+00 8.678593356499415545e-01
6.040000000000000036e+00 8.676301906911880746e-01
6.049999999999999822e+00 8.674003187630194844e-01
6.060000000000000497e+00 8.671697131560898164e-01
6.070000000000000284e+00 8.669383671156434268e-01
6.080000000000000071e+00 8.667062738429471835e-01
6.089999999999999858e+00 8.664734264966887922e-01
6.100000000000000533e+00 8.662398181943347097e-01
6.110000000000000320e+00 8.660054420134559727e-01
6.120000000000000107e+00 8.657702909930177215e-01
6.129999999999999893e+00 8.655343581346344184e-01
6.140000000000000568e+00 8.652976364037924251e-01
6.150000000000000355e+00 8.650601187310401619e-01
6.160000000000000142e+00 8.648217980131523985e-01
6.169999999999999929e+00 8.645826671142650133e-01
6.179999999999999716e+00 8.643427188669883243e-01
6.190000000000000391e+00 8.641019460735013258e-01
6.200000000000000178e+00 8.638603415066274938e-01
6.209999999999999964e+00 8.636178979108981579e-01
6.219999999999999751e+00 8.633746080036110992e-01
6.230000000000000426e+00 8.631304644758786004e-01
6.240000000000000213e+00 8.628854599936833791e-01
6.250000000000000000e+00 8.626395871989329667e-01
6.259999999999999787e+00 8.623928387105268545e-01
6.270000000000000462e+00 8.621452071254391836e-01
6.280000000000000249e+00 8.618966850198185314e-01
6.290000000000000036e+00 8.616472649501099035e-01
6.299999999999999822e+00 8.613969394542093649e-01
6.310000000000000497e+00 8.611457010526485378e-01
6.320000000000000284e+00 8.608935422498180667e-01
6.330000000000000071e+00 8.606404555352302754e-01
6.339999999999999858e+00 8.603864333848300072e-01
6.350000000000000533e+00 8.601314682623529828e-01
6.360000000000000320e+00 8.598755526207371158e-01
6.370000000000000107e+00 8.596186789035894504e-01
6.379999999999999893e+00 8.593608395467121630e-01
6.390000000000000568e+00 8.591020269796895148e-01
6.400000000000000355e+00 8.588422336275383095e-01
6.410000000000000142e+00 8.585814519124218558e-01
6.419999999999999929e+00 8.583196742554318748e-01
6.429999999999999716e+00 8.580568930784390203e-01
6.440000000000000391e+00 8.577931008060070139e-01
6.450000000000000178e+00 8.575282898673817211e-01
6.459999999999999964e+00 8.572624526985409554e-01
6.469999999999999751e+00 8.569955817443183355e-01
6.480000000000000426e+00 8.567276694605898690e-01
6.490000000000000213e+00 8.564587083165279280e-01
6.500000000000000000e+00 8.561886907969197269e-01
6.509999999999999787e+00 8.559176094045450878e-01
6.520000000000000462e+00 8.556454566626179314e-01
6.530000000000000249e+00 8.553722251172836133e-01
6.540000000000000036e+00 8.550979073401698827e-01
6.549999999999999822e+00 8.548224959309915771e-01
6.560000000000000497e+00 8.545459835202049437e-01
6.570000000000000284e+00 8.542683627717034822e-01
6.580000000000000071e+00 8.539896263855617509e-01
6.589999999999999858e+00 8.537097671008122557e-01
6.600000000000000533e+00 8.534287776982607543e-01
6.610000000000000320e+00 8.531466510033323125e-01
6.620000000000000107e+00 8.528633798889433404e-01
6.629999999999999893e+00 8.525789572783998294e-01
6.640000000000000568e+00 8.522933761483133530e-01
6.650000000000000355e+00 8.520066295315367189e-01
6.660000000000000142e+00 8.517187105201081687e-01
6.669999999999999929e+00 8.514296122682094570e-01
6.679999999999999716e+00 8.511393279951269264e-01
6.690000000000000391e+00 8.508478509882169138e-01
6.700000000000000178e+00 8.505551746058702678e-01
6.709999999999999964e+00 8.502612922804738682e-01
6.719999999999999751e+00 8.499661975213654852e-01
6.730000000000000426e+00 8.496698839177808660e-01
6.740000000000000213e+00 8.493723451417891646e-01
6.750000000000000000e+00 8.490735749512153818e-01
6.759999999999999787e+00 8.487735671925472625e-01
6.770000000000000462e+00 8.484723158038248725e-01
6.780000000000000249e+00 8.481698148175119689e-01
6.790000000000000036e+00 8.478660583633477188e-01
6.799999999999999822e+00 8.475610406711736600e-01
6.810000000000000497e+00 8.472547560737452299e-01
6.820000000000000284e+00 8.469471990095117642e-01
6.830000000000000071e+00 8.466383640253780651e-01
6.839999999999999858e+00 8.463282457794396585e-01
6.850000000000000533e+00 8.460168390436934027e-01
6.860000000000000320e+00 8.457041387067234517e-01
6.870000000000000107e+00 8.453901397763617931e-01
6.879999999999999893e+00 8.450748373823232518e-01
6.890000000000000568e+00 8.447582267788169563e-01
6.900000000000000355e+00 8.444403033471308273e-01
6.910000000000000142e+00 8.441210625981954152e-01
6.919999999999999929e+00 8.438005001751196499e-01
6.929999999999999716e+00 8.434786118557060508e-01
6.940000000000000391e+00 8.431553935549414014e-01
6.950000000000000178e+00 8.428308413274662181e-01
6.959999999999999964e+00 8.425049513700206827e-01
6.969999999999999751e+00 8.421777200238701466e-01
6.980000000000000426e+00 8.418491437772089858e-01
6.990000000000000213e+00 8.415192192675455818e-01
7.000000000000000000e+00 8.411879432840650983e-01
7.009999999999999787e+00 8.408553127699736063e-01
7.020000000000000462e+00 8.405213248248243341e-01
7.030000000000000249e+00 8.401859767068216023e-01
7.040000000000000036e+00 8.398492658351105478e-01
7.049999999999999822e+00 8.395111897920429778e-01
7.060000000000000497e+00 8.391717463254299014e-01
7.070000000000000284e+00 8.388309333507716348e-01
7.080000000000000071e+00 8.384887489534712524e-01
7.089999999999999858e+00 8.381451913910278329e-01
7.100000000000000533e+00 8.378002590952113859e-01
7.110000000000000320e+00 8.374539506742183503e-01
7.120000000000000107e+00 8.371062649148039991e-01
7.129999999999999893e+00 8.367572007843981918e-01
7.140000000000000568e+00 8.364067574331957022e-01
7.150000000000000355e+00 8.360549341962257852e-01
7.160000000000000142e+00 8.357017305953959863e-01
7.169999999999999929e+00 8.353471463415131915e-01
7.179999999999999716e+00 8.349911813362780322e-01
7.190000000000000391e+00 8.346338356742495357e-01
7.200000000000000178e+00 8.342751096447833525e-01
7.209999999999999964e+00 8.339150037339359001e-01
7.219999999999999751e+00 8.335535186263396401e-01
7.230000000000000426e+00 8.331906552070396099e-01
7.240000000000000213e+00 8.328264145632968685e-01
7.250000000000000000e+00 8.324607979863498652e-01
7.259999999999999787e+00 8.320938069731380615e-01
7.270000000000000462e+00 8.317254432279781451e-01
7.280000000000000249e+00 8.313557086641994998e-01
7.290000000000000036e+00 8.309846054057244968e-01
7.299999999999999822e+00 8.306121357886026013e-01
7.310000000000000497e+00 8.302383023624905212e-01
7.320000000000000284e+00 8.298631078920722937e-01
7.330000000000000071e+00 8.294865553584210849e-01
7.339999999999999858e+00 8.291086479603000381e-01
7.350000000000000533e+00 8.287293891153943992e-01
7.360000000000000320e+00 8.283487824614769179e-01
7.370000000000000107e+00 8.279668318575013064e-01
7.379999999999999893e+00 8.275835413846194255e-01
7.390000000000000568e+00 8.271989153471197564e-01
7.400000000000000355e+00 8.268129582732878236e-01
7.410000000000000142e+00 8.264256749161791316e-01
7.419999999999999929e+00 8.260370702543050614e-01
7.429999999999999716e+00 8.256471494922289489e-01
7.440000000000000391e+00 8.252559180610681278e-01
7.450000000000000178e+00 8.248633816189013812e-01
7.459999999999999964e+00 8.244695460510738094e-01
7.469999999999999751e+00 8.240744174704035530e-01
7.480000000000000426e+00 8.236780022172807136e-01
7.490000000000000213e+00 8.232803068596636908e-01
7.500000000000000000e+00 8.228813381929626081e-01
7.509999999999999787e+00 8.224811032398153809e-01
7.520000000000000462e+00 8.220796092497472118e-01
7.530000000000000249e+00 8.216768636987209495e-01
7.540000000000000036e+00 8.212728742885659905e-01
7.549999999999999822e+00 8.208676489462948256e-01
7.560000000000000497e+00 8.204611958233015701e-01
7.570000000000000284e+00 8.200535232944390351e-01
7.580000000000000071e+00 8.196446399569815577e-01
7.589999999999999858e+00 8.192345546294670378e-01
7.600000000000000533e+00 8.188232763504216249e-01
7.610000000000000320e+00 8.184108143769660559e-01
7.620000000000000107e+00 8.179971781833074163e-01
7.629999999999999893e+00 8.175823774591132187e-01
7.640000000000000568e+00 8.171664221077743484e-01
7.650000000000000355e+00 8.167493222445540990e-01
7.660000000000000142e+00 8.163310881946286290e-01
7.669999999999999929e+00 8.159117304910203927e-01
7.679999999999999716e+00 8.154912598724270989e-01
7.690000000000000391e+00 8.150696872809504168e-01
7.700000000000000178e+00 8.146470238597247615e-01
7.709999999999999964e+00 8.142232809504552637e-01
7.719999999999999751e+00 8.137984700908621472e-01
7.730000000000000426e+00 8.133726030120421724e-01
7.740000000000000213e+00 8.129456916357461482e-01
7.750000000000000000e+00 8.125177480715811695e-01
7.759999999999999787e+00 8.120887846141375821e-01
7.770000000000000462e+00 8.116588137400524428e-01
7.780000000000000249e+00 8.112278481050078094e-01
7.790000000000000036e+00 8.107959005406699671e-01
7.799999999999999822e+00 8.103629840515821359e-01
7.810000000000000497e+00 8.099291118120023336e-01
7.820000000000000284e+00 8.094942971627057116e-01
7.830000000000000071e+00 8.090585536077476991e-01
7.839999999999999858e+00 8.086218948111935090e-01
7.850000000000000533e+00 8.081843345938247714e-01
7.860000000000000320e+00 8.077458869298225208e-01
7.870000000000000107e+00 8.073065659434344177e-01
7.879999999999999893e+00 8.068663859056282028e-01
7.890000000000000568e+00 8.064253612307411556e-01
7.900000000000000355e+00 8.059835064731224463e-01
7.910000000000000142e+00 8.055408363237809288e-01
7.919999999999999929e+00 8.050973656070353757e-01
7.930000000000000604e+00 8.046531092771733729e-01
7.940000000000000391e+00 8.042080824151249807e-01
7.950000000000000178e+00 8.037623002251500504e-01
7.959999999999999964e+00 8.033157780315436369e-01
7.969999999999999751e+00 8.028685312753652825e-01
7.980000000000000426e+00 8.024205755111890603e-01
7.990000000000000213e+00 8.019719264038807083e-01
8.000000000000000000e+00 8.015225997254018520e-01
8.009999999999999787e+00 8.010726113516437596e-01
8.019999999999999574e+00 8.006219772592910733e-01
8.029999999999999361e+00 8.001707135227174028e-01
8.040000000000000924e+00 7.997188363109117848e-01
8.050000000000000711e+00 7.992663618844397799e-01
8.060000000000000497e+00 7.988133065924371001e-01
8.070000000000000284e+00 7.983596868696346549e-01
8.080000000000000071e+00 7.979055192334180147e-01
8.089999999999999858e+00 7.974508202809214019e-01
8.099999999999999645e+00 7.969956066861512145e-01
8.109999999999999432e+00 7.965398951971416341e-01
8.120000000000000995e+00 7.960837026331450961e-01
8.130000000000000782e+00 7.956270458818488489e-01
8.140000000000000568e+00 7.951699418966249322e-01
8.150000000000000355e+00 7.947124076938061332e-01
8.160000000000000142e+00 7.942544603499925859e-01
8.169999999999999929e+00 7.937961169993859034e-01
8.179999999999999716e+00 7.933373948311471802e-01
8.189999999999999503e+00 7.928783110867838602e-01
8.199999999999999289e+00 7.924188830575604747e-01
8.210000000000000853e+00 7.919591280819341383e-01
8.220000000000000639e+00 7.914990635430130261e-01
8.230000000000000426e+00 7.910387068660417187e-01
8.240000000000000213e+00 7.905780755159054207e-01
8.250000000000000000e+00 7.901171869946610471e-01
8.259999999999999787e+00 7.896560588390881819e-01
8.269999999999999574e+00 7.891947086182655724e-01
8.279999999999999361e+00 7.887331539311708273e-01
8.290000000000000924e+00 7.882714124043003201e-01
8.300000000000000711e+00 7.878095016893162938e-01
8.310000000000000497e+00 7.873474394607186122e-01
8.320000000000000284e+00 7.868852434135388263e-01
8.330000000000000071e+00 7.864229312610597766e-01
8.339999999999999858e+00 7.859605207325668363e-01
8.349999999999999645e+00 7.854980295711193605e-01
8.359999999999999432e+00 7.850354755313545541e-01
8.370000000000000995e+00 7.845728763773203163e-01
8.380000000000000782e+00 7.841102498803351750e-01
8.390000000000000568e+00 7.836476138168810834e-01
8.400000000000000355e+00 7.831849859665277469e-01
8.410000000000000142e+00 7.827223841098877033e-01
8.419999999999999929e+00 7.822598260266055981e-01
8.429999999999999716e+00 7.817973294933799888e-01
8.439999999999999503e+00 7.813349122820194559e-01
8.449999999999999289e+00 7.808725921575312423e-01
8.460000000000000853e+00 7.804103868762460872e-01
8.470000000000000639e+00 7.799483141839753664e-01
8.480000000000000426e+00 7.794863918142000969e-01
8.490000000000000213e+00 7.790246374862969114e-01
8.500000000000000000e+00 7.785630689037896790e-01
8.509999999999999787e+00 7.781017037526378743e-01
8.519999999999999574e+00 7.776405596995493719e-01
8.529999999999999361e+00 7.771796543903226606e-01
8.540000000000000924e+00 7.767190054482122630e-01
8.550000000000000711e+00 7.762586304723201325e-01
8.560000000000000497e+00 7.757985470360025948e-01
8.570000000000000284e+00 7.753387726852987161e-01
8.580000000000000071e+00 7.748793249373675529e-01
8.589999999999999858e+00 7.744202212789388362e-01
8.599999999999999645e+00 7.739614791647695391e-01
8.609999999999999432e+00 7.735031160160990016e-01
8.620000000000000995e+00 7.730451492191044993e-01
8.630000000000000782e+00 7.725875961233481526e-01
8.640000000000000568e+00 7.721304740402120670e-01
8.650000000000000355e+00 7.716738002413146003e-01
8.660000000000000142e+00 7.712175919569065341e-01
8.669999999999999929e+00 7.707618663742363818e-01
8.679999999999999716e+00 7.703066406358841656e-01
8.689999999999999503e+00 7.698519318380544485e-01
8.700000000000001066e+00 7.693977570288265122e-01
8.710000000000000853e+00 7.689441332063531309e-01
8.720000000000000639e+00 7.684910773170032794e-01
8.730000000000000426e+00 7.680386062534434455e-01
8.740000000000000213e+00 7.675867368526539947e-01
8.750000000000000000e+00 7.671354858938722598e-01
8.759999999999999787e+00 7.666848700964575825e-01
8.769999999999999574e+00 7.662349061176783049e-01
8.779999999999999361e+00 7.657856105504105004e-01
8.790000000000000924e+00 7.653369999207444430e-01
8.800000000000000711e+00 7.648890906855029259e-01
8.810000000000000497e+00 7.644418992296553306e-01
8.820000000000000284e+00 7.639954418636354383e-01
8.830000000000000071e+00 7.635497348205546597e-01
8.839999999999999858e+00 7.631047942533095707e-01
8.849999999999999645e+00 7.626606362315822008e-01
8.859999999999999432e+00 7.622172767387329628e-01
8.870000000000000995e+00 7.617747316685825609e-01
8.880000000000000782e+00 7.613330168220869831e-01
8.890000000000000568e+00 7.608921479039010283e-01
8.900000000000000355e+00 7.604521405188349181e-01
8.910000000000000142e+00 7.600130101682037731e-01
8.919999999999999929e+00 7.595747722460750584e-01
8.929999999999999716e+00 7.591374420354080055e-01
8.939999999999999503e+00 7.587010347040994418e-01
8.950000000000001066e+00 7.582655653009313657e-01
8.960000000000000853e+00 7.578310487514270388e-01
8.970000000000000639e+00 7.573974998536218139e-01
8.980000000000000426e+00 7.569649332737490299e-01
8.990000000000000213e+00 7.565333635418521885e-01
9.000000000000000000e+00 7.561028050473262985e-01
9.009999999999999787e+00 7.556732720343930509e-01
9.019999999999999574e+00 7.552447785975210381e-01
9.029999999999999361e+00 7.548173386767951243e-01
9.040000000000000924e+00 7.543909660532409633e-01
9.050000000000000711e+00 7.539656743441159881e-01
9.060000000000000497e+00 7.535414769981734207e-01
9.070000000000000284e+00 7.531183872909038568e-01
9.080000000000000071e+00 7.526964183197698555e-01
9.089999999999999858e+00 7.522755829994346444e-01
9.099999999999999645e+00 7.518558940569980420e-01
9.109999999999999432e+00 7.514373640272450361e-01
9.120000000000000995e+00 7.510200052479217847e-01
9.130000000000000782e+00 7.506038298550355981e-01
9.140000000000000568e+00 7.501888497782025489e-01
9.150000000000000355e+00 7.497750767360373825e-01
9.160000000000000142e+00 7.493625222316055989e-01
9.169999999999999929e+00 7.489511975479342665e-01
9.179999999999999716e+00 7.485411137436014384e-01
9.189999999999999503e+00 7.481322816484028415e-01
9.200000000000001066e+00 7.477247118591071606e-01
9.210000000000000853e+00 7.473184147353092444e-01
9.220000000000000639e+00 7.469134003953821210e-01
9.230000000000000426e+00 7.465096787125404809e-01
9.240000000000000213e+00 7.461072593110212869e-01
9.250000000000000000e+00 7.457061515623834014e-01
9.259999999999999787e+00 7.453063645819369976e-01
9.269999999999999574e+00 7.449079072253046441e-01
9.279999999999999361e+00 7.445107880851231652e-01
9.290000000000000924e+00 7.441150154878843903e-01
9.300000000000000711e+00 7.437205974909280037e-01
9.310000000000000497e+00 7.433275418795813883e-01
9.320000000000000284e+00 7.429358561644578973e-01
9.330000000000000071e+00 7.425455475789120019e-01
9.339999999999999858e+00 7.421566230766539762e-01
9.349999999999999645e+00 7.417690893295328936e-01
9.359999999999999432e+00 7.413829527254802709e-01
9.370000000000000995e+00 7.409982193666261319e-01
9.380000000000000782e+00 7.406148950675806031e-01
9.390000000000000568e+00 7.402329853538899274e-01
9.400000000000000355e+00 7.398524954606618964e-01
9.410000000000000142e+00 7.394734303313624801e-01
9.419999999999999929e+00 7.390957946167885373e-01
9.429999999999999716e+00 7.387195926742095020e-01
9.439999999999999503e+00 7.383448285666831534e-01
9.450000000000001066e+00 7.379715060625433587e-01
9.460000000000000853e+00 7.375996286350584574e-01
9.470000000000000639e+00 7.372291994622590661e-01
9.480000000000000426e+00 7.368602214269364126e-01
9.490000000000000213e+00 7.364926971168080927e-01
9.500000000000000000e+00 7.361266288248476952e-01
9.509999999999999787e+00 7.357620185497806276e-01
9.519999999999999574e+00 7.353988679967422559e-01
9.529999999999999361e+00 7.350371785780933642e-01
9.540000000000000924e+00 7.346769514143965951e-01
9.550000000000000711e+00 7.343181873355453249e-01
9.560000000000000497e+00 7.339608868820455267e-01
9.570000000000000284e+00 7.336050503064484030e-01
9.580000000000000071e+00 7.332506775749259020e-01
9.589999999999999858e+00 7.328977683689946732e-01
9.599999999999999645e+00 7.325463220873741355e-01
9.609999999999999432e+00 7.321963378479854345e-01
9.620000000000000995e+00 7.318478144900801841e-01
9.630000000000000782e+00 7.315007505765003248e-01
9.640000000000000568e+00 7.311551443960595531e-01
9.650000000000000355e+00 7.308109939660503152e-01
9.660000000000000142e+00 7.304682970348614912e-01
9.669999999999999929e+00 7.301270510847140960e-01
9.679999999999999716e+00 7.297872533344993418e-01
9.689999999999999503e+00 7.294489007427233940e-01
9.700000000000001066e+00 7.291119900105463847e-01
9.710000000000000853e+00 7.287765175849176824e-01
9.720000000000000639e+00 7.284424796617966491e-01
9.730000000000000426e+00 7.281098721894558867e-01
9.740000000000000213e+00 7.277786908718617553e-01
9.750000000000000000e+00 7.274489311721271667e-01
9.759999999999999787e+00 7.271205883160265504e-01
9.769999999999999574e+00 7.267936572955747687e-01
9.779999999999999361e+00 7.264681328726554366e-01
9.790000000000000924e+00 7.261440095827004226e-01
9.800000000000000711e+00 7.258212817384064319e-01
9.810000000000000497e+00 7.254999434334925557e-01
9.820000000000000284e+00 7.251799885464790263e-01
9.830000000000000071e+00 7.248614107444931731e-01
9.839999999999999858e+00 7.245442034870901438e-01
9.849999999999999645e+00 7.242283600300822854e-01
9.859999999999999432e+00 7.239138734293681932e-01
9.870000000000000995e+00 7.236007365447634232e-01
9.880000000000000782e+00 7.232889420438138872e-01
9.890000000000000568e+00 7.229784824055975889e-01
9.900000000000000355e+00 7.226693499244990493e-01
9.910000000000000142e+00 7.223615367139550880e-01
9.919999999999999929e+00 7.220550347101624133e-01
9.929999999999999716e+00 7.217498356757444666e-01
9.939999999999999503e+00 7.214459312033686400e-01
9.950000000000001066e+00 7.211433127193066506e-01
9.960000000000000853e+00 7.208419714869385153e-01
9.970000000000000639e+00 7.205418986101848056e-01
9.980000000000000426e+00 7.202430850368732873e-01
9.990000000000000213e+00 7.199455215620231829e-01
1.000000000000000000e+01 7.196491988310530497e-01
