0.000000000000000000e+00 0.000000000000000000e+00
1.000000000000000021e-02 2.404507830700999642e-17
2.000000000000000042e-02 3.371272921691084593e-16
2.999999999999999889e-02 2.632698255228401937e-15
4.000000000000000083e-02 1.119014199590207632e-14
5.000000000000000278e-02 3.422114433223688666e-14
5.999999999999999778e-02 8.514477761490139504e-14
7.000000000000000666e-02 1.838366279172077514e-13
8.000000000000000167e-02 3.578481268088924000e-13
8.999999999999999667e-02 6.435851717618364283e-13
1.000000000000000056e-01 1.087445319339006011e-12
1.100000000000000006e-01 1.746907206360442423e-12
1.199999999999999956e-01 2.691571923972351996e-12
1.300000000000000044e-01 4.004151068874584052e-12
1.400000000000000133e-01 5.781402690163391436e-12
1.499999999999999944e-01 8.135013719785550573e-12
1.600000000000000033e-01 1.119242324282331350e-11
1.700000000000000122e-01 1.509759976541999449e-11
1.799999999999999933e-01 2.001177575158743366e-11
1.900000000000000022e-01 2.611409656225194276e-11
2.000000000000000111e-01 3.360228601986293973e-11
2.099999999999999922e-01 4.269320515875880268e-11
2.200000000000000011e-01 5.362340511406472887e-11
2.300000000000000100e-01 6.664965668669135812e-11
2.399999999999999911e-01 8.204942771755131814e-11
2.500000000000000000e-01 1.001213173240818322e-10
2.600000000000000089e-01 1.211855192475956577e-10
2.700000000000000178e-01 1.455842219238827340e-10
2.800000000000000266e-01 1.736819872492391392e-10
2.899999999999999800e-01 2.058661803853133188e-10
2.999999999999999889e-01 2.425472678062833010e-10
3.099999999999999978e-01 2.841592530939199279e-10
3.200000000000000067e-01 3.311599781289503719e-10
3.300000000000000155e-01 3.840314577842687815e-10
3.400000000000000244e-01 4.432802298511874517e-10
3.500000000000000333e-01 5.094376830105940002e-10
3.599999999999999867e-01 5.830603284255955754e-10
3.699999999999999956e-01 6.647300059567720631e-10
3.800000000000000044e-01 7.550544078860355057e-10
3.900000000000000133e-01 8.546670456858335152e-10
4.000000000000000222e-01 9.642275422116347583e-10
4.100000000000000311e-01 1.084421868925364296e-09
4.199999999999999845e-01 1.215962502779457943e-09
4.299999999999999933e-01 1.359588391197132096e-09
4.400000000000000022e-01 1.516065174116988656e-09
4.500000000000000111e-01 1.686185163176333324e-09
4.600000000000000200e-01 1.870767231556234866e-09
4.700000000000000289e-01 2.070656912860763255e-09
4.799999999999999822e-01 2.286726030319846670e-09
4.899999999999999911e-01 2.519872802824243974e-09
5.000000000000000000e-01 2.771021284393021533e-09
5.100000000000000089e-01 3.041121542958491464e-09
5.200000000000000178e-01 3.331149061886612417e-09
5.300000000000000266e-01 3.642104491911532516e-09
5.400000000000000355e-01 3.975013333681193251e-09
5.500000000000000444e-01 4.330925587343187333e-09
5.600000000000000533e-01 4.710915394107520471e-09
5.700000000000000622e-01 5.116080811599921230e-09
5.799999999999999600e-01 5.547543292143755633e-09
5.899999999999999689e-01 6.006447584531310335e-09
5.999999999999999778e-01 6.493961811435827736e-09
6.099999999999999867e-01 7.011276677293398762e-09
6.199999999999999956e-01 7.559606226160281439e-09
6.300000000000000044e-01 8.140187331487358513e-09
6.400000000000000133e-01 8.754280514909618116e-09
6.500000000000000222e-01 9.403169453584686588e-09
6.600000000000000311e-01 1.008816257397002203e-08
6.700000000000000400e-01 1.081059308304793687e-08
6.800000000000000488e-01 1.157182025332201269e-08
6.900000000000000577e-01 1.237322986343686315e-08
7.000000000000000666e-01 1.321623670528723760e-08
7.099999999999999645e-01 1.410228507147531785e-08
7.199999999999999734e-01 1.503285067261384000e-08
7.299999999999999822e-01 1.600944308545459993e-08
7.399999999999999911e-01 1.703360740781464933e-08
7.500000000000000000e-01 1.810692684808476449e-08
7.600000000000000089e-01 1.923102536331017243e-08
7.700000000000000178e-01 2.040756986836089748e-08
7.800000000000000266e-01 2.163827358438175086e-08
7.900000000000000355e-01 2.292489912746747960e-08
8.000000000000000444e-01 2.426926095592391031e-08
8.100000000000000533e-01 2.567322863415016920e-08
8.200000000000000622e-01 2.713873003580558052e-08
8.300000000000000711e-01 2.866775454090503272e-08
8.399999999999999689e-01 3.026235629970119856e-08
8.499999999999999778e-01 3.192465584164055903e-08
8.599999999999999867e-01 3.365684437487553859e-08
8.699999999999999956e-01 3.546118518445162682e-08
8.800000000000000044e-01 3.734001652842822150e-08
8.900000000000000133e-01 3.929575318525196925e-08
9.000000000000000222e-01 4.133088834026854563e-08
9.100000000000000311e-01 4.344799418160016913e-08
9.200000000000000400e-01 4.564972299215402929e-08
9.300000000000000488e-01 4.793880781488873977e-08
9.400000000000000577e-01 5.031806096008478724e-08
9.500000000000000666e-01 5.279037465586583489e-08
9.599999999999999645e-01 5.535871743650444543e-08
9.699999999999999734e-01 5.802613493345598616e-08
9.799999999999999822e-01 6.079574404148357925e-08
9.899999999999999911e-01 6.367073222476871130e-08
1.000000000000000000e+00 6.665435269871677892e-08
1.010000000000000009e+00 6.974991800107188666e-08
1.020000000000000018e+00 7.296079793626952803e-08
1.030000000000000027e+00 7.629041056701757473e-08
1.040000000000000036e+00 7.974221876913545337e-08
1.050000000000000044e+00 8.331972057434855472e-08
1.060000000000000053e+00 8.702644324967701017e-08
1.070000000000000062e+00 9.086593579128721121e-08
1.080000000000000071e+00 9.484175880238032708e-08
1.090000000000000080e+00 9.895747769307627895e-08
1.100000000000000089e+00 1.032166520517630026e-07
1.110000000000000098e+00 1.076228277330226746e-07
1.120000000000000107e+00 1.121795267563369114e-07
1.130000000000000115e+00 1.168902384867526179e-07
1.140000000000000124e+00 1.217584089628631627e-07
1.150000000000000133e+00 1.267874326672802088e-07
1.159999999999999920e+00 1.319806431608616659e-07
1.169999999999999929e+00 1.373413019180313999e-07
1.179999999999999938e+00 1.428725919273843292e-07
1.189999999999999947e+00 1.485776070578315178e-07
1.199999999999999956e+00 1.544593437093760846e-07
1.209999999999999964e+00 1.605206940754472233e-07
1.219999999999999973e+00 1.667644365637571680e-07
1.229999999999999982e+00 1.731932283352555224e-07
1.239999999999999991e+00 1.798095986028924731e-07
1.250000000000000000e+00 1.866159424473295969e-07
1.260000000000000009e+00 1.936145132813010816e-07
1.270000000000000018e+00 2.008074155967348728e-07
1.280000000000000027e+00 2.081966010685637469e-07
1.290000000000000036e+00 2.157838622299235176e-07
1.300000000000000044e+00 2.235708257553037370e-07
1.310000000000000053e+00 2.315589479398583173e-07
1.320000000000000062e+00 2.397495076633671118e-07
1.330000000000000071e+00 2.481436040639717344e-07
1.340000000000000080e+00 2.567421471741382355e-07
1.350000000000000089e+00 2.655458542014099699e-07
1.360000000000000098e+00 2.745552415174545846e-07
1.370000000000000107e+00 2.837706225833347418e-07
1.380000000000000115e+00 2.931920956988909310e-07
1.390000000000000124e+00 3.028195404951306013e-07
1.400000000000000133e+00 3.126526082336544832e-07
1.409999999999999920e+00 3.226907139379509015e-07
1.419999999999999929e+00 3.329330290867404951e-07
1.429999999999999938e+00 3.433784698317343675e-07
1.439999999999999947e+00 3.540256887993309398e-07
1.449999999999999956e+00 3.648730625208096434e-07
1.459999999999999964e+00 3.759186826927940484e-07
1.469999999999999973e+00 3.871603415570024076e-07
1.479999999999999982e+00 3.985955251001316313e-07
1.489999999999999991e+00 4.102213954429445586e-07
1.500000000000000000e+00 4.220347785029165966e-07
1.510000000000000009e+00 4.340321559243021099e-07
1.520000000000000018e+00 4.462096477968191532e-07
1.530000000000000027e+00 4.585630018517916628e-07
1.540000000000000036e+00 4.710875833383032507e-07
1.550000000000000044e+00 4.837783598894696002e-07
1.560000000000000053e+00 4.966298930084156460e-07
1.570000000000000062e+00 5.096363272401316369e-07
1.580000000000000071e+00 5.227913823513397062e-07
1.590000000000000080e+00 5.360883454028075867e-07
1.600000000000000089e+00 5.495200631061569752e-07
1.610000000000000098e+00 5.630789415567161171e-07
1.620000000000000107e+00 5.767569395062621673e-07
1.630000000000000115e+00 5.905455709546980625e-07
1.640000000000000124e+00 6.044359033355317656e-07
1.650000000000000133e+00 6.184185683058562866e-07
1.660000000000000142e+00 6.324837614792022666e-07
1.669999999999999929e+00 6.466212542736993196e-07
1.679999999999999938e+00 6.608204089764146971e-07
1.689999999999999947e+00 6.750701875730957813e-07
1.699999999999999956e+00 6.893591755416372813e-07
1.709999999999999964e+00 7.036755942865791091e-07
1.719999999999999973e+00 7.180073316008506179e-07
1.729999999999999982e+00 7.323419621112214895e-07
1.739999999999999991e+00 7.466667777990265709e-07
1.750000000000000000e+00 7.609688180212903497e-07
1.760000000000000009e+00 7.752349016308668350e-07
1.770000000000000018e+00 7.894516632911408038e-07
1.780000000000000027e+00 8.036055889164284149e-07
1.790000000000000036e+00 8.176830586376082621e-07
1.800000000000000044e+00 8.316703815347548101e-07
1.810000000000000053e+00 8.455538417634356207e-07
1.820000000000000062e+00 8.593197420234122141e-07
1.830000000000000071e+00 8.729544461391625099e-07
1.840000000000000080e+00 8.864444230906320943e-07
1.850000000000000089e+00 8.997762955542665253e-07
1.860000000000000098e+00 9.129368825772088414e-07
1.870000000000000107e+00 9.259132468172892594e-07
1.880000000000000115e+00 9.386927394341992859e-07
1.890000000000000124e+00 9.512630468541671824e-07
1.900000000000000133e+00 9.636122295098026314e-07
1.910000000000000142e+00 9.757287734064867823e-07
1.919999999999999929e+00 9.876016265134013317e-07
1.929999999999999938e+00 9.992202423016183221e-07
1.939999999999999947e+00 1.010574618882931208e-06
1.949999999999999956e+00 1.021655339116661620e-06
1.959999999999999964e+00 1.032453605328415014e-06
1.969999999999999973e+00 1.042961277026438482e-06
1.979999999999999982e+00 1.053170900561922751e-06
1.989999999999999991e+00 1.063075745957181573e-06
2.000000000000000000e+00 1.072669830008698977e-06
2.010000000000000231e+00 1.081947948514822011e-06
2.020000000000000018e+00 1.090905699663302642e-06
2.030000000000000249e+00 1.099539507890684442e-06
2.040000000000000036e+00 1.107846643325083313e-06
2.049999999999999822e+00 1.115825242120616068e-06
2.060000000000000053e+00 1.123474321480105731e-06
2.069999999999999840e+00 1.130793793525930457e-06
2.080000000000000071e+00 1.137784476457764926e-06
2.089999999999999858e+00 1.144448103607836886e-06
2.100000000000000089e+00 1.150787329297353612e-06
2.109999999999999876e+00 1.156805731577364993e-06
2.120000000000000107e+00 1.162507812478563718e-06
2.129999999999999893e+00 1.167898995728389178e-06
2.140000000000000124e+00 1.172985621099298381e-06
2.149999999999999911e+00 1.177774935849640325e-06
2.160000000000000142e+00 1.182275081865885591e-06
2.169999999999999929e+00 1.186495082093619313e-06
2.180000000000000160e+00 1.190444819526570441e-06
2.189999999999999947e+00 1.194135016126252058e-06
2.200000000000000178e+00 1.197577208306849217e-06
2.209999999999999964e+00 1.200783716237552312e-06
2.220000000000000195e+00 1.203767610331168969e-06
2.229999999999999982e+00 1.206542676959049265e-06
2.240000000000000213e+00 1.209123378337340071e-06
2.250000000000000000e+00 1.211524806806613119e-06
2.260000000000000231e+00 1.213762640811522076e-06
2.270000000000000018e+00 1.215853092897262178e-06
2.280000000000000249e+00 1.217812856738054172e-06
2.290000000000000036e+00 1.219659052677235511e-06
2.300000000000000266e+00 1.221409166699688464e-06
2.310000000000000053e+00 1.223080988724256635e-06
2.319999999999999840e+00 1.224692551961281684e-06
2.330000000000000071e+00 1.226262064397964924e-06
2.339999999999999858e+00 1.227807842049677411e-06
2.350000000000000089e+00 1.229348242728217633e-06
2.359999999999999876e+00 1.230901594855698944e-06
2.370000000000000107e+00 1.232486128825011074e-06
2.379999999999999893e+00 1.234119908519876185e-06
2.390000000000000124e+00 1.235820761297939940e-06
2.399999999999999911e+00 1.237606209986141792e-06
2.410000000000000142e+00 1.239493407367148192e-06
2.419999999999999929e+00 1.241499070651908010e-06
2.430000000000000160e+00 1.243639419667985635e-06
2.439999999999999947e+00 1.245930116151178213e-06
2.450000000000000178e+00 1.248386207849255802e-06
2.459999999999999964e+00 1.251022074488794544e-06
2.470000000000000195e+00 1.253851378869852429e-06
2.479999999999999982e+00 1.256887020843755476e-06
2.490000000000000213e+00 1.260141095825451085e-06
2.500000000000000000e+00 1.263624859675765988e-06
2.510000000000000231e+00 1.267348693580194752e-06
2.520000000000000018e+00 1.271322080404618804e-06
2.530000000000000249e+00 1.275553581061433794e-06
2.540000000000000036e+00 1.280050816572508854e-06
2.550000000000000266e+00 1.284820456713686720e-06
2.560000000000000053e+00 1.289868213107114858e-06
2.569999999999999840e+00 1.295198836591404667e-06
2.580000000000000071e+00 1.300816119126357862e-06
2.589999999999999858e+00 1.306722900735329818e-06
2.600000000000000089e+00 1.312921081565027182e-06
2.609999999999999876e+00 1.319411636533512899e-06
2.620000000000000107e+00 1.326194634540533990e-06
2.629999999999999893e+00 1.333269261882819023e-06
2.640000000000000124e+00 1.340633847452671334e-06
2.649999999999999911e+00 1.348285892665418428e-06
2.660000000000000142e+00 1.356222101803195024e-06
2.669999999999999929e+00 1.364438417160440675e-06
2.680000000000000160e+00 1.372930053467752431e-06
2.689999999999999947e+00 1.381691536374990426e-06
2.700000000000000178e+00 1.390716740684583286e-06
2.709999999999999964e+00 1.399998929308213236e-06
2.720000000000000195e+00 1.409530794575786228e-06
2.729999999999999982e+00 1.419304497681309063e-06
2.740000000000000213e+00 1.429311709932878927e-06
2.750000000000000000e+00 1.439543653298375192e-06
2.760000000000000231e+00 1.449991140080320040e-06
2.770000000000000018e+00 1.460644613152789484e-06
2.780000000000000249e+00 1.471494183422766833e-06
2.790000000000000036e+00 1.482529668942952905e-06
2.800000000000000266e+00 1.493740631401674346e-06
2.810000000000000053e+00 1.505116411674306542e-06
2.819999999999999840e+00 1.516646164096205340e-06
2.830000000000000071e+00 1.528318889990575025e-06
2.839999999999999858e+00 1.540123469628146280e-06
2.850000000000000089e+00 1.552048692161564492e-06
2.859999999999999876e+00 1.564083285434877957e-06
2.870000000000000107e+00 1.576215943299361100e-06
2.879999999999999893e+00 1.588435352376828258e-06
2.890000000000000124e+00 1.600730216746483470e-06
2.899999999999999911e+00 1.613089282457430551e-06
2.910000000000000142e+00 1.625501359426738054e-06
2.919999999999999929e+00 1.637955343227132446e-06
2.930000000000000160e+00 1.650440235014200355e-06
2.939999999999999947e+00 1.662945160775422364e-06
2.950000000000000178e+00 1.675459388727172649e-06
2.959999999999999964e+00 1.687972347048146554e-06
2.970000000000000195e+00 1.700473638018874800e-06
2.979999999999999982e+00 1.712953054723749535e-06
2.990000000000000213e+00 1.725400592521991738e-06
3.000000000000000000e+00 1.737806463846143512e-06
3.010000000000000231e+00 1.750161107864911525e-06
3.020000000000000018e+00 1.762455202345206140e-06
3.030000000000000249e+00 1.774679672487955440e-06
3.040000000000000036e+00 1.786825699607794138e-06
3.050000000000000266e+00 1.798884728744162831e-06
3.060000000000000053e+00 1.810848474764065186e-06
3.070000000000000284e+00 1.822708927869814977e-06
3.080000000000000071e+00 1.834458356662557743e-06
3.089999999999999858e+00 1.846089312737553279e-06
3.100000000000000089e+00 1.857594631223674631e-06
3.109999999999999876e+00 1.868967432065368750e-06
3.120000000000000107e+00 1.880201118520385961e-06
3.129999999999999893e+00 1.891289376818039436e-06
3.140000000000000124e+00 1.902226171402593424e-06
3.149999999999999911e+00 1.913005742339851656e-06
3.160000000000000142e+00 1.923622598359181479e-06
3.169999999999999929e+00 1.934071511919960296e-06
3.180000000000000160e+00 1.944347510204891272e-06
3.189999999999999947e+00 1.954445866682308353e-06
3.200000000000000178e+00 1.964362091932958521e-06
3.209999999999999964e+00 1.974091921458365206e-06
3.220000000000000195e+00 1.983631305560451530e-06
3.229999999999999982e+00 1.992976395845391657e-06
3.240000000000000213e+00 2.002123532077876300e-06
3.250000000000000000e+00 2.011069229042317108e-06
3.260000000000000231e+00 2.019810160965029855e-06
3.270000000000000018e+00 2.028343147657263312e-06
3.280000000000000249e+00 2.036665139384941092e-06
3.290000000000000036e+00 2.044773201176353083e-06
3.300000000000000266e+00 2.052664499027634371e-06
3.310000000000000053e+00 2.060336283842695293e-06
3.320000000000000284e+00 2.067785876518068999e-06
3.330000000000000071e+00 2.075010654693093537e-06
3.339999999999999858e+00 2.082008038903349068e-06
3.350000000000000089e+00 2.088775479421045578e-06
3.359999999999999876e+00 2.095310444795439597e-06
3.370000000000000107e+00 2.101610410767951187e-06
3.379999999999999893e+00 2.107672850373831785e-06
3.390000000000000124e+00 2.113495225448958070e-06
3.399999999999999911e+00 2.119074980135027264e-06
3.410000000000000142e+00 2.124409534981497316e-06
3.419999999999999929e+00 2.129496282671228258e-06
3.430000000000000160e+00 2.134332586535558907e-06
3.439999999999999947e+00 2.138915779804906325e-06
3.450000000000000178e+00 2.143243166843888936e-06
3.459999999999999964e+00 2.147312026072600855e-06
3.470000000000000195e+00 2.151119615975694011e-06
3.479999999999999982e+00 2.154663181451466070e-06
3.490000000000000213e+00 2.157939963040589326e-06
3.500000000000000000e+00 2.160947206786278940e-06
3.510000000000000231e+00 2.163682177910852822e-06
3.520000000000000018e+00 2.166142174457597047e-06
3.530000000000000249e+00 2.168324543923294545e-06
3.540000000000000036e+00 2.170226699432786788e-06
3.550000000000000266e+00 2.171846140555655502e-06
3.560000000000000053e+00 2.173180472589408829e-06
3.570000000000000284e+00 2.174227428437813803e-06
3.580000000000000071e+00 2.174984891883946503e-06
3.589999999999999858e+00 2.175450920169352820e-06
3.600000000000000089e+00 2.175623769980206124e-06
3.609999999999999876e+00 2.175501920907707554e-06
3.620000000000000107e+00 2.175084102135071973e-06
3.629999999999999893e+00 2.174369316820801146e-06
3.640000000000000124e+00 2.173356869437925720e-06
3.649999999999999911e+00 2.172046389671555833e-06
3.660000000000000142e+00 2.170437858398099884e-06
3.669999999999999929e+00 2.168531632498749140e-06
3.680000000000000160e+00 2.166328467750888720e-06
3.689999999999999947e+00 2.163829542739525991e-06
3.700000000000000178e+00 2.161036480534395121e-06
3.709999999999999964e+00 2.157951368285393468e-06
3.720000000000000195e+00 2.154576777158023759e-06
3.729999999999999982e+00 2.150915779916551251e-06
3.740000000000000213e+00 2.146971966578148372e-06
3.750000000000000000e+00 2.142749456743309189e-06
3.760000000000000231e+00 2.138252913459759430e-06
3.770000000000000018e+00 2.133487551847501607e-06
3.780000000000000249e+00 2.128459146655270473e-06
3.790000000000000036e+00 2.123174037374497836e-06
3.800000000000000266e+00 2.117639131347937020e-06
3.810000000000000053e+00 2.111861904262324341e-06
3.820000000000000284e+00 2.105850397400577112e-06
3.830000000000000071e+00 2.099613214068263289e-06
3.839999999999999858e+00 2.093159512064901584e-06
3.850000000000000089e+00 2.086498994233187965e-06
3.859999999999999876e+00 2.079641897446971033e-06
3.870000000000000107e+00 2.072598977082007465e-06
3.879999999999999893e+00 2.065381491375695155e-06
3.890000000000000124e+00 2.058001182671242990e-06
3.899999999999999911e+00 2.050470255594849522e-06
3.910000000000000142e+00 2.042801354622258980e-06
3.919999999999999929e+00 2.035007537704025538e-06
3.930000000000000160e+00 2.027102250695689278e-06
3.939999999999999947e+00 2.019099297173587715e-06
3.950000000000000178e+00 2.011012807633105748e-06
3.959999999999999964e+00 2.002857207840380571e-06
3.970000000000000195e+00 1.994647184692943664e-06
3.979999999999999982e+00 1.986397650588500596e-06
3.990000000000000213e+00 1.978123707280232679e-06
4.000000000000000000e+00 1.969840608719020114e-06
4.009999999999999787e+00 1.961563721626646828e-06
4.020000000000000462e+00 1.953308487179228337e-06
4.030000000000000249e+00 1.945090379672220759e-06
4.040000000000000036e+00 1.936924867343425838e-06
4.049999999999999822e+00 1.928827369553076654e-06
4.060000000000000497e+00 1.920813216871319895e-06
4.070000000000000284e+00 1.912897608154218165e-06
4.080000000000000071e+00 1.905095569777748299e-06
4.089999999999999858e+00 1.897421912665231414e-06
4.099999999999999645e+00 1.889891192125014996e-06
4.110000000000000320e+00 1.882517665148519814e-06
4.120000000000000107e+00 1.875315250296494263e-06
4.129999999999999893e+00 1.868297486988523826e-06
4.139999999999999680e+00 1.861477495070096300e-06
4.150000000000000355e+00 1.854867936440518505e-06
4.160000000000000142e+00 1.848480975931432457e-06
4.169999999999999929e+00 1.842328243802093812e-06
4.179999999999999716e+00 1.836420799504467904e-06
4.190000000000000391e+00 1.830769096003437291e-06
4.200000000000000178e+00 1.825382945054576656e-06
4.209999999999999964e+00 1.820271484716251553e-06
4.219999999999999751e+00 1.815443147361317511e-06
4.230000000000000426e+00 1.810905629708037257e-06
4.240000000000000213e+00 1.806665863621215173e-06
4.250000000000000000e+00 1.802729989633378160e-06
4.259999999999999787e+00 1.799103331076579160e-06
4.270000000000000462e+00 1.795790371274252895e-06
4.280000000000000249e+00 1.792794731073077408e-06
4.290000000000000036e+00 1.790119149989999325e-06
4.299999999999999822e+00 1.787765468302948690e-06
4.310000000000000497e+00 1.785734611570166663e-06
4.320000000000000284e+00 1.784026577730801755e-06
4.330000000000000071e+00 1.782640425947168428e-06
4.339999999999999858e+00 1.781574268500119018e-06
4.350000000000000533e+00 1.780825264294239041e-06
4.360000000000000320e+00 1.780389615756161614e-06
4.370000000000000107e+00 1.780262567557810982e-06
4.379999999999999893e+00 1.780438408136020279e-06
4.389999999999999680e+00 1.780910474639962882e-06
4.400000000000000355e+00 1.781671159245545866e-06
4.410000000000000142e+00 1.782711918814350316e-06
4.419999999999999929e+00 1.784023288084468639e-06
4.429999999999999716e+00 1.785594894096464991e-06
4.440000000000000391e+00 1.787415474616138589e-06
4.450000000000000178e+00 1.789472898673649670e-06
4.459999999999999964e+00 1.791754189739425129e-06
4.469999999999999751e+00 1.794245552584616821e-06
4.480000000000000426e+00 1.796932401230966203e-06
4.490000000000000213e+00 1.799799390599099436e-06
4.500000000000000000e+00 1.802830450849113308e-06
4.509999999999999787e+00 1.806008823025673227e-06
4.520000000000000462e+00 1.809317098401541646e-06
4.530000000000000249e+00 1.812737259077046303e-06
4.540000000000000036e+00 1.816250721105305832e-06
4.549999999999999822e+00 1.819838380247296161e-06
4.560000000000000497e+00 1.823480658219578388e-06
4.570000000000000284e+00 1.827157551884117659e-06
4.580000000000000071e+00 1.830848684589159170e-06
4.589999999999999858e+00 1.834533356386003344e-06
4.600000000000000533e+00 1.838190598346667315e-06
4.610000000000000320e+00 1.841799226590112859e-06
4.620000000000000107e+00 1.845337897522780768e-06
4.629999999999999893e+00 1.848785163835464651e-06
4.639999999999999680e+00 1.852119530479368059e-06
4.650000000000000355e+00 1.855319512363007295e-06
4.660000000000000142e+00 1.858363690439290838e-06
4.669999999999999929e+00 1.861230769582833400e-06
4.679999999999999716e+00 1.863899634829691010e-06
4.690000000000000391e+00 1.866349407506073810e-06
4.700000000000000178e+00 1.868559501523592292e-06
4.709999999999999964e+00 1.870509677898146705e-06
4.719999999999999751e+00 1.872180098998199593e-06
4.730000000000000426e+00 1.873551381210980527e-06
4.740000000000000213e+00 1.874604646408262187e-06
4.750000000000000000e+00 1.875321572232524492e-06
4.759999999999999787e+00 1.875684440232061601e-06
4.770000000000000462e+00 1.875676182608310150e-06
4.780000000000000249e+00 1.875280427443559716e-06
4.790000000000000036e+00 1.874481540820038816e-06
4.799999999999999822e+00 1.873264667731633359e-06
4.810000000000000497e+00 1.871615770580870031e-06
4.820000000000000284e+00 1.869521665275042377e-06
4.830000000000000071e+00 1.866970054519023758e-06
4.839999999999999858e+00 1.863949560088062896e-06
4.850000000000000533e+00 1.860449750291925941e-06
4.860000000000000320e+00 1.856461167695777625e-06
4.870000000000000107e+00 1.851975351303825068e-06
4.879999999999999893e+00 1.846984858930311724e-06
4.889999999999999680e+00 1.841483284664713338e-06
4.900000000000000355e+00 1.835465275282222031e-06
4.910000000000000142e+00 1.828926543392950244e-06
4.919999999999999929e+00 1.821863877773943763e-06
4.929999999999999716e+00 1.814275152563216142e-06
4.940000000000000391e+00 1.806159331492473985e-06
4.950000000000000178e+00 1.797516472133720011e-06
4.959999999999999964e+00 1.788347726426608997e-06
4.969999999999999751e+00 1.778655338305346056e-06
4.980000000000000426e+00 1.768442640798228993e-06
4.990000000000000213e+00 1.757714048991609879e-06
5.000000000000000000e+00 1.746475052119556004e-06
5.009999999999999787e+00 1.734734242524182957e-06
5.020000000000000462e+00 1.722495165716597665e-06
5.030000000000000249e+00 1.709768565616442970e-06
5.040000000000000036e+00 1.696564230664610040e-06
5.049999999999999822e+00 1.682892993418172445e-06
5.060000000000000497e+00 1.668766723979253630e-06
5.070000000000000284e+00 1.654198310781229697e-06
5.080000000000000071e+00 1.639201639203058392e-06
5.089999999999999858e+00 1.623791569649313260e-06
5.100000000000000533e+00 1.607983913680388621e-06
5.110000000000000320e+00 1.591795408414919955e-06
5.120000000000000107e+00 1.575243689141969661e-06
5.129999999999999893e+00 1.558347261183812282e-06
5.139999999999999680e+00 1.541125469101123358e-06
5.150000000000000355e+00 1.523598465009989855e-06
5.160000000000000142e+00 1.505787175656858601e-06
5.169999999999999929e+00 1.487713267314672017e-06
5.179999999999999716e+00 1.469399110179403500e-06
5.190000000000000391e+00 1.450867739838379578e-06
5.200000000000000178e+00 1.432142818946768870e-06
5.209999999999999964e+00 1.413248596968119664e-06
5.219999999999999751e+00 1.394209867840168204e-06
5.230000000000000426e+00 1.375051927592074730e-06
5.240000000000000213e+00 1.355800529213857519e-06
5.250000000000000000e+00 1.336481838101755137e-06
5.259999999999999787e+00 1.317122384589253237e-06
5.270000000000000462e+00 1.297749016575255876e-06
5.280000000000000249e+00 1.278388850854683678e-06
5.290000000000000036e+00 1.259069222603326210e-06
5.299999999999999822e+00 1.239817635070861179e-06
5.310000000000000497e+00 1.220661708475900831e-06
5.320000000000000284e+00 1.201629126638958933e-06
5.330000000000000071e+00 1.182747584545229547e-06
5.339999999999999858e+00 1.164044735518787732e-06
5.350000000000000533e+00 1.145548136266549832e-06
5.360000000000000320e+00 1.127285192796534385e-06
5.370000000000000107e+00 1.109283106877356762e-06
5.379999999999999893e+00 1.091568820846267052e-06
5.389999999999999680e+00 1.074168962632293667e-06
5.400000000000000355e+00 1.057109793103916395e-06
5.410000000000000142e+00 1.040417150849348715e-06
5.419999999999999929e+00 1.024116399087060536e-06
5.429999999999999716e+00 1.008232373311823693e-06
5.440000000000000391e+00 9.927893289754519124e-07
5.450000000000000178e+00 9.778108905345028745e-07
5.459999999999999964e+00 9.633200020592314061e-07
5.469999999999999751e+00 9.493388772180422208e-07
5.480000000000000426e+00 9.358889535293624107e-07
5.490000000000000213e+00 9.229908456143132156e-07
5.500000000000000000e+00 9.106643014192283836e-07
5.509999999999999787e+00 8.989281594165565714e-07
5.520000000000000462e+00 8.878003089490826838e-07
5.530000000000000249e+00 8.772976514206942689e-07
5.540000000000000036e+00 8.674360642002554300e-07
5.549999999999999822e+00 8.582303669332769225e-07
5.560000000000000497e+00 8.496942896299430892e-07
5.570000000000000284e+00 8.418404438409465840e-07
5.580000000000000071e+00 8.346802967268418527e-07
5.589999999999999858e+00 8.282241461057826548e-07
5.600000000000000533e+00 8.224810992968345502e-07
5.610000000000000320e+00 8.174590554396732323e-07
5.620000000000000107e+00 8.131646898959510317e-07
5.629999999999999893e+00 8.096034396706808245e-07
5.639999999999999680e+00 8.067794944610628960e-07
5.650000000000000355e+00 8.046957891139072672e-07
5.660000000000000142e+00 8.033539981230908289e-07
5.669999999999999929e+00 8.027545349009734821e-07
5.679999999999999716e+00 8.028965512302255192e-07
5.690000000000000391e+00 8.037779418990087521e-07
5.700000000000000178e+00 8.053953492945242765e-07
5.709999999999999964e+00 8.077441732215473458e-07
5.719999999999999751e+00 8.108185810609680466e-07
5.730000000000000426e+00 8.146115216267624248e-07
5.740000000000000213e+00 8.191147405842147400e-07
5.750000000000000000e+00 8.243187979359301032e-07
5.759999999999999787e+00 8.302130883944269790e-07
5.770000000000000462e+00 8.367858632812863462e-07
5.780000000000000249e+00 8.440242537238740184e-07
5.790000000000000036e+00 8.519142968982373887e-07
5.799999999999999822e+00 8.604409626432329983e-07
5.810000000000000497e+00 8.695881829889895442e-07
5.820000000000000284e+00 8.793388806861701656e-07
5.830000000000000071e+00 8.896750023981714328e-07
5.839999999999999858e+00 9.005775501447210729e-07
5.850000000000000533e+00 9.120266151844969027e-07
5.860000000000000320e+00 9.240014133826690568e-07
5.870000000000000107e+00 9.364803196174054101e-07
5.879999999999999893e+00 9.494409054650043700e-07
5.889999999999999680e+00 9.628599750219346554e-07
5.900000000000000355e+00 9.767136031554879416e-07
5.910000000000000142e+00 9.909771736746342263e-07
5.919999999999999929e+00 1.005625417591082815e-06
5.929999999999999716e+00 1.020632452986697247e-06
5.940000000000000391e+00 1.035971823208636788e-06
5.950000000000000178e+00 1.051616537517396921e-06
5.959999999999999964e+00 1.067539110607279573e-06
5.969999999999999751e+00 1.083711602841569421e-06
5.980000000000000426e+00 1.100105659922190338e-06
5.990000000000000213e+00 1.116692554599396647e-06
6.000000000000000000e+00 1.133443225685704103e-06
6.009999999999999787e+00 1.150328320119464731e-06
6.020000000000000462e+00 1.167318232669217748e-06
6.030000000000000249e+00 1.184383148195022883e-06
6.040000000000000036e+00 1.201493080440346750e-06
6.049999999999999822e+00 1.218617915237085736e-06
6.060000000000000497e+00 1.235727450428492080e-06
6.070000000000000284e+00 1.252791438560718618e-06
6.080000000000000071e+00 1.269779626014710949e-06
6.089999999999999858e+00 1.286661796648380651e-06
6.100000000000000533e+00 1.303407812333623461e-06
6.110000000000000320e+00 1.319987654912341268e-06
6.120000000000000107e+00 1.336371468443897648e-06
6.129999999999999893e+00 1.352529600422147649e-06
6.140000000000000568e+00 1.368432644643924334e-06
6.150000000000000355e+00 1.384051482849341097e-06
6.160000000000000142e+00 1.399357327031697240e-06
6.169999999999999929e+00 1.414321762364945112e-06
6.179999999999999716e+00 1.428916788184797504e-06
6.190000000000000391e+00 1.443114861405386806e-06
6.200000000000000178e+00 1.456888938929784549e-06
6.209999999999999964e+00 1.470212518485392028e-06
6.219999999999999751e+00 1.483059681468140711e-06
6.230000000000000426e+00 1.495405134603611241e-06
6.240000000000000213e+00 1.507224251275085525e-06
6.250000000000000000e+00 1.518493112265262290e-06
6.259999999999999787e+00 1.529188546362664214e-06
6.270000000000000462e+00 1.539288170888247764e-06
6.280000000000000249e+00 1.548770430251367181e-06
6.290000000000000036e+00 1.557614634314918867e-06
6.299999999999999822e+00 1.565800996704974635e-06
6.310000000000000497e+00 1.573310671812433448e-06
6.320000000000000284e+00 1.580125788769315420e-06
6.330000000000000071e+00 1.586229487458151732e-06
6.339999999999999858e+00 1.591605949858437841e-06
6.350000000000000533e+00 1.596240433176382423e-06
6.360000000000000320e+00 1.600119299019486796e-06
6.370000000000000107e+00 1.603230040558845104e-06
6.379999999999999893e+00 1.605561310073083670e-06
6.390000000000000568e+00 1.607102943008975604e-06
6.400000000000000355e+00 1.607845980376720885e-06
6.410000000000000142e+00 1.607782687929049104e-06
6.419999999999999929e+00 1.606906575114808167e-06
6.429999999999999716e+00 1.605212409373085736e-06
6.440000000000000391e+00 1.602696230180999937e-06
6.450000000000000178e+00 1.599355358160997609e-06
6.459999999999999964e+00 1.595188403195890725e-06
6.469999999999999751e+00 1.590195269390165533e-06
6.480000000000000426e+00 1.584377157741456710e-06
6.490000000000000213e+00 1.577736564926240925e-06
6.500000000000000000e+00 1.570277279393239578e-06
6.509999999999999787e+00 1.562004375944142653e-06
6.520000000000000462e+00 1.552924205890787723e-06
6.530000000000000249e+00 1.543044385559147469e-06
6.540000000000000036e+00 1.532373781077539521e-06
6.549999999999999822e+00 1.520922490564485807e-06
6.560000000000000497e+00 1.508701823325908631e-06
6.570000000000000284e+00 1.495724278235271987e-06
6.580000000000000071e+00 1.482003515657082104e-06
6.589999999999999858e+00 1.467554331247358790e-06
6.600000000000000533e+00 1.452392623732881582e-06
6.610000000000000320e+00 1.436535362270632832e-06
6.620000000000000107e+00 1.420000551474037698e-06
6.629999999999999893e+00 1.402807193595992374e-06
6.640000000000000568e+00 1.384975248619815802e-06
6.650000000000000355e+00 1.366525594313772185e-06
6.660000000000000142e+00 1.347479982243687813e-06
6.669999999999999929e+00 1.327860993707505322e-06
6.679999999999999716e+00 1.307691994589105233e-06
6.690000000000000391e+00 1.286997087471264400e-06
6.700000000000000178e+00 1.265801064785979091e-06
6.709999999999999964e+00 1.244129359610768315e-06
6.719999999999999751e+00 1.222007996156196374e-06
6.730000000000000426e+00 1.199463540503195591e-06
6.740000000000000213e+00 1.176523049286476441e-06
6.750000000000000000e+00 1.153214021840445747e-06
6.759999999999999787e+00 1.129564346925848728e-06
6.770000000000000462e+00 1.105602255031812309e-06
6.780000000000000249e+00 1.081356267118235848e-06
6.790000000000000036e+00 1.056855146654156474e-06
6.799999999999999822e+00 1.032127849766133199e-06
6.810000000000000497e+00 1.007203478146576070e-06
6.820000000000000284e+00 9.821112315292618300e-07
6.830000000000000071e+00 9.568803615240054072e-07
6.839999999999999858e+00 9.315401270602874373e-07
6.850000000000000533e+00 9.061197498673109751e-07
6.860000000000000320e+00 8.806483718978158626e-07
6.870000000000000107e+00 8.551550141344677058e-07
6.879999999999999893e+00 8.296685357726818477e-07
6.890000000000000568e+00 8.042175959968589360e-07
6.900000000000000355e+00 7.788306157496815985e-07
6.910000000000000142e+00 7.535357424799313253e-07
6.919999999999999929e+00 7.283608138945740773e-07
6.929999999999999716e+00 7.033333254153478764e-07
6.940000000000000391e+00 6.784803982138806755e-07
6.950000000000000178e+00 6.538287476588050540e-07
6.959999999999999964e+00 6.294046534399168336e-07
6.969999999999999751e+00 6.052339311616444784e-07
6.980000000000000426e+00 5.813419050940127342e-07
6.990000000000000213e+00 5.577533817454315146e-07
7.000000000000000000e+00 5.344926236592641156e-07
7.009999999999999787e+00 5.115833254182647338e-07
7.020000000000000462e+00 4.890485894720741911e-07
7.030000000000000249e+00 4.669109031534349197e-07
7.040000000000000036e+00 4.451921156102718602e-07
7.049999999999999822e+00 4.239134164208888111e-07
7.060000000000000497e+00 4.030953145309559837e-07
7.070000000000000284e+00 3.827576154540393572e-07
7.080000000000000071e+00 3.629194018110390441e-07
7.089999999999999858e+00 3.435990117684438461e-07
7.100000000000000533e+00 3.248140200201241057e-07
7.110000000000000320e+00 3.065812156891230267e-07
7.120000000000000107e+00 2.889165826923216496e-07
7.129999999999999893e+00 2.718352809061123920e-07
7.140000000000000568e+00 2.553516240785987101e-07
7.150000000000000355e+00 2.394790601300753052e-07
7.160000000000000142e+00 2.242301519041027535e-07
7.169999999999999929e+00 2.096165558434191778e-07
7.179999999999999716e+00 1.956490023055992844e-07
7.190000000000000391e+00 1.823372757885077800e-07
7.200000000000000178e+00 1.696901946210242762e-07
7.209999999999999964e+00 1.577155906051959378e-07
7.219999999999999751e+00 1.464202900418321018e-07
7.230000000000000426e+00 1.358100943649187542e-07
7.240000000000000213e+00 1.258897605882491888e-07
7.250000000000000000e+00 1.166629834178228853e-07
7.259999999999999787e+00 1.081323771977109327e-07
7.270000000000000462e+00 1.002994581798810625e-07
7.280000000000000249e+00 9.316462838302938532e-08
7.290000000000000036e+00 8.672716017999598792e-08
7.299999999999999822e+00 8.098518163978524198e-08
7.310000000000000497e+00 7.593566344384766742e-08
7.320000000000000284e+00 7.157440608859116926e-08
7.330000000000000071e+00 6.789603083749706780e-08
7.339999999999999858e+00 6.489396829189447713e-08
7.350000000000000533e+00 6.256045456502767887e-08
7.360000000000000320e+00 6.088652200648969615e-08
7.370000000000000107e+00 5.986199857511975697e-08
7.379999999999999893e+00 5.947550481884972262e-08
7.390000000000000568e+00 5.971445513411333117e-08
7.400000000000000355e+00 6.056506066370176411e-08
7.410000000000000142e+00 6.201233455471050204e-08
7.419999999999999929e+00 6.404009974658037008e-08
7.429999999999999716e+00 6.663099883300049875e-08
7.440000000000000391e+00 6.976650724320465624e-08
7.450000000000000178e+00 7.342694851534409262e-08
7.459999999999999964e+00 7.759151205224967818e-08
7.469999999999999751e+00 8.223827396500182907e-08
7.480000000000000426e+00 8.734421972148020963e-08
7.490000000000000213e+00 9.288527083421704855e-08
7.500000000000000000e+00 9.883631240693857567e-08
7.509999999999999787e+00 1.051712244948960207e-07
7.520000000000000462e+00 1.118629155607425707e-07
7.530000000000000249e+00 1.188833575957448652e-07
7.540000000000000036e+00 1.262036249134040888e-07
7.549999999999999822e+00 1.337939346552491360e-07
7.560000000000000497e+00 1.416236880356219752e-07
7.570000000000000284e+00 1.496615158295966364e-07
7.580000000000000071e+00 1.578753250387754381e-07
7.589999999999999858e+00 1.662323455484115975e-07
7.600000000000000533e+00 1.746991811109321890e-07
7.610000000000000320e+00 1.832418594326090666e-07
7.620000000000000107e+00 1.918258853445681256e-07
7.629999999999999893e+00 2.004162940102277579e-07
7.640000000000000568e+00 2.089777054806174483e-07
7.650000000000000355e+00 2.174743798828704389e-07
7.660000000000000142e+00 2.258702740225160266e-07
7.669999999999999929e+00 2.341290973820880916e-07
7.679999999999999716e+00 2.422143686852534783e-07
7.690000000000000391e+00 2.500894747473059176e-07
7.700000000000000178e+00 2.577177254901863446e-07
7.709999999999999964e+00 2.650624127704254152e-07
7.719999999999999751e+00 2.720868663066283721e-07
7.730000000000000426e+00 2.787545110398415016e-07
7.740000000000000213e+00 2.850289229465452490e-07
7.750000000000000000e+00 2.908738854761477866e-07
7.759999999999999787e+00 2.962534432059821254e-07
7.770000000000000462e+00 3.011319585667637799e-07
7.780000000000000249e+00 3.054741632424473607e-07
7.790000000000000036e+00 3.092452120524724624e-07
7.799999999999999822e+00 3.124107357359295900e-07
7.810000000000000497e+00 3.149368894509591010e-07
7.820000000000000284e+00 3.167904065581178541e-07
7.830000000000000071e+00 3.179386436780867742e-07
7.839999999999999858e+00 3.183496325564333373e-07
7.850000000000000533e+00 3.179921248194772510e-07
7.860000000000000320e+00 3.168356383295711787e-07
7.870000000000000107e+00 3.148505034085424814e-07
7.879999999999999893e+00 3.120079059316938075e-07
7.890000000000000568e+00 3.082799315337614310e-07
7.900000000000000355e+00 3.036396066524726933e-07
7.910000000000000142e+00 2.980609407655931964e-07
7.919999999999999929e+00 2.915189667163087250e-07
7.930000000000000604e+00 2.839897801226731744e-07
7.940000000000000391e+00 2.754505778468363530e-07
7.950000000000000178e+00 2.658796967938692468e-07
7.959999999999999964e+00 2.552566500564623642e-07
7.969999999999999751e+00 2.435621637188190025e-07
7.980000000000000426e+00 2.307782121548085374e-07
7.990000000000000213e+00 2.168880530312167210e-07
8.000000000000000000e+00 2.018762610966895465e-07
8.009999999999999787e+00 1.857287614120961550e-07
8.019999999999999574e+00 1.684328624733388846e-07
8.029999999999999361e+00 1.499772855073633337e-07
8.040000000000000924e+00 1.303521986427413903e-07
8.050000000000000711e+00 1.095492434925737779e-07
8.060000000000000497e+00 8.756156656686275852e-08
8.070000000000000284e+00 6.438384545642827916e-08
8.080000000000000071e+00 4.001231660236137522e-08
8.089999999999999858e+00 1.444480112952617468e-08
8.099999999999999645e+00 -1.231927165140644931e-08
8.109999999999999432e+00 -4.027883940618814940e-08
8.120000000000000995e+00 -6.943118629337829972e-08
8.130000000000000782e+00 -9.977192175561477860e-08
8.140000000000000568e+00 -1.312949619268477530e-07
8.150000000000000355e+00 -1.639925120110186096e-07
8.160000000000000142e+00 -1.978550518977328920e-07
8.169999999999999929e+00 -2.328713213269051341e-07
8.179999999999999716e+00 -2.690283093000067627e-07
8.189999999999999503e+00 -3.063112446327620475e-07
8.199999999999999289e+00 -3.447035882286897390e-07
8.210000000000000853e+00 -3.841870289331139610e-07
8.220000000000000639e+00 -4.247414803551508022e-07
8.230000000000000426e+00 -4.663450819952785764e-07
8.240000000000000213e+00 -5.089742009384279342e-07
8.250000000000000000e+00 -5.526034381475586343e-07
8.259999999999999787e+00 -5.972056362282818220e-07
8.269999999999999574e+00 -6.427518905970097673e-07
8.279999999999999361e+00 -6.892115641567164719e-07
8.290000000000000924e+00 -7.365523037664023498e-07
8.300000000000000711e+00 -7.847400610334898108e-07
8.310000000000000497e+00 -8.337391148235950844e-07
8.320000000000000284e+00 -8.835120981626198855e-07
8.330000000000000071e+00 -9.340200282439981017e-07
8.339999999999999858e+00 -9.852223373102431125e-07
8.349999999999999645e+00 -1.037076911077072783e-06
8.359999999999999432e+00 -1.089540125003007898e-06
8.370000000000000995e+00 -1.142566889190954615e-06
8.380000000000000782e+00 -1.196110690982604696e-06
8.390000000000000568e+00 -1.250123644391115674e-06
8.400000000000000355e+00 -1.304556541740359288e-06
8.410000000000000142e+00 -1.359358906407454048e-06
8.419999999999999929e+00 -1.414479051092126793e-06
8.429999999999999716e+00 -1.469864136790371978e-06
8.439999999999999503e+00 -1.525460235678177678e-06
8.449999999999999289e+00 -1.581212395358744249e-06
8.460000000000000853e+00 -1.637064707283447662e-06
8.470000000000000639e+00 -1.692960376442620429e-06
8.480000000000000426e+00 -1.748841793009631163e-06
8.490000000000000213e+00 -1.804650607256652606e-06
8.500000000000000000e+00 -1.860327806121886418e-06
8.509999999999999787e+00 -1.915813790897419322e-06
8.519999999999999574e+00 -1.971048458112439894e-06
8.529999999999999361e+00 -2.025971281252592071e-06
8.540000000000000924e+00 -2.080521394241807709e-06
8.550000000000000711e+00 -2.134637675992728800e-06
8.560000000000000497e+00 -2.188258837930445733e-06
8.570000000000000284e+00 -2.241323510076415060e-06
8.580000000000000071e+00 -2.293770330633049248e-06
8.589999999999999858e+00 -2.345538035491978590e-06
8.599999999999999645e+00 -2.396565548457019190e-06
8.609999999999999432e+00 -2.446792072379605498e-06
8.620000000000000995e+00 -2.496157181480773701e-06
8.630000000000000782e+00 -2.544600913454569957e-06
8.640000000000000568e+00 -2.592063862483923176e-06
8.650000000000000355e+00 -2.638487271541811729e-06
8.660000000000000142e+00 -2.683813126985734598e-06
8.669999999999999929e+00 -2.727984250220499840e-06
8.679999999999999716e+00 -2.770944392563312597e-06
8.689999999999999503e+00 -2.812638326469413252e-06
8.700000000000001066e+00 -2.853011939623478765e-06
8.710000000000000853e+00 -2.892012326061177419e-06
8.720000000000000639e+00 -2.929587879726275323e-06
8.730000000000000426e+00 -2.965688383031739317e-06
8.740000000000000213e+00 -3.000265099369070487e-06
8.750000000000000000e+00 -3.033270860198361563e-06
8.759999999999999787e+00 -3.064660154723092278e-06
8.769999999999999574e+00 -3.094389216629772621e-06
8.779999999999999361e+00 -3.122416108329584272e-06
8.790000000000000924e+00 -3.148700806678006447e-06
8.800000000000000711e+00 -3.173205283778235408e-06
8.810000000000000497e+00 -3.195893588395226637e-06
8.820000000000000284e+00 -3.216731923154358963e-06
8.830000000000000071e+00 -3.235688721556218006e-06
8.839999999999999858e+00 -3.252734721126415707e-06
8.849999999999999645e+00 -3.267843034986811501e-06
8.859999999999999432e+00 -3.280989219259927703e-06
8.870000000000000995e+00 -3.292151339647636510e-06
8.880000000000000782e+00 -3.301310031927906508e-06
8.890000000000000568e+00 -3.308448562444610275e-06
8.900000000000000355e+00 -3.313552882178855130e-06
8.910000000000000142e+00 -3.316611678842729116e-06
8.919999999999999929e+00 -3.317616423394176284e-06
8.929999999999999716e+00 -3.316561415042662553e-06
8.939999999999999503e+00 -3.313443818285521925e-06
8.950000000000001066e+00 -3.308263697879981757e-06
8.960000000000000853e+00 -3.301024049353479262e-06
8.970000000000000639e+00 -3.291730822852639848e-06
8.980000000000000426e+00 -3.280392942665855127e-06
8.990000000000000213e+00 -3.267022322162721482e-06
9.000000000000000000e+00 -3.251633872054793262e-06
9.009999999999999787e+00 -3.234245504250138348e-06
9.019999999999999574e+00 -3.214878129337989110e-06
9.029999999999999361e+00 -3.193555648275947512e-06
9.040000000000000924e+00 -3.170304938654444626e-06
9.050000000000000711e+00 -3.145155833696178238e-06
9.060000000000000497e+00 -3.118141097230991976e-06
9.070000000000000284e+00 -3.089296390729190378e-06
9.080000000000000071e+00 -3.058660234558224778e-06
9.089999999999999858e+00 -3.026273963025599700e-06
9.099999999999999645e+00 -2.992181674273119985e-06
9.109999999999999432e+00 -2.956430171972834753e-06
9.120000000000000995e+00 -2.919068902519639241e-06
9.130000000000000782e+00 -2.880149885711724700e-06
9.140000000000000568e+00 -2.839727637985595132e-06
9.150000000000000355e+00 -2.797859091983878610e-06
9.160000000000000142e+00 -2.754603508806074963e-06
9.169999999999999929e+00 -2.710022384045523980e-06
9.179999999999999716e+00 -2.664179349944062469e-06
9.189999999999999503e+00 -2.617140071308615701e-06
9.200000000000001066e+00 -2.568972133951130665e-06
9.210000000000000853e+00 -2.519744933014017585e-06
9.220000000000000639e+00 -2.469529551941962442e-06
9.230000000000000426e+00 -2.418398637994700895e-06
9.240000000000000213e+00 -2.366426275001581869e-06
9.250000000000000000e+00 -2.313687850093171239e-06
9.259999999999999787e+00 -2.260259917605256241e-06
9.269999999999999574e+00 -2.206220058156849184e-06
9.279999999999999361e+00 -2.151646736513884717e-06
9.290000000000000924e+00 -2.096619153867107510e-06
9.300000000000000711e+00 -2.041217099617298469e-06
9.310000000000000497e+00 -1.985520798969409029e-06
9.320000000000000284e+00 -1.929610759857092184e-06
9.330000000000000071e+00 -1.873567616581667261e-06
9.339999999999999858e+00 -1.817471972292289406e-06
9.349999999999999645e+00 -1.761404242805325593e-06
9.359999999999999432e+00 -1.705444494213420592e-06
9.370000000000000995e+00 -1.649672285199133004e-06
9.380000000000000782e+00 -1.594166505823613189e-06
9.390000000000000568e+00 -1.539005217883471222e-06
9.400000000000000355e+00 -1.484265494532122087e-06
9.410000000000000142e+00 -1.430023261549118185e-06
9.419999999999999929e+00 -1.376353138508867868e-06
9.429999999999999716e+00 -1.323328282565316982e-06
9.439999999999999503e+00 -1.271020231480290974e-06
9.450000000000001066e+00 -1.219498751457021024e-06
9.460000000000000853e+00 -1.168831683866916604e-06
9.470000000000000639e+00 -1.119084797229080719e-06
9.480000000000000426e+00 -1.070321639318194684e-06
9.490000000000000213e+00 -1.022603393949217399e-06
9.500000000000000000e+00 -9.759887394933386418e-07
9.509999999999999787e+00 -9.305337127091251048e-07
9.519999999999999574e+00 -8.862915731634724015e-07
9.529999999999999361e+00 -8.433126751188069203e-07
9.540000000000000924e+00 -8.016443406068385347e-07
9.550000000000000711e+00 -7.613307373213751283e-07
9.560000000000000497e+00 -7.224127639079980234e-07
9.570000000000000284e+00 -6.849279352190429382e-07
9.580000000000000071e+00 -6.489102770505794648e-07
9.589999999999999858e+00 -6.143902229957531880e-07
9.599999999999999645e+00 -5.813945184590663118e-07
9.609999999999999432e+00 -5.499461294862506566e-07
9.620000000000000995e+00 -5.200641577246534197e-07
9.630000000000000782e+00 -4.917637614100522914e-07
9.640000000000000568e+00 -4.650560818872384594e-07
9.650000000000000355e+00 -4.399481776072577954e-07
9.660000000000000142e+00 -4.164429640851619041e-07
9.669999999999999929e+00 -3.945391602866443748e-07
9.679999999999999716e+00 -3.742312426821547966e-07
9.689999999999999503e+00 -3.555094056362229082e-07
9.700000000000001066e+00 -3.383595291381324976e-07
9.710000000000000853e+00 -3.227631544602815872e-07
9.720000000000000639e+00 -3.086974667727837573e-07
9.730000000000000426e+00 -2.961352853075860381e-07
9.740000000000000213e+00 -2.850450618319122498e-07
9.750000000000000000e+00 -2.753908861403975283e-07
9.759999999999999787e+00 -2.671325005018654331e-07
9.769999999999999574e+00 -2.602253214092908884e-07
9.779999999999999361e+00 -2.546204690180575714e-07
9.790000000000000924e+00 -2.502648067947976784e-07
9.800000000000000711e+00 -2.471009862836659465e-07
9.810000000000000497e+00 -2.450675038456751054e-07
9.820000000000000284e+00 -2.440987614260592409e-07
9.830000000000000071e+00 -2.441251397977683979e-07
9.839999999999999858e+00 -2.450730771548503828e-07
9.849999999999999645e+00 -2.468651567090474064e-07
9.859999999999999432e+00 -2.494202034179771044e-07
9.870000000000000995e+00 -2.526533876036352044e-07
9.880000000000000782e+00 -2.564763375775824805e-07
9.890000000000000568e+00 -2.607972581711304194e-07
9.900000000000000355e+00 -2.655210609610325623e-07
9.910000000000000142e+00 -2.705494982525868952e-07
9.919999999999999929e+00 -2.757813063851421997e-07
9.929999999999999716e+00 -2.811123563095652145e-07
9.939999999999999503e+00 -2.864358108617404142e-07
9.950000000000001066e+00 -2.916422894953807354e-07
9.960000000000000853e+00 -2.966200383161532450e-07
9.970000000000000639e+00 -3.012551095457616235e-07
9.980000000000000426e+00 -3.054315425542186713e-07
9.990000000000000213e+00 -3.090315550402511491e-07
1.000000000000000000e+01 -3.119357379031961752e-07
