0.000000000000000000e+00 0.000000000000000000e+00
1.000000000000000021e-02 -3.487483935403062665e-21
2.000000000000000042e-02 -7.277018041358691841e-21
2.999999999999999889e-02 -2.571895809944015929e-20
4.000000000000000083e-02 -1.204397202356170657e-19
5.000000000000000278e-02 -5.192862041776208842e-19
5.999999999999999778e-02 -1.815602507935251343e-18
7.000000000000000666e-02 -5.299237675345681339e-18
8.000000000000000167e-02 -1.343261036907668673e-17
8.999999999999999667e-02 -3.054092103994402233e-17
1.000000000000000056e-01 -6.369640944929668048e-17
1.100000000000000006e-01 -1.238454449154923511e-16
1.199999999999999956e-01 -2.272170132718009182e-16
1.300000000000000044e-01 -3.970406489895367464e-16
1.400000000000000133e-01 -6.656327484646787026e-16
1.499999999999999944e-01 -1.076935807703254813e-15
1.600000000000000033e-01 -1.689509869721442307e-15
1.700000000000000122e-01 -2.580243542977972448e-15
1.799999999999999933e-01 -3.848864071315177902e-15
1.900000000000000022e-01 -5.623575059524464257e-15
2.000000000000000111e-01 -8.068078475740721677e-15
2.099999999999999922e-01 -1.139083877651789829e-14
2.200000000000000011e-01 -1.585651955891771757e-14
2.300000000000000100e-01 -2.180175895358224861e-14
2.399999999999999911e-01 -2.965482571248921183e-14
2.500000000000000000e-01 -3.996259622894018319e-14
2.600000000000000089e-01 -5.342524387194288755e-14
2.700000000000000178e-01 -7.094235310098605815e-14
2.800000000000000266e-01 -9.367356580745298282e-14
2.899999999999999800e-01 -1.231155678215600921e-13
2.999999999999999889e-01 -1.612053403228031270e-13
3.099999999999999978e-01 -2.104497790684139785e-13
3.200000000000000067e-01 -2.740925922829800165e-13
3.300000000000000155e-01 -3.563276664579124358e-13
3.400000000000000244e-01 -4.625634604861516338e-13
3.500000000000000333e-01 -5.997605336803297094e-13
3.599999999999999867e-01 -7.768464373334121962e-13
3.699999999999999956e-01 -1.005228569451338018e-12
3.800000000000000044e-01 -1.299427869958771822e-12
3.900000000000000133e-01 -1.677845809032842746e-12
4.000000000000000222e-01 -2.163702939419250709e-12
4.100000000000000311e-01 -2.786160635293325957e-12
4.199999999999999845e-01 -3.581674920266218667e-12
4.299999999999999933e-01 -4.595611171374447499e-12
4.400000000000000022e-01 -5.884146945561621444e-12
4.500000000000000111e-01 -7.516549128654278177e-12
4.600000000000000200e-01 -9.577807668267857531e-12
4.700000000000000289e-01 -1.217175052052957025e-11
4.799999999999999822e-01 -1.542466684536873949e-11
4.899999999999999911e-01 -1.948948473310188612e-11
5.000000000000000000e-01 -2.455061665132529918e-11
5.100000000000000089e-01 -3.082952681121228777e-11
5.200000000000000178e-01 -3.859110220375298536e-11
5.300000000000000266e-01 -4.815091228705823886e-11
5.400000000000000355e-01 -5.988349022927920429e-11
5.500000000000000444e-01 -7.423167898713812184e-11
5.600000000000000533e-01 -9.171718361866828748e-11
5.700000000000000622e-01 -1.129524547285594253e-10
5.799999999999999600e-01 -1.386539795433479934e-10
5.899999999999999689e-01 -1.696571802248486409e-10
5.999999999999999778e-01 -2.069329192659727541e-10
6.099999999999999867e-01 -2.516058986184359705e-10
6.199999999999999956e-01 -3.049749848954607170e-10
6.300000000000000044e-01 -3.685356293072860993e-10
6.400000000000000133e-01 -4.440045411278339613e-10
6.500000000000000222e-01 -5.333467347103234765e-10
6.600000000000000311e-01 -6.388051321503654054e-10
6.700000000000000400e-01 -7.629327945972235424e-10
6.800000000000000488e-01 -9.086280602501142258e-10
6.900000000000000577e-01 -1.079172555476710406e-09
7.000000000000000666e-01 -1.278272336131737897e-09
7.099999999999999645e-01 -1.510102418125444136e-09
7.199999999999999734e-01 -1.779354284289660741e-09
7.299999999999999822e-01 -2.091287386522095414e-09
7.399999999999999911e-01 -2.451783859500089070e-09
7.500000000000000000e-01 -2.867406995180001202e-09
7.600000000000000089e-01 -3.345463790406988033e-09
7.700000000000000178e-01 -3.894070844099629947e-09
7.800000000000000266e-01 -4.522224662434673990e-09
7.900000000000000355e-01 -5.239875576688282806e-09
8.000000000000000444e-01 -6.058005808191250889e-09
8.100000000000000533e-01 -6.988711433200092867e-09
8.200000000000000622e-01 -8.045288455376482448e-09
8.300000000000000711e-01 -9.242322334960715279e-09
8.399999999999999689e-01 -1.059578211233319286e-08
8.499999999999999778e-01 -1.212311733666442473e-08
8.599999999999999867e-01 -1.384335961777250065e-08
8.699999999999999956e-01 -1.577722659910565798e-08
8.800000000000000044e-01 -1.794723009642610733e-08
8.900000000000000133e-01 -2.037778654058610512e-08
9.000000000000000222e-01 -2.309533097543344285e-08
9.100000000000000311e-01 -2.612843269770724532e-08
9.200000000000000400e-01 -2.950791398693028921e-08
9.300000000000000488e-01 -3.326696969729625889e-08
9.400000000000000577e-01 -3.744128963036616811e-08
9.500000000000000666e-01 -4.206918020450381868e-08
9.599999999999999645e-01 -4.719168864062252885e-08
9.699999999999999734e-01 -5.285272561435499367e-08
9.799999999999999822e-01 -5.909918852193239702e-08
9.899999999999999911e-01 -6.598108355786603402e-08
1.000000000000000000e+00 -7.355164564903926561e-08
1.010000000000000009e+00 -8.186745751269635524e-08
1.020000000000000018e+00 -9.098856508174416394e-08
1.030000000000000027e+00 -1.009785892472359059e-07
1.040000000000000036e+00 -1.119048349897708121e-07
1.050000000000000044e+00 -1.238383940963200605e-07
1.060000000000000053e+00 -1.368542433994061544e-07
1.070000000000000062e+00 -1.510313372193785447e-07
1.080000000000000071e+00 -1.664526921847479801e-07
1.090000000000000080e+00 -1.832054648688141024e-07
1.100000000000000089e+00 -2.013810209242506560e-07
1.110000000000000098e+00 -2.210749962647425015e-07
1.120000000000000107e+00 -2.423873473036616821e-07
1.130000000000000115e+00 -2.654223925952371027e-07
1.140000000000000124e+00 -2.902888410914652301e-07
1.150000000000000133e+00 -3.170998113541725894e-07
1.159999999999999920e+00 -3.459728370879162906e-07
1.169999999999999929e+00 -3.770298611293840252e-07
1.179999999999999938e+00 -4.103972146597689719e-07
1.189999999999999947e+00 -4.462055849898706461e-07
1.199999999999999956e+00 -4.845899662440748823e-07
1.209999999999999964e+00 -5.256895999369674832e-07
1.219999999999999973e+00 -5.696478957723655201e-07
1.229999999999999982e+00 -6.166123412538158932e-07
1.239999999999999991e+00 -6.667343954653084936e-07
1.250000000000000000e+00 -7.201693662936201057e-07
1.260000000000000009e+00 -7.770762744906123398e-07
1.270000000000000018e+00 -8.376177001653828391e-07
1.280000000000000027e+00 -9.019596173259064598e-07
1.290000000000000036e+00 -9.702712105517236063e-07
1.300000000000000044e+00 -1.042724681334615544e-06
1.310000000000000053e+00 -1.119495034773536346e-06
1.320000000000000062e+00 -1.200759859485908687e-06
1.330000000000000071e+00 -1.286699088437828764e-06
1.340000000000000080e+00 -1.377494753478092360e-06
1.350000000000000089e+00 -1.473330721823290501e-06
1.360000000000000098e+00 -1.574392430220977745e-06
1.370000000000000107e+00 -1.680866599804500816e-06
1.380000000000000115e+00 -1.792940952162133672e-06
1.390000000000000124e+00 -1.910803909656658139e-06
1.400000000000000133e+00 -2.034644294665946540e-06
1.409999999999999920e+00 -2.164651019164604007e-06
1.419999999999999929e+00 -2.301012776002170357e-06
1.429999999999999938e+00 -2.443917720505034419e-06
1.439999999999999947e+00 -2.593553154468797306e-06
1.449999999999999956e+00 -2.750105209382153193e-06
1.459999999999999964e+00 -2.913758529881488313e-06
1.469999999999999973e+00 -3.084695959516131625e-06
1.479999999999999982e+00 -3.263098228709765403e-06
1.489999999999999991e+00 -3.449143648821123564e-06
1.500000000000000000e+00 -3.643007811419268771e-06
1.510000000000000009e+00 -3.844863291812411488e-06
1.520000000000000018e+00 -4.054879362211383231e-06
1.530000000000000027e+00 -4.273221713035901814e-06
1.540000000000000036e+00 -4.500052179633173832e-06
1.550000000000000044e+00 -4.735528483547357670e-06
1.560000000000000053e+00 -4.979803976498664575e-06
1.570000000000000062e+00 -5.233027399381695588e-06
1.580000000000000071e+00 -5.495342646009981902e-06
1.590000000000000080e+00 -5.766888540176262623e-06
1.600000000000000089e+00 -6.047798613344201879e-06
1.610000000000000098e+00 -6.338200898937940142e-06
1.620000000000000107e+00 -6.638217720948691447e-06
1.630000000000000115e+00 -6.947965497008934399e-06
1.640000000000000124e+00 -7.267554535492215528e-06
1.650000000000000133e+00 -7.597088835860354994e-06
1.660000000000000142e+00 -7.936665883265248134e-06
1.669999999999999929e+00 -8.286376439195497490e-06
1.679999999999999938e+00 -8.646304321235920298e-06
1.689999999999999947e+00 -9.016526161878535284e-06
1.699999999999999956e+00 -9.397111164627380830e-06
1.709999999999999964e+00 -9.788120815243384065e-06
1.719999999999999973e+00 -1.018960858774342615e-05
1.729999999999999982e+00 -1.060161959261229914e-05
1.739999999999999991e+00 -1.102419020182487941e-05
1.750000000000000000e+00 -1.145734762314498667e-05
1.760000000000000009e+00 -1.190110941297339853e-05
1.770000000000000018e+00 -1.235548293751498328e-05
1.780000000000000027e+00 -1.282046476167031379e-05
1.790000000000000036e+00 -1.329791691809245613e-05
1.800000000000000044e+00 -1.378615299651997361e-05
1.810000000000000053e+00 -1.428514953608073235e-05
1.820000000000000062e+00 -1.479486804545349088e-05
1.830000000000000071e+00 -1.531525551498602589e-05
1.840000000000000080e+00 -1.584624322728545032e-05
1.850000000000000089e+00 -1.638774545806298555e-05
1.860000000000000098e+00 -1.693965803165053963e-05
1.870000000000000107e+00 -1.750185674961879378e-05
1.880000000000000115e+00 -1.807419567081969269e-05
1.890000000000000124e+00 -1.865650523891204671e-05
1.900000000000000133e+00 -1.924859025886904718e-05
1.910000000000000142e+00 -1.985022771236466532e-05
1.919999999999999929e+00 -2.046116441400958053e-05
1.929999999999999938e+00 -2.108111450391247921e-05
1.939999999999999947e+00 -2.170975678136843889e-05
1.949999999999999956e+00 -2.234673187778701831e-05
1.959999999999999964e+00 -2.299163928048963967e-05
1.969999999999999973e+00 -2.364403420351823826e-05
1.979999999999999982e+00 -2.430342432976906331e-05
1.989999999999999991e+00 -2.496926643000274559e-05
2.000000000000000000e+00 -2.564096288426576109e-05
2.010000000000000231e+00 -2.631785809803499632e-05
2.020000000000000018e+00 -2.699923490279143579e-05
2.030000000000000249e+00 -2.768431089533729406e-05
2.040000000000000036e+00 -2.837223481499950850e-05
2.049999999999999822e+00 -2.906208296876711117e-05
2.060000000000000053e+00 -2.975285577999642328e-05
2.069999999999999840e+00 -3.044347450259499155e-05
2.080000000000000071e+00 -3.113277818495019389e-05
2.089999999999999858e+00 -3.181952095943074710e-05
2.100000000000000089e+00 -3.250236976531928335e-05
2.109999999999999876e+00 -3.317990261120229434e-05
2.120000000000000107e+00 -3.385060748445356538e-05
2.129999999999999893e+00 -3.451288210692959879e-05
2.140000000000000124e+00 -3.516503466705067638e-05
2.149999999999999911e+00 -3.580528573954300242e-05
2.160000000000000142e+00 -3.643177165019162445e-05
2.169999999999999929e+00 -3.704254953362795533e-05
2.180000000000000160e+00 -3.763560442476832080e-05
2.189999999999999947e+00 -3.820885875166490919e-05
2.200000000000000178e+00 -3.876018468218500601e-05
2.209999999999999964e+00 -3.928741986441997014e-05
2.220000000000000195e+00 -3.978838716717225665e-05
2.229999999999999982e+00 -4.026069144735799910e-05
2.240000000000000213e+00 -4.070242164994075651e-05
2.250000000000000000e+00 -4.111152981645105342e-05
2.260000000000000231e+00 -4.148609184528861960e-05
2.270000000000000018e+00 -4.182436321442661864e-05
2.280000000000000249e+00 -4.212484690369056040e-05
2.290000000000000036e+00 -4.238637620157525987e-05
2.300000000000000266e+00 -4.260821577206641564e-05
2.310000000000000053e+00 -4.279018528763334217e-05
2.319999999999999840e+00 -4.293281118827874110e-05
2.330000000000000071e+00 -4.303751368661679066e-05
2.339999999999999858e+00 -4.310683837494000414e-05
2.350000000000000089e+00 -4.314474477196128532e-05
2.359999999999999876e+00 -4.315696819967573816e-05
2.370000000000000107e+00 -4.315147704991861843e-05
2.379999999999999893e+00 -4.313905544350848942e-05
2.390000000000000124e+00 -4.313461193383716363e-05
2.399999999999999911e+00 -4.315671483678951148e-05
2.410000000000000142e+00 -4.323019160179519815e-05
2.419999999999999929e+00 -4.338746089038725273e-05
2.430000000000000160e+00 -4.367087371781597227e-05
2.439999999999999947e+00 -4.413593266061610620e-05
2.450000000000000178e+00 -4.485579475632661683e-05
2.459999999999999964e+00 -4.592768865618879204e-05
2.470000000000000195e+00 -4.748410506127953568e-05
2.479999999999999982e+00 -4.970316221775128440e-05
2.490000000000000213e+00 -5.283384775212063289e-05
2.500000000000000000e+00 -5.723035593696579326e-05
2.510000000000000231e+00 -6.341104869100888664e-05
2.520000000000000018e+00 -7.215999073162393529e-05
2.530000000000000249e+00 -8.471334332860180893e-05
2.540000000000000036e+00 -1.031263194839482367e-04
2.550000000000000266e+00 -1.309310185231282730e-04
2.560000000000000053e+00 -1.742472826737895275e-04
2.569999999999999840e+00 -2.571594476137306629e-04
