0.000000000000000000e+00 -1.461736901424858992e+01
1.000000000000000021e-02 -1.461736901424859880e+01
2.000000000000000042e-02 -1.461736901424918145e+01
2.999999999999999889e-02 -1.461736901425533297e+01
4.000000000000000083e-02 -1.461736901428646185e+01
5.000000000000000278e-02 -1.461736901439300595e+01
5.999999999999999778e-02 -1.461736901467962646e+01
7.000000000000000666e-02 -1.461736901533495292e+01
8.000000000000000167e-02 -1.461736901666781741e+01
8.999999999999999667e-02 -1.461736901914987286e+01
1.000000000000000056e-01 -1.461736902346454592e+01
1.100000000000000006e-01 -1.461736903056218218e+01
1.199999999999999956e-01 -1.461736904172130380e+01
1.300000000000000044e-01 -1.461736905861579849e+01
1.400000000000000133e-01 -1.461736908338796503e+01
1.499999999999999944e-01 -1.461736911872718814e+01
1.600000000000000033e-01 -1.461736916795413777e+01
1.700000000000000122e-01 -1.461736923511026021e+01
1.799999999999999933e-01 -1.461736932505242237e+01
1.900000000000000022e-01 -1.461736944355245704e+01
2.000000000000000111e-01 -1.461736959740144393e+01
2.099999999999999922e-01 -1.461736979451845997e+01
2.200000000000000011e-01 -1.461737004406361073e+01
2.300000000000000100e-01 -1.461737035655506745e+01
2.399999999999999911e-01 -1.461737074398987168e+01
2.500000000000000000e-01 -1.461737121996826438e+01
2.600000000000000089e-01 -1.461737179982124779e+01
2.700000000000000178e-01 -1.461737250074112815e+01
2.800000000000000266e-01 -1.461737334191474957e+01
2.899999999999999800e-01 -1.461737434465913310e+01
2.999999999999999889e-01 -1.461737553255924738e+01
3.099999999999999978e-01 -1.461737693160758411e+01
3.200000000000000067e-01 -1.461737857034527188e+01
3.300000000000000155e-01 -1.461738048000440138e+01
3.400000000000000244e-01 -1.461738269465126372e+01
3.500000000000000333e-01 -1.461738525133019628e+01
3.599999999999999867e-01 -1.461738819020772340e+01
3.699999999999999956e-01 -1.461739155471666862e+01
3.800000000000000044e-01 -1.461739539169994373e+01
3.900000000000000133e-01 -1.461739975155369287e+01
4.000000000000000222e-01 -1.461740468836947571e+01
4.100000000000000311e-01 -1.461741026007518762e+01
4.199999999999999845e-01 -1.461741652857438645e+01
4.299999999999999933e-01 -1.461742355988376296e+01
4.400000000000000022e-01 -1.461743142426839981e+01
4.500000000000000111e-01 -1.461744019637453817e+01
4.600000000000000200e-01 -1.461744995535957869e+01
4.700000000000000289e-01 -1.461746078501898261e+01
4.799999999999999822e-01 -1.461747277390982092e+01
4.899999999999999911e-01 -1.461748601547065896e+01
5.000000000000000000e-01 -1.461750060813753826e+01
5.100000000000000089e-01 -1.461751665545574674e+01
5.200000000000000178e-01 -1.461753426618714968e+01
5.300000000000000266e-01 -1.461755355441279747e+01
5.400000000000000355e-01 -1.461757463963057901e+01
5.500000000000000444e-01 -1.461759764684769536e+01
5.600000000000000533e-01 -1.461762270666768870e+01
5.700000000000000622e-01 -1.461764995537183154e+01
5.799999999999999600e-01 -1.461767953499466266e+01
5.899999999999999689e-01 -1.461771159339346049e+01
5.999999999999999778e-01 -1.461774628431145473e+01
6.099999999999999867e-01 -1.461778376743461649e+01
6.199999999999999956e-01 -1.461782420844182440e+01
6.300000000000000044e-01 -1.461786777904827872e+01
6.400000000000000133e-01 -1.461791465704197357e+01
6.500000000000000222e-01 -1.461796502631312222e+01
6.600000000000000311e-01 -1.461801907687638646e+01
6.700000000000000400e-01 -1.461807700488578021e+01
6.800000000000000488e-01 -1.461813901264217286e+01
6.900000000000000577e-01 -1.461820530859325196e+01
7.000000000000000666e-01 -1.461827610732589378e+01
7.099999999999999645e-01 -1.461835162955083867e+01
7.199999999999999734e-01 -1.461843210207961974e+01
7.299999999999999822e-01 -1.461851775779367912e+01
7.399999999999999911e-01 -1.461860883560562208e+01
7.500000000000000000e-01 -1.461870558041259294e+01
7.600000000000000089e-01 -1.461880824304170545e+01
7.700000000000000178e-01 -1.461891708018754876e+01
7.800000000000000266e-01 -1.461903235434172288e+01
7.900000000000000355e-01 -1.461915433371443207e+01
8.000000000000000444e-01 -1.461928329214811129e+01
8.100000000000000533e-01 -1.461941950902311405e+01
8.200000000000000622e-01 -1.461956326915547422e+01
8.300000000000000711e-01 -1.461971486268677012e+01
8.399999999999999689e-01 -1.461987458496611048e+01
8.499999999999999778e-01 -1.462004273642427421e+01
8.599999999999999867e-01 -1.462021962244005735e+01
8.699999999999999956e-01 -1.462040555319885193e+01
8.800000000000000044e-01 -1.462060084354349954e+01
8.900000000000000133e-01 -1.462080581281747627e+01
9.000000000000000222e-01 -1.462102078470042699e+01
9.100000000000000311e-01 -1.462124608703613582e+01
9.200000000000000400e-01 -1.462148205165293291e+01
9.300000000000000488e-01 -1.462172901417660142e+01
9.400000000000000577e-01 -1.462198731383583095e+01
9.500000000000000666e-01 -1.462225729326023149e+01
9.599999999999999645e-01 -1.462253929827095433e+01
9.699999999999999734e-01 -1.462283367766394271e+01
9.799999999999999822e-01 -1.462314078298583375e+01
9.899999999999999911e-01 -1.462346096830251518e+01
1.000000000000000000e+00 -1.462379458996035808e+01
1.010000000000000009e+00 -1.462414200634009909e+01
1.020000000000000018e+00 -1.462450357760338626e+01
1.030000000000000027e+00 -1.462487966543193885e+01
1.040000000000000036e+00 -1.462527063275930139e+01
1.050000000000000044e+00 -1.462567684349514607e+01
1.060000000000000053e+00 -1.462609866224205035e+01
1.070000000000000062e+00 -1.462653645400470381e+01
1.080000000000000071e+00 -1.462699058389142870e+01
1.090000000000000080e+00 -1.462746141680794132e+01
1.100000000000000089e+00 -1.462794931714323177e+01
1.110000000000000098e+00 -1.462845464844743404e+01
1.120000000000000107e+00 -1.462897777310154090e+01
1.130000000000000115e+00 -1.462951905197882851e+01
1.140000000000000124e+00 -1.463007884409779358e+01
1.150000000000000133e+00 -1.463065750626645034e+01
1.159999999999999920e+00 -1.463125539271775111e+01
1.169999999999999929e+00 -1.463187285473596688e+01
1.179999999999999938e+00 -1.463251024027376701e+01
1.189999999999999947e+00 -1.463316789355978109e+01
1.199999999999999956e+00 -1.463384615469641048e+01
1.209999999999999964e+00 -1.463454535924759981e+01
1.219999999999999973e+00 -1.463526583781634294e+01
1.229999999999999982e+00 -1.463600791561164627e+01
1.239999999999999991e+00 -1.463677191200465622e+01
1.250000000000000000e+00 -1.463755814007369693e+01
1.260000000000000009e+00 -1.463836690613793756e+01
1.270000000000000018e+00 -1.463919850927940480e+01
1.280000000000000027e+00 -1.464005324085307436e+01
1.290000000000000036e+00 -1.464093138398477123e+01
1.300000000000000044e+00 -1.464183321305663732e+01
1.310000000000000053e+00 -1.464275899317990337e+01
1.320000000000000062e+00 -1.464370897965474150e+01
1.330000000000000071e+00 -1.464468341741700286e+01
1.340000000000000080e+00 -1.464568254047162910e+01
1.350000000000000089e+00 -1.464670657131259723e+01
1.360000000000000098e+00 -1.464775572032925766e+01
1.370000000000000107e+00 -1.464883018519895863e+01
1.380000000000000115e+00 -1.464993015026590761e+01
1.390000000000000124e+00 -1.465105578590625335e+01
1.400000000000000133e+00 -1.465220724787940121e+01
1.409999999999999920e+00 -1.465338467666565414e+01
1.419999999999999929e+00 -1.465458819679029823e+01
1.429999999999999938e+00 -1.465581791613433893e+01
1.439999999999999947e+00 -1.465707392523213137e+01
1.449999999999999956e+00 -1.465835629655622441e+01
1.459999999999999964e+00 -1.465966508378983235e+01
1.469999999999999973e+00 -1.466100032108736961e+01
1.479999999999999982e+00 -1.466236202232364505e+01
1.489999999999999991e+00 -1.466375018033230582e+01
1.500000000000000000e+00 -1.466516476613428033e+01
1.510000000000000009e+00 -1.466660572815702501e+01
1.520000000000000018e+00 -1.466807299144549681e+01
1.530000000000000027e+00 -1.466956645686582839e+01
1.540000000000000036e+00 -1.467108600030283938e+01
1.550000000000000044e+00 -1.467263147185259697e+01
1.560000000000000053e+00 -1.467420269501131536e+01
1.570000000000000062e+00 -1.467579946586203476e+01
1.580000000000000071e+00 -1.467742155226060596e+01
1.590000000000000080e+00 -1.467906869302262507e+01
1.600000000000000089e+00 -1.468074059711304180e+01
1.610000000000000098e+00 -1.468243694284033474e+01
1.620000000000000107e+00 -1.468415737705717383e+01
1.630000000000000115e+00 -1.468590151436967872e+01
1.640000000000000124e+00 -1.468766893635742221e+01
1.650000000000000133e+00 -1.468945919080646334e+01
1.660000000000000142e+00 -1.469127179095778679e+01
1.669999999999999929e+00 -1.469310621477360534e+01
1.679999999999999938e+00 -1.469496190422409931e+01
1.689999999999999947e+00 -1.469683826459723441e+01
1.699999999999999956e+00 -1.469873466383436167e+01
1.709999999999999964e+00 -1.470065043189441845e+01
1.719999999999999973e+00 -1.470258486014957100e+01
1.729999999999999982e+00 -1.470453720081522953e+01
1.739999999999999991e+00 -1.470650666641737558e+01
1.750000000000000000e+00 -1.470849242930023237e+01
1.760000000000000009e+00 -1.471049362117728165e+01
1.770000000000000018e+00 -1.471250933272869865e+01
1.780000000000000027e+00 -1.471453861324823187e+01
1.790000000000000036e+00 -1.471658047157807836e+01
1.800000000000000044e+00 -1.471863387223244679e+01
1.810000000000000053e+00 -1.472069773877096921e+01
1.820000000000000062e+00 -1.472277095250745482e+01
1.830000000000000071e+00 -1.472485235245118851e+01
1.840000000000000080e+00 -1.472694073531349623e+01
1.850000000000000089e+00 -1.472903485558423675e+01
1.860000000000000098e+00 -1.473113342568092143e+01
1.870000000000000107e+00 -1.473323511617291359e+01
1.880000000000000115e+00 -1.473533855608315690e+01
1.890000000000000124e+00 -1.473744233326964093e+01
1.900000000000000133e+00 -1.473954499488869274e+01
1.910000000000000142e+00 -1.474164504794201669e+01
1.919999999999999929e+00 -1.474374095990918221e+01
1.929999999999999938e+00 -1.474583115946707146e+01
1.939999999999999947e+00 -1.474791403729759232e+01
1.949999999999999956e+00 -1.474998794698471727e+01
1.959999999999999964e+00 -1.475205120600164932e+01
1.969999999999999973e+00 -1.475410209678870288e+01
1.979999999999999982e+00 -1.475613886792217322e+01
1.989999999999999991e+00 -1.475815973537422288e+01
2.000000000000000000e+00 -1.476016288386352393e+01
2.010000000000000231e+00 -1.476214646829607169e+01
2.020000000000000018e+00 -1.476410861529534202e+01
2.030000000000000249e+00 -1.476604742482058263e+01
2.040000000000000036e+00 -1.476796097187179413e+01
2.049999999999999822e+00 -1.476984730827959602e+01
2.060000000000000053e+00 -1.477170446457787278e+01
2.069999999999999840e+00 -1.477353045195677517e+01
2.080000000000000071e+00 -1.477532326429337850e+01
2.089999999999999858e+00 -1.477708088025693378e+01
2.100000000000000089e+00 -1.477880126548540396e+01
2.109999999999999876e+00 -1.478048237482964922e+01
2.120000000000000107e+00 -1.478212215466137813e+01
2.129999999999999893e+00 -1.478371854524068674e+01
2.140000000000000124e+00 -1.478526948313876410e+01
2.149999999999999911e+00 -1.478677290371112640e+01
2.160000000000000142e+00 -1.478822674361648559e+01
2.169999999999999929e+00 -1.478962894337622380e+01
2.180000000000000160e+00 -1.479097744996920838e+01
2.189999999999999947e+00 -1.479227021945659359e+01
2.200000000000000178e+00 -1.479350521963112541e+01
2.209999999999999964e+00 -1.479468043268536803e+01
2.220000000000000195e+00 -1.479579385789324242e+01
2.229999999999999982e+00 -1.479684351554153032e+01
2.240000000000000213e+00 -1.479782744624101554e+01
2.250000000000000000e+00 -1.479874371675137290e+01
2.260000000000000231e+00 -1.479959042169490679e+01
2.270000000000000018e+00 -1.480036568623360260e+01
2.280000000000000249e+00 -1.480106766873150548e+01
2.290000000000000036e+00 -1.480169456339938172e+01
2.300000000000000266e+00 -1.480224460291964128e+01
2.310000000000000053e+00 -1.480271606105066518e+01
2.319999999999999840e+00 -1.480310725521145443e+01
2.330000000000000071e+00 -1.480341654904967186e+01
2.339999999999999858e+00 -1.480364235499920689e+01
2.350000000000000089e+00 -1.480378313683738867e+01
2.359999999999999876e+00 -1.480383741225751315e+01
2.370000000000000107e+00 -1.480380375547998817e+01
2.379999999999999893e+00 -1.480368079993623809e+01
2.390000000000000124e+00 -1.480346724131939951e+01
2.399999999999999911e+00 -1.480316183997492985e+01
2.410000000000000142e+00 -1.480276342475180229e+01
2.419999999999999929e+00 -1.480227089660647088e+01
2.430000000000000160e+00 -1.480168323306351397e+01
2.439999999999999947e+00 -1.480099949372577761e+01
2.450000000000000178e+00 -1.480021882738263272e+01
2.459999999999999964e+00 -1.479934048157438298e+01
2.470000000000000195e+00 -1.479836382184491406e+01
2.479999999999999982e+00 -1.479728834014033190e+01
2.490000000000000213e+00 -1.479611369677314592e+01
2.500000000000000000e+00 -1.479483976904734455e+01
2.510000000000000231e+00 -1.479346673737434514e+01
2.520000000000000018e+00 -1.479199523355119439e+01
2.530000000000000249e+00 -1.479042658133574051e+01
2.540000000000000036e+00 -1.478876305680250347e+01
2.550000000000000266e+00 -1.478700620938648669e+01
2.560000000000000053e+00 -1.478512725535381911e+01
2.569999999999999840e+00 -1.478244407167426289e+01
