0.000000000000000000e+00 2.839199433170613851e-02
1.000000000000000021e-02 2.839199430801358712e-02
2.000000000000000042e-02 2.839199431472323384e-02
2.999999999999999889e-02 2.839199505178607169e-02
4.000000000000000083e-02 2.839199924075823736e-02
5.000000000000000278e-02 2.839201395537874553e-02
5.999999999999999778e-02 2.839205388083237275e-02
7.000000000000000666e-02 2.839214549799823351e-02
8.000000000000000167e-02 2.839233218782524423e-02
8.999999999999999667e-02 2.839268024954164776e-02
1.000000000000000056e-01 2.839328582455652797e-02
1.100000000000000006e-01 2.839428271539820581e-02
1.199999999999999956e-01 2.839585108551427595e-02
1.300000000000000044e-01 2.839822702079458638e-02
1.400000000000000133e-01 2.840171292673128803e-02
1.499999999999999944e-01 2.840668872555270064e-02
1.600000000000000033e-01 2.841362380471083859e-02
1.700000000000000122e-01 2.842308965092822312e-02
1.799999999999999933e-01 2.843577308172002410e-02
1.900000000000000022e-01 2.845248995799466371e-02
2.000000000000000111e-01 2.847419922615858703e-02
2.099999999999999922e-01 2.850201709544984002e-02
2.200000000000000011e-01 2.853723110567927060e-02
2.300000000000000100e-01 2.858131378239409451e-02
2.399999999999999911e-01 2.863593551172555554e-02
2.500000000000000000e-01 2.870297619797442315e-02
2.600000000000000089e-01 2.878453519687599119e-02
2.700000000000000178e-01 2.888293895173049339e-02
2.800000000000000266e-01 2.900074570534110288e-02
2.899999999999999800e-01 2.914074662701693352e-02
2.999999999999999889e-01 2.930596269138151938e-02
3.099999999999999978e-01 2.949963668578551787e-02
3.200000000000000067e-01 2.972521981665288832e-02
3.300000000000000155e-01 2.998635254062416780e-02
3.400000000000000244e-01 3.028683946776691838e-02
3.500000000000000333e-01 3.063061846818605077e-02
3.599999999999999867e-01 3.102172444772746673e-02
3.699999999999999956e-01 3.146424862060213934e-02
3.800000000000000044e-01 3.196229446463273033e-02
3.900000000000000133e-01 3.251993185971674416e-02
4.000000000000000222e-01 3.314115114157097780e-02
4.100000000000000311e-01 3.382981891526522233e-02
4.199999999999999845e-01 3.458963744255408312e-02
4.299999999999999933e-01 3.542410923692575903e-02
4.400000000000000022e-01 3.633650818392615556e-02
4.500000000000000111e-01 3.732985808384664539e-02
4.600000000000000200e-01 3.840691903533077767e-02
4.700000000000000289e-01 3.957018159407182933e-02
4.799999999999999822e-01 4.082186820026962454e-02
4.899999999999999911e-01 4.216394101154903595e-02
5.000000000000000000e-01 4.359811502927116861e-02
5.100000000000000089e-01 4.512587527367228901e-02
5.200000000000000178e-01 4.674849674015675582e-02
5.300000000000000266e-01 4.846706593732086343e-02
5.400000000000000355e-01 5.028250294257124303e-02
5.500000000000000444e-01 5.219558308757617227e-02
5.600000000000000533e-01 5.420695757939168746e-02
5.700000000000000622e-01 5.631717255451800658e-02
5.799999999999999600e-01 5.852668623841780771e-02
5.899999999999999689e-01 6.083588403364435099e-02
5.999999999999999778e-01 6.324509148183501961e-02
6.099999999999999867e-01 6.575458513816992423e-02
6.199999999999999956e-01 6.836460146365146151e-02
6.300000000000000044e-01 7.107534388432075467e-02
6.400000000000000133e-01 7.388698819147158925e-02
6.500000000000000222e-01 7.679968646725206238e-02
6.600000000000000311e-01 7.981356971960480717e-02
6.700000000000000400e-01 8.292874940259140071e-02
6.800000000000000488e-01 8.614531798546913588e-02
6.900000000000000577e-01 8.946334871852994197e-02
7.000000000000000666e-01 9.288289472723100515e-02
7.099999999999999645e-01 9.640398754964760175e-02
7.199999999999999734e-01 1.000266352164997236e-01
7.299999999999999822e-01 1.037508199584015051e-01
7.399999999999999911e-01 1.075764956118041848e-01
7.500000000000000000e-01 1.115035847834425498e-01
7.600000000000000089e-01 1.155319758229496896e-01
7.700000000000000178e-01 1.196615196446002560e-01
7.800000000000000266e-01 1.238920264317699693e-01
7.900000000000000355e-01 1.282232622515243614e-01
8.000000000000000444e-01 1.326549456016410666e-01
8.100000000000000533e-01 1.371867439081865814e-01
8.200000000000000622e-01 1.418182699883880071e-01
8.300000000000000711e-01 1.465490784908430322e-01
8.399999999999999689e-01 1.513786623229950445e-01
8.499999999999999778e-01 1.563064490741745138e-01
8.599999999999999867e-01 1.613317974412841749e-01
8.699999999999999956e-01 1.664539936633324391e-01
8.800000000000000044e-01 1.716722479704160531e-01
8.900000000000000133e-01 1.769856910523896487e-01
9.000000000000000222e-01 1.823933705522816084e-01
9.100000000000000311e-01 1.878942475894930519e-01
9.200000000000000400e-01 1.934871933179185821e-01
9.300000000000000488e-01 1.991709855243291305e-01
9.400000000000000577e-01 2.049443052726388492e-01
9.500000000000000666e-01 2.108057336000207505e-01
9.599999999999999645e-01 2.167537482712283137e-01
9.699999999999999734e-01 2.227867205979050247e-01
9.799999999999999822e-01 2.289029123301180302e-01
9.899999999999999911e-01 2.351004726278196344e-01
1.000000000000000000e+00 2.413774351204196200e-01
1.010000000000000009e+00 2.477317150631310194e-01
1.020000000000000018e+00 2.541611065992307461e-01
1.030000000000000027e+00 2.606632801378458431e-01
1.040000000000000036e+00 2.672357798573352650e-01
1.050000000000000044e+00 2.738760213447726244e-01
1.060000000000000053e+00 2.805812893824630172e-01
1.070000000000000062e+00 2.873487358928132895e-01
1.080000000000000071e+00 2.941753780532498364e-01
1.090000000000000080e+00 3.010580965932084241e-01
1.100000000000000089e+00 3.079936342855238984e-01
1.110000000000000098e+00 3.149785946448095397e-01
1.120000000000000107e+00 3.220094408456359858e-01
1.130000000000000115e+00 3.290824948734976108e-01
1.140000000000000124e+00 3.361939369216804807e-01
1.150000000000000133e+00 3.433398050472248886e-01
1.159999999999999920e+00 3.505159950991979523e-01
1.169999999999999929e+00 3.577182609324581763e-01
1.179999999999999938e+00 3.649422149199969545e-01
1.189999999999999947e+00 3.721833287767887799e-01
1.199999999999999956e+00 3.794369347078546117e-01
1.209999999999999964e+00 3.866982268929516908e-01
1.219999999999999973e+00 3.939622633199416635e-01
1.229999999999999982e+00 4.012239679784495583e-01
1.239999999999999991e+00 4.084781334249149576e-01
1.250000000000000000e+00 4.157194237295490091e-01
1.260000000000000009e+00 4.229423778150371849e-01
1.270000000000000018e+00 4.301414131960840104e-01
1.280000000000000027e+00 4.373108301280606014e-01
1.290000000000000036e+00 4.444448161721070711e-01
1.300000000000000044e+00 4.515374511830403392e-01
1.310000000000000053e+00 4.585827127253483404e-01
1.320000000000000062e+00 4.655744819213835095e-01
1.330000000000000071e+00 4.725065497346355725e-01
1.340000000000000080e+00 4.793726236896371229e-01
1.350000000000000089e+00 4.861663350286640761e-01
1.360000000000000098e+00 4.928812463039180525e-01
1.370000000000000107e+00 4.995108594023356385e-01
1.380000000000000115e+00 5.060486239985569901e-01
1.390000000000000124e+00 5.124879464299143539e-01
1.400000000000000133e+00 5.188221989855611449e-01
1.409999999999999920e+00 5.250447296000835262e-01
1.419999999999999929e+00 5.311488719400941916e-01
1.429999999999999938e+00 5.371279558704349366e-01
1.439999999999999947e+00 5.429753182847137927e-01
1.449999999999999956e+00 5.486843142829539444e-01
1.459999999999999964e+00 5.542483286771965334e-01
1.469999999999999973e+00 5.596607878039304707e-01
1.479999999999999982e+00 5.649151716202684970e-01
1.489999999999999991e+00 5.700050260588456208e-01
1.500000000000000000e+00 5.749239756144896019e-01
1.510000000000000009e+00 5.796657361338222181e-01
1.520000000000000018e+00 5.842241277771121899e-01
1.530000000000000027e+00 5.885930881198963016e-01
1.540000000000000036e+00 5.927666853601812891e-01
1.550000000000000044e+00 5.967391315953782804e-01
1.560000000000000053e+00 6.005047961315880256e-01
1.570000000000000062e+00 6.040582187863969832e-01
1.580000000000000071e+00 6.073941231450229461e-01
1.590000000000000080e+00 6.105074297284404095e-01
1.600000000000000089e+00 6.133932690310629487e-01
1.610000000000000098e+00 6.160469943846441643e-01
1.620000000000000107e+00 6.184641946043163419e-01
1.630000000000000115e+00 6.206407063721111061e-01
1.640000000000000124e+00 6.225726263129199856e-01
1.650000000000000133e+00 6.242563227176535223e-01
1.660000000000000142e+00 6.256884468683659994e-01
1.669999999999999929e+00 6.268659439203263517e-01
1.679999999999999938e+00 6.277860632964487042e-01
1.689999999999999947e+00 6.284463685501465724e-01
1.699999999999999956e+00 6.288447466535558306e-01
1.709999999999999964e+00 6.289794166691838884e-01
1.719999999999999973e+00 6.288489377643775580e-01
1.729999999999999982e+00 6.284522165295860496e-01
1.739999999999999991e+00 6.277885135631912084e-01
1.750000000000000000e+00 6.268574492877272419e-01
1.760000000000000009e+00 6.256590089645643893e-01
1.770000000000000018e+00 6.241935468766250938e-01
1.780000000000000027e+00 6.224617896513982007e-01
1.790000000000000036e+00 6.204648377553626526e-01
1.800000000000000044e+00 6.182041698388706097e-01
1.810000000000000053e+00 6.156816405529296210e-01
1.820000000000000062e+00 6.128994811399037790e-01
1.830000000000000071e+00 6.098602981501795028e-01
1.840000000000000080e+00 6.065670712006636656e-01
1.850000000000000089e+00 6.030231497711310285e-01
1.860000000000000098e+00 5.992322490387964606e-01
1.870000000000000107e+00 5.951984447555889179e-01
1.880000000000000115e+00 5.909261671768017976e-01
1.890000000000000124e+00 5.864201940540298974e-01
1.900000000000000133e+00 5.816856427095844495e-01
1.910000000000000142e+00 5.767279612138674905e-01
1.919999999999999929e+00 5.715529186914781734e-01
1.929999999999999938e+00 5.661665947860744508e-01
1.939999999999999947e+00 5.605753683182348457e-01
1.949999999999999956e+00 5.547859051746969472e-01
1.959999999999999964e+00 5.488051454714159005e-01
1.969999999999999973e+00 5.426402900368246796e-01
1.979999999999999982e+00 5.362987862655088644e-01
1.989999999999999991e+00 5.297883133961862612e-01
2.000000000000000000e+00 5.231167672714108763e-01
2.010000000000000231e+00 5.162922446397695264e-01
2.020000000000000018e+00 5.093230270645191515e-01
2.030000000000000249e+00 5.022175645055763082e-01
2.040000000000000036e+00 4.949844586445633077e-01
2.049999999999999822e+00 4.876324460251577619e-01
2.060000000000000053e+00 4.801703810833607422e-01
2.069999999999999840e+00 4.726072191444187776e-01
2.080000000000000071e+00 4.649519994650430643e-01
2.089999999999999858e+00 4.572138284012696174e-01
2.100000000000000089e+00 4.494018627837523261e-01
2.109999999999999876e+00 4.415252935835469739e-01
2.120000000000000107e+00 4.335933299524462048e-01
2.129999999999999893e+00 4.256151837227507562e-01
2.140000000000000124e+00 4.176000544519132829e-01
2.149999999999999911e+00 4.095571150978555841e-01
2.160000000000000142e+00 4.014954984108350944e-01
2.169999999999999929e+00 3.934242841275829572e-01
2.180000000000000160e+00 3.853524870529493884e-01
2.189999999999999947e+00 3.772890461135023354e-01
2.200000000000000178e+00 3.692428144662959211e-01
2.209999999999999964e+00 3.612225507443588834e-01
2.220000000000000195e+00 3.532369115181583363e-01
2.229999999999999982e+00 3.452944451213557642e-01
2.240000000000000213e+00 3.374035865635577336e-01
2.250000000000000000e+00 3.295726542783452007e-01
2.260000000000000231e+00 3.218098481034153968e-01
2.270000000000000018e+00 3.141232488704731041e-01
2.280000000000000249e+00 3.065208195843304728e-01
2.290000000000000036e+00 2.990104082216935577e-01
2.300000000000000266e+00 2.915997521646229718e-01
2.310000000000000053e+00 2.842964842647419110e-01
2.319999999999999840e+00 2.771081405113094420e-01
2.330000000000000071e+00 2.700421692488719216e-01
2.339999999999999858e+00 2.631059418578975961e-01
2.350000000000000089e+00 2.563067647744862176e-01
2.359999999999999876e+00 2.496518926832146934e-01
2.370000000000000107e+00 2.431485426714314335e-01
2.379999999999999893e+00 2.368039090861134011e-01
2.390000000000000124e+00 2.306251788259637558e-01
2.399999999999999911e+00 2.246195465686722792e-01
2.410000000000000142e+00 2.187942298756249404e-01
2.419999999999999929e+00 2.131564835800613122e-01
2.430000000000000160e+00 2.077136133554555730e-01
2.439999999999999947e+00 2.024729884319039497e-01
2.450000000000000178e+00 1.974420538699803163e-01
2.459999999999999964e+00 1.926283435571371216e-01
2.470000000000000195e+00 1.880394964354581977e-01
2.479999999999999982e+00 1.836832807195159512e-01
2.490000000000000213e+00 1.795676351514854663e-01
2.500000000000000000e+00 1.757007436922254084e-01
2.510000000000000231e+00 1.720911745091726897e-01
2.520000000000000018e+00 1.687481427062166583e-01
2.530000000000000249e+00 1.656820181551396931e-01
2.540000000000000036e+00 1.629053433347196489e-01
2.550000000000000266e+00 1.604349976980276038e-01
2.560000000000000053e+00 1.582972383010424755e-01
2.569999999999999840e+00 1.565411787428080126e-01
