0.000000000000000000e+00 6.364956140541553342e-01
1.000000000000000021e-02 6.364956141169730852e-01
2.000000000000000042e-02 6.364956143073341455e-01
2.999999999999999889e-02 6.364956146419645799e-01
4.000000000000000083e-02 6.364956151872481760e-01
5.000000000000000278e-02 6.364956161160660875e-01
5.999999999999999778e-02 6.364956177877809651e-01
7.000000000000000666e-02 6.364956208508794067e-01
8.000000000000000167e-02 6.364956263681862403e-01
8.999999999999999667e-02 6.364956359645244088e-01
1.000000000000000056e-01 6.364956519966831205e-01
1.100000000000000006e-01 6.364956777454943149e-01
1.199999999999999956e-01 6.364957176298231545e-01
1.300000000000000044e-01 6.364957774422548287e-01
1.400000000000000133e-01 6.364958646062109926e-01
1.499999999999999944e-01 6.364959884542342738e-01
1.600000000000000033e-01 6.364961605271468592e-01
1.700000000000000122e-01 6.364963948937707450e-01
1.799999999999999933e-01 6.364967084908552675e-01
1.900000000000000022e-01 6.364971214828754054e-01
2.000000000000000111e-01 6.364976576413101661e-01
2.099999999999999922e-01 6.364983447430037078e-01
2.200000000000000011e-01 6.364992149871958604e-01
2.300000000000000100e-01 6.365003054307823982e-01
2.399999999999999911e-01 6.365016584413559775e-01
2.500000000000000000e-01 6.365033221675556740e-01
2.600000000000000089e-01 6.365053510262463909e-01
2.700000000000000178e-01 6.365078062060210984e-01
2.800000000000000266e-01 6.365107561865253061e-01
2.899999999999999800e-01 6.365142772730697507e-01
2.999999999999999889e-01 6.365184541460097156e-01
3.099999999999999978e-01 6.365233804243403126e-01
3.200000000000000067e-01 6.365291592429690448e-01
3.300000000000000155e-01 6.365359038431016581e-01
3.400000000000000244e-01 6.365437381752000467e-01
3.500000000000000333e-01 6.365527975139350092e-01
3.599999999999999867e-01 6.365632290846011676e-01
3.699999999999999956e-01 6.365751927004237309e-01
3.800000000000000044e-01 6.365888614102247489e-01
3.900000000000000133e-01 6.366044221558885274e-01
4.000000000000000222e-01 6.366220764391395948e-01
4.100000000000000311e-01 6.366420409970726668e-01
4.199999999999999845e-01 6.366645484859777548e-01
4.299999999999999933e-01 6.366898481729572623e-01
4.400000000000000022e-01 6.367182066349041936e-01
4.500000000000000111e-01 6.367499084644062668e-01
4.600000000000000200e-01 6.367852569821629283e-01
4.700000000000000289e-01 6.368245749555866420e-01
4.799999999999999822e-01 6.368682053232358475e-01
4.899999999999999911e-01 6.369165119248024753e-01
5.000000000000000000e-01 6.369698802364111012e-01
5.100000000000000089e-01 6.370287181110442232e-01
5.200000000000000178e-01 6.370934565239505520e-01
5.300000000000000266e-01 6.371645503229428353e-01
5.400000000000000355e-01 6.372424789835926529e-01
5.500000000000000444e-01 6.373277473693219619e-01
5.600000000000000533e-01 6.374208864965433818e-01
5.700000000000000622e-01 6.375224543050246329e-01
5.799999999999999600e-01 6.376330364337193801e-01
5.899999999999999689e-01 6.377532470024552813e-01
5.999999999999999778e-01 6.378837293998731450e-01
6.099999999999999867e-01 6.380251570781735326e-01
6.199999999999999956e-01 6.381782343552860892e-01
6.300000000000000044e-01 6.383436972251865793e-01
6.400000000000000133e-01 6.385223141772028432e-01
6.500000000000000222e-01 6.387148870252503663e-01
6.600000000000000311e-01 6.389222517480512842e-01
6.700000000000000400e-01 6.391452793415546285e-01
6.800000000000000488e-01 6.393848766848139187e-01
6.900000000000000577e-01 6.396419874208220113e-01
7.000000000000000666e-01 6.399175928538459734e-01
7.099999999999999645e-01 6.402127128649934829e-01
7.199999999999999734e-01 6.405284068478948045e-01
7.299999999999999822e-01 6.408657746665149535e-01
7.399999999999999911e-01 6.412259576372698611e-01
7.500000000000000000e-01 6.416101395378271954e-01
7.600000000000000089e-01 6.420195476450862859e-01
7.700000000000000178e-01 6.424554538050486485e-01
7.800000000000000266e-01 6.429191755374568107e-01
7.900000000000000355e-01 6.434120771783004011e-01
8.000000000000000444e-01 6.439355710634226959e-01
8.100000000000000533e-01 6.444911187567531341e-01
8.200000000000000622e-01 6.450802323268246541e-01
8.300000000000000711e-01 6.457044756755138115e-01
8.399999999999999689e-01 6.463654659231410360e-01
8.499999999999999778e-01 6.470648748543156303e-01
8.599999999999999867e-01 6.478044304291723510e-01
8.699999999999999956e-01 6.485859183648799986e-01
8.800000000000000044e-01 6.494111837926134223e-01
8.900000000000000133e-01 6.502821329954080465e-01
9.000000000000000222e-01 6.512007352326575349e-01
9.100000000000000311e-01 6.521690246573278449e-01
9.200000000000000400e-01 6.531891023322294876e-01
9.300000000000000488e-01 6.542631383520858268e-01
9.400000000000000577e-01 6.553933740784732009e-01
9.500000000000000666e-01 6.565821244950663660e-01
9.599999999999999645e-01 6.578317806910289889e-01
9.699999999999999734e-01 6.591448124808184650e-01
9.799999999999999822e-01 6.605237711690705726e-01
9.899999999999999911e-01 6.619712924697279677e-01
1.000000000000000000e+00 6.634900995890424813e-01
1.010000000000000009e+00 6.650830064825880017e-01
1.020000000000000018e+00 6.667529212970031427e-01
1.030000000000000027e+00 6.685028500076950486e-01
1.040000000000000036e+00 6.703359002644131426e-01
1.050000000000000044e+00 6.722552854571988146e-01
1.060000000000000053e+00 6.742643290159354708e-01
1.070000000000000062e+00 6.763664689574333533e-01
1.080000000000000071e+00 6.785652626947913379e-01
1.090000000000000080e+00 6.808643921245571828e-01
1.100000000000000089e+00 6.832676690081502802e-01
1.110000000000000098e+00 6.857790406648847092e-01
1.120000000000000107e+00 6.884025959949870987e-01
1.130000000000000115e+00 6.911425718520448624e-01
1.140000000000000124e+00 6.940033597854444736e-01
1.150000000000000133e+00 6.969895131746141059e-01
1.159999999999999920e+00 7.001057547781396329e-01
1.169999999999999929e+00 7.033569847222547189e-01
1.179999999999999938e+00 7.067482889546281566e-01
1.189999999999999947e+00 7.102849481910137319e-01
1.199999999999999956e+00 7.139724473839800245e-01
1.209999999999999964e+00 7.178164857447619784e-01
1.219999999999999973e+00 7.218229873511945449e-01
1.229999999999999982e+00 7.259981123767913491e-01
1.239999999999999991e+00 7.303482689781932713e-01
1.250000000000000000e+00 7.348801258806264558e-01
1.260000000000000009e+00 7.396006257035326881e-01
1.270000000000000018e+00 7.445169990712160457e-01
1.280000000000000027e+00 7.496367795563040337e-01
1.290000000000000036e+00 7.549678195069069453e-01
1.300000000000000044e+00 7.605183068116769807e-01
1.310000000000000053e+00 7.662967826605797672e-01
1.320000000000000062e+00 7.723121603629810039e-01
1.330000000000000071e+00 7.785737452887515619e-01
1.340000000000000080e+00 7.850912560025253839e-01
1.350000000000000089e+00 7.918748466659077945e-01
1.360000000000000098e+00 7.989351307875148800e-01
1.370000000000000107e+00 8.062832064061388193e-01
1.380000000000000115e+00 8.139306827981577230e-01
1.390000000000000124e+00 8.218897088065098000e-01
1.400000000000000133e+00 8.301730028953216989e-01
1.409999999999999920e+00 8.387938850414106140e-01
1.419999999999999929e+00 8.477663105816373168e-01
1.429999999999999938e+00 8.571049061434087291e-01
1.439999999999999947e+00 8.668250077945105492e-01
1.449999999999999956e+00 8.769427015580811835e-01
1.459999999999999964e+00 8.874748664488855132e-01
1.469999999999999973e+00 8.984392201980826442e-01
1.479999999999999982e+00 9.098543678457365891e-01
1.489999999999999991e+00 9.217398533931244753e-01
1.500000000000000000e+00 9.341162147208403876e-01
1.510000000000000009e+00 9.470050419936240083e-01
1.520000000000000018e+00 9.604290397890083986e-01
1.530000000000000027e+00 9.744120932042888983e-01
1.540000000000000036e+00 9.889793382151597090e-01
1.550000000000000044e+00 1.004157236579689583e+00
1.560000000000000053e+00 1.019973655603269913e+00
1.570000000000000062e+00 1.036457953104005902e+00
1.580000000000000071e+00 1.053641067943725140e+00
1.590000000000000080e+00 1.071555616517753107e+00
1.600000000000000089e+00 1.090235995626800625e+00
1.610000000000000098e+00 1.109718492187213856e+00
1.620000000000000107e+00 1.130041400271500462e+00
1.630000000000000115e+00 1.151245146009830078e+00
1.640000000000000124e+00 1.173372420925459236e+00
1.650000000000000133e+00 1.196468324322999432e+00
1.660000000000000142e+00 1.220580515398624888e+00
1.669999999999999929e+00 1.245759375796112067e+00
1.679999999999999938e+00 1.272058183392388520e+00
1.689999999999999947e+00 1.299533298161886119e+00
1.699999999999999956e+00 1.328244361040716859e+00
1.709999999999999964e+00 1.358254506790478100e+00
1.719999999999999973e+00 1.389630591948073368e+00
1.729999999999999982e+00 1.422443439043187707e+00
1.739999999999999991e+00 1.456768098369982667e+00
1.750000000000000000e+00 1.492684128715540348e+00
1.760000000000000009e+00 1.530275898575654159e+00
1.770000000000000018e+00 1.569632909530475295e+00
1.780000000000000027e+00 1.610850143610050411e+00
1.790000000000000036e+00 1.654028437224428050e+00
1.800000000000000044e+00 1.699274881100282020e+00
1.810000000000000053e+00 1.746703253991657157e+00
1.820000000000000062e+00 1.796434487629649857e+00
1.830000000000000071e+00 1.848597168370195609e+00
1.840000000000000080e+00 1.903328078288412106e+00
1.850000000000000089e+00 1.960772779303426416e+00
1.860000000000000098e+00 2.021086244306562918e+00
1.870000000000000107e+00 2.084433539705239813e+00
1.880000000000000115e+00 2.150990564293162155e+00
1.890000000000000124e+00 2.220944849923208952e+00
1.900000000000000133e+00 2.294496430104227436e+00
1.910000000000000142e+00 2.371858783378934188e+00
1.919999999999999929e+00 2.453259859182830738e+00
1.929999999999999938e+00 2.538943194851446261e+00
1.939999999999999947e+00 2.629169133556404248e+00
1.949999999999999956e+00 2.724216154235732379e+00
1.959999999999999964e+00 2.824382326070589588e+00
1.969999999999999973e+00 2.929986901786224340e+00
1.979999999999999982e+00 3.041372066063151358e+00
1.989999999999999991e+00 3.158904857688672685e+00
2.000000000000000000e+00 3.282979286823200837e+00
2.010000000000000231e+00 3.414018671978181096e+00
2.020000000000000018e+00 3.552478225098200326e+00
2.030000000000000249e+00 3.698847917624624504e+00
2.040000000000000036e+00 3.853655665734307512e+00
2.049999999999999822e+00 4.017470879269607664e+00
2.060000000000000053e+00 4.190908426420080879e+00
2.069999999999999840e+00 4.374633075250202729e+00
2.080000000000000071e+00 4.569364484022753636e+00
2.089999999999999858e+00 4.775882825358960027e+00
2.100000000000000089e+00 4.995035145124699483e+00
2.109999999999999876e+00 5.227742576190427926e+00
2.120000000000000107e+00 5.475008550709566713e+00
2.129999999999999893e+00 5.737928183345053057e+00
2.140000000000000124e+00 6.017699033289355626e+00
2.149999999999999911e+00 6.315633496686279713e+00
2.160000000000000142e+00 6.633173135391952968e+00
2.169999999999999929e+00 6.971905315774987066e+00
2.180000000000000160e+00 7.333582616196133941e+00
2.189999999999999947e+00 7.720145568821918935e+00
2.200000000000000178e+00 8.133749436979410774e+00
2.209999999999999964e+00 8.576795901912761977e+00
2.220000000000000195e+00 9.051970753998697106e+00
2.229999999999999982e+00 9.562288973175956386e+00
2.240000000000000213e+00 1.011114892748487648e+01
2.250000000000000000e+00 1.070239796175209612e+01
2.260000000000000231e+00 1.134041220775242920e+01
2.270000000000000018e+00 1.203019434189956804e+01
2.280000000000000249e+00 1.277749411869707785e+01
2.290000000000000036e+00 1.358895802183753432e+01
2.300000000000000266e+00 1.447231642451958322e+01
2.310000000000000053e+00 1.543661945709309435e+01
2.319999999999999840e+00 1.649253665970343619e+01
2.330000000000000071e+00 1.765274091474062601e+01
2.339999999999999858e+00 1.893240479950569721e+01
2.350000000000000089e+00 2.034984841442326342e+01
2.359999999999999876e+00 2.192739351627254152e+01
2.370000000000000107e+00 2.369250188450828176e+01
2.379999999999999893e+00 2.567931015649947568e+01
2.390000000000000124e+00 2.793072513042620741e+01
2.399999999999999911e+00 3.050132282376597104e+01
2.410000000000000142e+00 3.346141875779672148e+01
2.419999999999999929e+00 3.690287439824998472e+01
2.430000000000000160e+00 4.094752710583247790e+01
2.439999999999999947e+00 4.575966954869818437e+01
2.450000000000000178e+00 5.156493030512984888e+01
2.459999999999999964e+00 5.867954917089178934e+01
2.470000000000000195e+00 6.755705752796089314e+01
2.479999999999999982e+00 7.886514597054281239e+01
2.490000000000000213e+00 9.361707020831499904e+01
2.500000000000000000e+00 1.134064127825800909e+02
2.510000000000000231e+00 1.408491417406522999e+02
2.520000000000000018e+00 1.804708260477844703e+02
2.530000000000000249e+00 2.406335370074049536e+02
2.540000000000000036e+00 3.381626784282084941e+02
2.550000000000000266e+00 5.110305515236553333e+02
2.560000000000000053e+00 8.601698338791878768e+02
2.569999999999999840e+00 1.731778415560047051e+03
