0.000000000000000000e+00 9.071889022060209973e-01
1.000000000000000021e-02 9.071889022055852347e-01
2.000000000000000042e-02 9.071889021999079983e-01
2.999999999999999889e-02 9.071889021498210637e-01
4.000000000000000083e-02 9.071889019025625167e-01
5.000000000000000278e-02 9.071889010609679449e-01
5.999999999999999778e-02 9.071888988003571352e-01
7.000000000000000666e-02 9.071888936334676634e-01
8.000000000000000167e-02 9.071888831236804007e-01
8.999999999999999667e-02 9.071888635468419171e-01
1.000000000000000056e-01 9.071888295020591464e-01
1.100000000000000006e-01 9.071887734718823149e-01
1.199999999999999956e-01 9.071886853323660738e-01
1.300000000000000044e-01 9.071885518135359705e-01
1.400000000000000133e-01 9.071883559108574469e-01
1.499999999999999944e-01 9.071880762483471861e-01
1.600000000000000033e-01 9.071876863940292468e-01
1.700000000000000122e-01 9.071871541284851626e-01
1.799999999999999933e-01 9.071864406673099124e-01
1.900000000000000022e-01 9.071854998383266366e-01
2.000000000000000111e-01 9.071842772144791400e-01
2.099999999999999922e-01 9.071827092033678541e-01
2.200000000000000011e-01 9.071807220944450023e-01
2.300000000000000100e-01 9.071782310649493253e-01
2.399999999999999911e-01 9.071751391457040237e-01
2.500000000000000000e-01 9.071713361479630811e-01
2.600000000000000089e-01 9.071666975525438659e-01
2.700000000000000178e-01 9.071610833625400883e-01
2.800000000000000266e-01 9.071543369209709162e-01
2.899999999999999800e-01 9.071462836947769004e-01
2.999999999999999889e-01 9.071367300266317546e-01
3.099999999999999978e-01 9.071254618561155336e-01
3.200000000000000067e-01 9.071122434118373823e-01
3.300000000000000155e-01 9.070968158761882894e-01
3.400000000000000244e-01 9.070788960244554611e-01
3.500000000000000333e-01 9.070581748401088662e-01
3.599999999999999867e-01 9.070343161081567684e-01
3.699999999999999956e-01 9.070069549885313442e-01
3.800000000000000044e-01 9.069756965715629615e-01
3.900000000000000133e-01 9.069401144176849616e-01
4.000000000000000222e-01 9.068997490836030462e-01
4.100000000000000311e-01 9.068541066372663995e-01
4.199999999999999845e-01 9.068026571640783740e-01
4.299999999999999933e-01 9.067448332668919253e-01
4.400000000000000022e-01 9.066800285624547762e-01
4.500000000000000111e-01 9.066075961770858616e-01
4.600000000000000200e-01 9.065268472444931724e-01
4.700000000000000289e-01 9.064370494087777841e-01
4.799999999999999822e-01 9.063374253358069677e-01
4.899999999999999911e-01 9.062271512362876091e-01
5.000000000000000000e-01 9.061053554040254809e-01
5.100000000000000089e-01 9.059711167730122305e-01
5.200000000000000178e-01 9.058234634971571442e-01
5.300000000000000266e-01 9.056613715566446121e-01
5.400000000000000355e-01 9.054837633950898468e-01
5.500000000000000444e-01 9.052895065918458162e-01
5.600000000000000533e-01 9.050774125740042031e-01
5.700000000000000622e-01 9.048462353728510266e-01
5.799999999999999600e-01 9.045946704297160856e-01
5.899999999999999689e-01 9.043213534563860900e-01
5.999999999999999778e-01 9.040248593554622847e-01
6.099999999999999867e-01 9.037037012062503205e-01
6.199999999999999956e-01 9.033563293220078227e-01
6.300000000000000044e-01 9.029811303845869386e-01
6.400000000000000133e-01 9.025764266627380739e-01
6.500000000000000222e-01 9.021404753205722882e-01
6.600000000000000311e-01 9.016714678228844315e-01
6.700000000000000400e-01 9.011675294442897943e-01
6.800000000000000488e-01 9.006267188893146702e-01
6.900000000000000577e-01 9.000470280308157101e-01
7.000000000000000666e-01 8.994263817742895739e-01
7.099999999999999645e-01 8.987626380558526584e-01
7.199999999999999734e-01 8.980535879818212219e-01
7.299999999999999822e-01 8.972969561180341724e-01
7.399999999999999911e-01 8.964904009371750249e-01
7.500000000000000000e-01 8.956315154325200645e-01
7.600000000000000089e-01 8.947178279066353435e-01
7.700000000000000178e-01 8.937468029436461681e-01
7.800000000000000266e-01 8.927158425737655723e-01
7.900000000000000355e-01 8.916222876388180119e-01
8.000000000000000444e-01 8.904634193674725307e-01
8.100000000000000533e-01 8.892364611689087539e-01
8.200000000000000622e-01 8.879385806535284864e-01
8.300000000000000711e-01 8.865668918892473105e-01
8.399999999999999689e-01 8.851184579017277176e-01
8.499999999999999778e-01 8.835902934267121367e-01
8.599999999999999867e-01 8.819793679223577598e-01
8.699999999999999956e-01 8.802826088491654266e-01
8.800000000000000044e-01 8.784969052247098009e-01
8.900000000000000133e-01 8.766191114599548584e-01
9.000000000000000222e-01 8.746460514834278888e-01
9.100000000000000311e-01 8.725745231589576711e-01
9.200000000000000400e-01 8.704013030020330000e-01
9.300000000000000488e-01 8.681231511991245320e-01
9.400000000000000577e-01 8.657368169335097896e-01
9.500000000000000666e-01 8.632390440202627468e-01
9.599999999999999645e-01 8.606265768521135229e-01
9.699999999999999734e-01 8.578961666568281075e-01
9.799999999999999822e-01 8.550445780656360517e-01
9.899999999999999911e-01 8.520685959910161422e-01
1.000000000000000000e+00 8.489650328108284683e-01
1.010000000000000009e+00 8.457307358544182696e-01
1.020000000000000018e+00 8.423625951848088267e-01
1.030000000000000027e+00 8.388575516695629952e-01
1.040000000000000036e+00 8.352126053312296516e-01
1.050000000000000044e+00 8.314248239665821272e-01
1.060000000000000053e+00 8.274913520220427143e-01
1.070000000000000062e+00 8.234094197108288160e-01
1.080000000000000071e+00 8.191763523554153048e-01
1.090000000000000080e+00 8.147895799369112568e-01
1.100000000000000089e+00 8.102466468309064140e-01
1.110000000000000098e+00 8.055452217072567311e-01
1.120000000000000107e+00 8.006831075691550614e-01
1.130000000000000115e+00 7.956582519046855317e-01
1.140000000000000124e+00 7.904687569219144283e-01
1.150000000000000133e+00 7.851128898364121422e-01
1.159999999999999920e+00 7.795890931779650979e-01
1.169999999999999929e+00 7.738959950811352684e-01
1.179999999999999938e+00 7.680324195222610895e-01
1.189999999999999947e+00 7.619973964635036179e-01
1.199999999999999956e+00 7.557901718626172105e-01
1.209999999999999964e+00 7.494102175053261039e-01
1.219999999999999973e+00 7.428572406154740904e-01
1.229999999999999982e+00 7.361311931965657251e-01
1.239999999999999991e+00 7.292322810569171754e-01
1.250000000000000000e+00 7.221609724694088017e-01
1.260000000000000009e+00 7.149180064158163761e-01
1.270000000000000018e+00 7.075044003648903734e-01
1.280000000000000027e+00 6.999214575327942223e-01
1.290000000000000036e+00 6.921707735742135270e-01
1.300000000000000044e+00 6.842542426524237387e-01
1.310000000000000053e+00 6.761740628368827499e-01
1.320000000000000062e+00 6.679327407775155212e-01
1.330000000000000071e+00 6.595330956057694483e-01
1.340000000000000080e+00 6.509782620138107045e-01
1.350000000000000089e+00 6.422716924648470549e-01
1.360000000000000098e+00 6.334171584895804674e-01
1.370000000000000107e+00 6.244187510261640650e-01
1.380000000000000115e+00 6.152808797638081861e-01
1.390000000000000124e+00 6.060082714533421289e-01
1.400000000000000133e+00 5.966059671515626661e-01
1.409999999999999920e+00 5.870793183701417117e-01
1.419999999999999929e+00 5.774339821041646337e-01
1.429999999999999938e+00 5.676759147200369782e-01
1.439999999999999947e+00 5.578113646875217935e-01
1.449999999999999956e+00 5.478468641460327859e-01
1.459999999999999964e+00 5.377892193009730093e-01
1.469999999999999973e+00 5.276454996518695761e-01
1.479999999999999982e+00 5.174230260602697973e-01
1.489999999999999991e+00 5.071293576718005625e-01
1.500000000000000000e+00 4.967722777134176426e-01
1.510000000000000009e+00 4.863597781936413456e-01
1.520000000000000018e+00 4.759000435404326379e-01
1.530000000000000027e+00 4.654014332183006308e-01
1.540000000000000036e+00 4.548724633731295874e-01
1.550000000000000044e+00 4.443217875600981581e-01
1.560000000000000053e+00 4.337581766168100983e-01
1.570000000000000062e+00 4.231904977503557763e-01
1.580000000000000071e+00 4.126276929133813054e-01
1.590000000000000080e+00 4.020787565503440852e-01
1.600000000000000089e+00 3.915527128008514102e-01
1.610000000000000098e+00 3.810585922523478386e-01
1.620000000000000107e+00 3.706054083392803511e-01
1.630000000000000115e+00 3.602021334902473226e-01
1.640000000000000124e+00 3.498576751284435682e-01
1.650000000000000133e+00 3.395808516338976735e-01
1.660000000000000142e+00 3.293803683785272440e-01
1.669999999999999929e+00 3.192647939468549745e-01
1.679999999999999938e+00 3.092425366563213984e-01
1.689999999999999947e+00 2.993218214914403208e-01
1.699999999999999956e+00 2.895106675655627626e-01
1.709999999999999964e+00 2.798168662227371595e-01
1.719999999999999973e+00 2.702479598900376367e-01
1.729999999999999982e+00 2.608112217878055250e-01
1.739999999999999991e+00 2.515136366015108815e-01
1.750000000000000000e+00 2.423618822143826512e-01
1.760000000000000009e+00 2.333623125946355792e-01
1.770000000000000018e+00 2.245209419250462635e-01
1.780000000000000027e+00 2.158434300558282337e-01
1.790000000000000036e+00 2.073350703349904345e-01
1.800000000000000044e+00 1.990007750152388843e-01
1.810000000000000053e+00 1.908450679536931871e-01
1.820000000000000062e+00 1.828720750653003435e-01
1.830000000000000071e+00 1.750855173257586106e-01
1.840000000000000080e+00 1.674887054075568649e-01
1.850000000000000089e+00 1.600845359675720503e-01
1.860000000000000098e+00 1.528754895941930592e-01
1.870000000000000107e+00 1.458636304116374127e-01
1.880000000000000115e+00 1.390506073287704758e-01
1.890000000000000124e+00 1.324376569095558898e-01
1.900000000000000133e+00 1.260256078322271600e-01
1.910000000000000142e+00 1.198148868945573126e-01
1.919999999999999929e+00 1.138055265132444926e-01
1.929999999999999938e+00 1.079971736565304846e-01
1.939999999999999947e+00 1.023891001408215040e-01
1.949999999999999956e+00 9.698021421430702560e-02
1.959999999999999964e+00 9.176907334351323831e-02
1.969999999999999973e+00 8.675389811236233761e-02
1.979999999999999982e+00 8.193258713776641056e-02
1.989999999999999991e+00 7.730273290102562811e-02
2.000000000000000000e+00 7.286163839044279555e-02
2.010000000000000231e+00 6.860633444756490673e-02
2.020000000000000018e+00 6.453359770736084855e-02
2.030000000000000249e+00 6.063996902146129991e-02
2.040000000000000036e+00 5.692177225328260565e-02
2.049999999999999822e+00 5.337513333443177910e-02
2.060000000000000053e+00 4.999599947325444882e-02
2.069999999999999840e+00 4.678015840862592700e-02
2.080000000000000071e+00 4.372325760515306109e-02
2.089999999999999858e+00 4.082082328972880259e-02
2.100000000000000089e+00 3.806827923385342621e-02
2.109999999999999876e+00 3.546096519120734564e-02
2.120000000000000107e+00 3.299415490560030778e-02
2.129999999999999893e+00 3.066307361053631844e-02
2.140000000000000124e+00 2.846291494814878753e-02
2.149999999999999911e+00 2.638885724212613332e-02
2.160000000000000142e+00 2.443607906635925434e-02
2.169999999999999929e+00 2.259977405833512795e-02
2.180000000000000160e+00 2.087516493372099102e-02
2.189999999999999947e+00 1.925751666602115719e-02
2.200000000000000178e+00 1.774214880263074931e-02
2.209999999999999964e+00 1.632444689593670617e-02
2.220000000000000195e+00 1.499987303534533641e-02
2.229999999999999982e+00 1.376397539882872993e-02
2.240000000000000213e+00 1.261239720230583616e-02
2.250000000000000000e+00 1.154088428543153730e-02
2.260000000000000231e+00 1.054529212261701154e-02
2.270000000000000018e+00 9.621591886964207460e-03
2.280000000000000249e+00 8.765875670954381693e-03
2.290000000000000036e+00 7.974360894977161607e-03
2.300000000000000266e+00 7.243393940987276694e-03
2.310000000000000053e+00 6.569453055141394326e-03
2.319999999999999840e+00 5.949150570544402793e-03
2.330000000000000071e+00 5.379234509772624385e-03
2.339999999999999858e+00 4.856589637398768013e-03
2.350000000000000089e+00 4.378238046489069980e-03
2.359999999999999876e+00 3.941339381677178011e-03
2.370000000000000107e+00 3.543190827640651640e-03
2.379999999999999893e+00 3.181227029649457815e-03
2.390000000000000124e+00 2.853020314074194985e-03
2.399999999999999911e+00 2.556280831382651275e-03
2.410000000000000142e+00 2.288858361961354938e-03
2.419999999999999929e+00 2.048745176765343068e-03
2.430000000000000160e+00 1.834081517933405575e-03
2.439999999999999947e+00 1.643165079452723948e-03
2.450000000000000178e+00 1.474466873315649629e-03
2.459999999999999964e+00 1.326657398940444882e-03
2.470000000000000195e+00 1.198649986135058576e-03
2.479999999999999982e+00 1.089672038949496269e-03
2.490000000000000213e+00 9.993871972511225721e-04
2.500000000000000000e+00 9.281077498786151044e-04
2.510000000000000231e+00 8.771805908702744485e-04
2.520000000000000018e+00 8.497244054388454178e-04
2.530000000000000249e+00 8.521338855290719804e-04
2.540000000000000036e+00 8.974229108034137425e-04
2.550000000000000266e+00 1.013548357543303524e-03
2.560000000000000053e+00 1.267721105580599033e-03
2.569999999999999840e+00 1.856746403348984902e-03
