0.000000000000000000e+00 -1.461740950655375215e+01
1.000000000000000021e-02 -1.461740950655376459e+01
2.000000000000000042e-02 -1.461740950655437743e+01
2.999999999999999889e-02 -1.461740950656051830e+01
4.000000000000000083e-02 -1.461740950659164184e+01
5.000000000000000278e-02 -1.461740950669818773e+01
5.999999999999999778e-02 -1.461740950698481356e+01
7.000000000000000666e-02 -1.461740950764010094e+01
8.000000000000000167e-02 -1.461740950897292279e+01
8.999999999999999667e-02 -1.461740951145480771e+01
1.000000000000000056e-01 -1.461740951576914860e+01
1.100000000000000006e-01 -1.461740952286622708e+01
1.199999999999999956e-01 -1.461740953402441434e+01
1.300000000000000044e-01 -1.461740955091742400e+01
1.400000000000000133e-01 -1.461740957568725285e+01
1.499999999999999944e-01 -1.461740961102302983e+01
1.600000000000000033e-01 -1.461740966024510513e+01
1.700000000000000122e-01 -1.461740972739440991e+01
1.799999999999999933e-01 -1.461740981732722133e+01
1.900000000000000022e-01 -1.461740993581475401e+01
2.000000000000000111e-01 -1.461741008964731137e+01
2.099999999999999922e-01 -1.461741028674300225e+01
2.200000000000000011e-01 -1.461741053626094633e+01
2.300000000000000100e-01 -1.461741084871795593e+01
2.399999999999999911e-01 -1.461741123610982385e+01
2.500000000000000000e-01 -1.461741171203506973e+01
2.600000000000000089e-01 -1.461741229182289281e+01
2.700000000000000178e-01 -1.461741299266372174e+01
2.800000000000000266e-01 -1.461741383374199543e+01
2.899999999999999800e-01 -1.461741483637229244e+01
2.999999999999999889e-01 -1.461741602413681917e+01
3.099999999999999978e-01 -1.461741742302499247e+01
3.200000000000000067e-01 -1.461741906157460669e+01
3.300000000000000155e-01 -1.461742097101407367e+01
3.400000000000000244e-01 -1.461742318540565755e+01
3.500000000000000333e-01 -1.461742574178930987e+01
3.599999999999999867e-01 -1.461742868032695775e+01
3.699999999999999956e-01 -1.461743204444614364e+01
3.800000000000000044e-01 -1.461743588098440227e+01
3.900000000000000133e-01 -1.461744024033186129e+01
4.000000000000000222e-01 -1.461744517657373166e+01
4.100000000000000311e-01 -1.461745074763109820e+01
4.199999999999999845e-01 -1.461745701540016640e+01
4.299999999999999933e-01 -1.461746404588987680e+01
4.400000000000000022e-01 -1.461747190935684770e+01
4.500000000000000111e-01 -1.461748068043858950e+01
4.600000000000000200e-01 -1.461749043828303662e+01
4.700000000000000289e-01 -1.461750126667558725e+01
4.799999999999999822e-01 -1.461751325416266845e+01
4.899999999999999911e-01 -1.461752649417160121e+01
5.000000000000000000e-01 -1.461754108512654859e+01
5.100000000000000089e-01 -1.461755713056018813e+01
5.200000000000000178e-01 -1.461757473922094341e+01
5.300000000000000266e-01 -1.461759402517598438e+01
5.400000000000000355e-01 -1.461761510790819685e+01
5.500000000000000444e-01 -1.461763811240922450e+01
5.600000000000000533e-01 -1.461766316926603082e+01
5.700000000000000622e-01 -1.461769041474250841e+01
5.799999999999999600e-01 -1.461771999085502038e+01
5.899999999999999689e-01 -1.461775204544134610e+01
5.999999999999999778e-01 -1.461778673222457670e+01
6.099999999999999867e-01 -1.461782421086934214e+01
6.199999999999999956e-01 -1.461786464703201460e+01
6.300000000000000044e-01 -1.461790821240421145e+01
6.400000000000000133e-01 -1.461795508474910932e+01
6.500000000000000222e-01 -1.461800544793077883e+01
6.600000000000000311e-01 -1.461805949193636067e+01
6.700000000000000400e-01 -1.461811741289115929e+01
6.800000000000000488e-01 -1.461817941306552626e+01
6.900000000000000577e-01 -1.461824570087535058e+01
7.000000000000000666e-01 -1.461831649087388030e+01
7.099999999999999645e-01 -1.461839200373661285e+01
7.199999999999999734e-01 -1.461847246623797858e+01
7.299999999999999822e-01 -1.461855811122045523e+01
7.399999999999999911e-01 -1.461864917755562132e+01
7.500000000000000000e-01 -1.461874591009751434e+01
7.600000000000000089e-01 -1.461884855962794383e+01
7.700000000000000178e-01 -1.461895738279387302e+01
7.800000000000000266e-01 -1.461907264203675005e+01
7.900000000000000355e-01 -1.461919460551424343e+01
8.000000000000000444e-01 -1.461932354701340309e+01
8.100000000000000533e-01 -1.461945974585639618e+01
8.200000000000000622e-01 -1.461960348679809840e+01
8.300000000000000711e-01 -1.461975505991605040e+01
8.399999999999999689e-01 -1.461991476049177408e+01
8.499999999999999778e-01 -1.462008288888523211e+01
8.599999999999999867e-01 -1.462025975040087999e+01
8.699999999999999956e-01 -1.462044565514595718e+01
8.800000000000000044e-01 -1.462064091788141162e+01
8.900000000000000133e-01 -1.462084585786476154e+01
9.000000000000000222e-01 -1.462106079868548747e+01
9.100000000000000311e-01 -1.462128606809272569e+01
9.200000000000000400e-01 -1.462152199781583306e+01
9.300000000000000488e-01 -1.462176892337681799e+01
9.400000000000000577e-01 -1.462202718389562506e+01
9.500000000000000666e-01 -1.462229712188813124e+01
9.599999999999999645e-01 -1.462257908305652698e+01
9.699999999999999734e-01 -1.462287341607224533e+01
9.799999999999999822e-01 -1.462318047235195095e+01
9.899999999999999911e-01 -1.462350060582556210e+01
1.000000000000000000e+00 -1.462383417269771790e+01
1.010000000000000009e+00 -1.462418153120116138e+01
1.020000000000000018e+00 -1.462454304134325511e+01
1.030000000000000027e+00 -1.462491906464489588e+01
1.040000000000000036e+00 -1.462530996387215332e+01
1.050000000000000044e+00 -1.462571610276036438e+01
1.060000000000000053e+00 -1.462613784573076003e+01
1.070000000000000062e+00 -1.462657555759972006e+01
1.080000000000000071e+00 -1.462702960327974466e+01
1.090000000000000080e+00 -1.462750034747335448e+01
1.100000000000000089e+00 -1.462798815435880684e+01
1.110000000000000098e+00 -1.462849338726777226e+01
1.120000000000000107e+00 -1.462901640835495876e+01
1.130000000000000115e+00 -1.462955757825944580e+01
1.140000000000000124e+00 -1.463011725575759314e+01
1.150000000000000133e+00 -1.463069579740709614e+01
1.159999999999999920e+00 -1.463129355718251645e+01
1.169999999999999929e+00 -1.463191088610147794e+01
1.179999999999999938e+00 -1.463254813184166991e+01
1.189999999999999947e+00 -1.463320563834866839e+01
1.199999999999999956e+00 -1.463388374543338166e+01
1.209999999999999964e+00 -1.463458278835998172e+01
1.219999999999999973e+00 -1.463530309742348834e+01
1.229999999999999982e+00 -1.463604499751684074e+01
1.239999999999999991e+00 -1.463680880768681014e+01
1.250000000000000000e+00 -1.463759484067941763e+01
1.260000000000000009e+00 -1.463840340247354099e+01
1.270000000000000018e+00 -1.463923479180318665e+01
1.280000000000000027e+00 -1.464008929966755090e+01
1.290000000000000036e+00 -1.464096720882944247e+01
1.300000000000000044e+00 -1.464186879330050672e+01
1.310000000000000053e+00 -1.464279431781456609e+01
1.320000000000000062e+00 -1.464374403728766971e+01
1.330000000000000071e+00 -1.464471819626505855e+01
1.340000000000000080e+00 -1.464571702835497113e+01
1.350000000000000089e+00 -1.464674075564872702e+01
1.360000000000000098e+00 -1.464778958812783927e+01
1.370000000000000107e+00 -1.464886372305668516e+01
1.380000000000000115e+00 -1.464996334436200875e+01
1.390000000000000124e+00 -1.465108862199851636e+01
1.400000000000000133e+00 -1.465223971130049918e+01
1.409999999999999920e+00 -1.465341675232014929e+01
1.419999999999999929e+00 -1.465461986915236814e+01
1.429999999999999938e+00 -1.465584916924597714e+01
1.439999999999999947e+00 -1.465710474270198027e+01
1.449999999999999956e+00 -1.465838666155927150e+01
1.459999999999999964e+00 -1.465969497906760211e+01
1.469999999999999973e+00 -1.466102972894927881e+01
1.479999999999999982e+00 -1.466239092464882177e+01
1.489999999999999991e+00 -1.466377855857241563e+01
1.500000000000000000e+00 -1.466519260131743252e+01
1.510000000000000009e+00 -1.466663300089230049e+01
1.520000000000000018e+00 -1.466809968192878166e+01
1.530000000000000027e+00 -1.466959254488658004e+01
1.540000000000000036e+00 -1.467111146525195409e+01
1.550000000000000044e+00 -1.467265629273136973e+01
1.560000000000000053e+00 -1.467422685044171793e+01
1.570000000000000062e+00 -1.467582293409816252e+01
1.580000000000000071e+00 -1.467744431120132198e+01
1.590000000000000080e+00 -1.467909072022579586e+01
1.600000000000000089e+00 -1.468076186981079267e+01
1.610000000000000098e+00 -1.468245743795621827e+01
1.620000000000000107e+00 -1.468417707122429938e+01
1.630000000000000115e+00 -1.468592038395079946e+01
1.640000000000000124e+00 -1.468768695746650366e+01
1.650000000000000133e+00 -1.468947633933164632e+01
1.660000000000000142e+00 -1.469128804258646426e+01
1.669999999999999929e+00 -1.469312154501888656e+01
1.679999999999999938e+00 -1.469497628845326531e+01
1.689999999999999947e+00 -1.469685167806196624e+01
1.699999999999999956e+00 -1.469874708170291733e+01
1.709999999999999964e+00 -1.470066182928566789e+01
1.719999999999999973e+00 -1.470259521216907750e+01
1.729999999999999982e+00 -1.470454648259343067e+01
1.739999999999999991e+00 -1.470651485314978579e+01
1.750000000000000000e+00 -1.470849949628983033e+01
1.760000000000000009e+00 -1.471049954387892811e+01
1.770000000000000018e+00 -1.471251408679621342e+01
1.780000000000000027e+00 -1.471454217458314773e+01
1.790000000000000036e+00 -1.471658281514575251e+01
1.800000000000000044e+00 -1.471863497451168534e+01
1.810000000000000053e+00 -1.472069757664602996e+01
1.820000000000000062e+00 -1.472276950332888745e+01
1.830000000000000071e+00 -1.472484959409712246e+01
1.840000000000000080e+00 -1.472693664625338705e+01
1.850000000000000089e+00 -1.472902941494515971e+01
1.860000000000000098e+00 -1.473112661331652795e+01
1.870000000000000107e+00 -1.473322691273484253e+01
1.880000000000000115e+00 -1.473532894309498609e+01
1.890000000000000124e+00 -1.473743129320353162e+01
1.900000000000000133e+00 -1.473953251124449082e+01
1.910000000000000142e+00 -1.474163110532885490e+01
1.919999999999999929e+00 -1.474372554412962799e+01
1.929999999999999938e+00 -1.474581425760354669e+01
1.939999999999999947e+00 -1.474789563780133683e+01
1.949999999999999956e+00 -1.474996803976682180e+01
1.959999999999999964e+00 -1.475202978252634978e+01
1.969999999999999973e+00 -1.475407915016853622e+01
1.979999999999999982e+00 -1.475611439301499672e+01
1.989999999999999991e+00 -1.475813372888185526e+01
2.000000000000000000e+00 -1.476013534443163522e+01
2.010000000000000231e+00 -1.476211739661529165e+01
2.020000000000000018e+00 -1.476407801420288912e+01
2.030000000000000249e+00 -1.476601529940235125e+01
2.040000000000000036e+00 -1.476792732956415932e+01
2.049999999999999822e+00 -1.476981215897061972e+01
2.060000000000000053e+00 -1.477166782070720963e+01
2.069999999999999840e+00 -1.477349232861336326e+01
2.080000000000000071e+00 -1.477528367931059705e+01
2.089999999999999858e+00 -1.477703985430362543e+01
2.100000000000000089e+00 -1.477875882215225012e+01
2.109999999999999876e+00 -1.478043854070940810e+01
2.120000000000000107e+00 -1.478207695942165323e+01
2.129999999999999893e+00 -1.478367202168752925e+01
2.140000000000000124e+00 -1.478522166726939346e+01
2.149999999999999911e+00 -1.478672383475369756e+01
2.160000000000000142e+00 -1.478817646405448016e+01
2.169999999999999929e+00 -1.478957749895472773e+01
2.180000000000000160e+00 -1.479092488968014329e+01
2.189999999999999947e+00 -1.479221659549916801e+01
2.200000000000000178e+00 -1.479345058734366525e+01
2.209999999999999964e+00 -1.479462485044397368e+01
2.220000000000000195e+00 -1.479573738697167151e+01
2.229999999999999982e+00 -1.479678621868458954e+01
2.240000000000000213e+00 -1.479776938956653431e+01
2.250000000000000000e+00 -1.479868496845605108e+01
2.260000000000000231e+00 -1.479953105165715321e+01
2.270000000000000018e+00 -1.480030576552579191e+01
2.280000000000000249e+00 -1.480100726902531427e+01
2.290000000000000036e+00 -1.480163375624464095e+01
2.300000000000000266e+00 -1.480218345887250386e+01
2.310000000000000053e+00 -1.480265464862174873e+01
2.319999999999999840e+00 -1.480304563959740527e+01
2.330000000000000071e+00 -1.480335479060236992e+01
2.339999999999999858e+00 -1.480358050737525311e+01
2.350000000000000089e+00 -1.480372124475449525e+01
2.359999999999999876e+00 -1.480377550876339043e+01
2.370000000000000107e+00 -1.480374185861107428e+01
2.379999999999999893e+00 -1.480361890860458551e+01
2.390000000000000124e+00 -1.480340532996717862e+01
2.399999999999999911e+00 -1.480309985255901850e+01
2.410000000000000142e+00 -1.480270126649627471e+01
2.419999999999999929e+00 -1.480220842366471778e+01
2.430000000000000160e+00 -1.480162023912503777e+01
2.439999999999999947e+00 -1.480093569240684026e+01
2.450000000000000178e+00 -1.480015382868878326e+01
2.459999999999999964e+00 -1.479927375986266824e+01
2.470000000000000195e+00 -1.479829466548027206e+01
2.479999999999999982e+00 -1.479721579358093031e+01
2.490000000000000213e+00 -1.479603646139944040e+01
2.500000000000000000e+00 -1.479475605595323628e+01
2.510000000000000231e+00 -1.479337403450939092e+01
2.520000000000000018e+00 -1.479188992493075538e+01
2.530000000000000249e+00 -1.479030332590255270e+01
2.540000000000000036e+00 -1.478861390703987588e+01
2.550000000000000266e+00 -1.478682140887779006e+01
2.560000000000000053e+00 -1.478492564274519161e+01
2.569999999999999840e+00 -1.478292649052476548e+01
2.580000000000000071e+00 -1.478082390430115645e+01
2.589999999999999858e+00 -1.477861790589976643e+01
2.600000000000000089e+00 -1.477630858631944122e+01
2.609999999999999876e+00 -1.477389610506159379e+01
2.620000000000000107e+00 -1.477138068935964554e+01
2.629999999999999893e+00 -1.476876263331190131e+01
2.640000000000000124e+00 -1.476604229692205195e+01
2.649999999999999911e+00 -1.476322010505090532e+01
2.660000000000000142e+00 -1.476029654628380783e+01
2.669999999999999929e+00 -1.475727217171782080e+01
2.680000000000000160e+00 -1.475414759367328799e+01
2.689999999999999947e+00 -1.475092348433385325e+01
2.700000000000000178e+00 -1.474760057432025384e+01
2.709999999999999964e+00 -1.474417965120217211e+01
2.720000000000000195e+00 -1.474066155795256527e+01
2.729999999999999982e+00 -1.473704719134998165e+01
2.740000000000000213e+00 -1.473333750033305378e+01
2.750000000000000000e+00 -1.472953348431232001e+01
2.760000000000000231e+00 -1.472563619144380809e+01
2.770000000000000018e+00 -1.472164671686948090e+01
2.780000000000000249e+00 -1.471756620092881995e+01
2.790000000000000036e+00 -1.471339582734671048e+01
2.800000000000000266e+00 -1.470913682140135492e+01
2.810000000000000053e+00 -1.470479044807772695e+01
2.819999999999999840e+00 -1.470035801020975796e+01
2.830000000000000071e+00 -1.469584084661663859e+01
2.839999999999999858e+00 -1.469124033023616782e+01
2.850000000000000089e+00 -1.468655786626025161e+01
2.859999999999999876e+00 -1.468179489027544271e+01
2.870000000000000107e+00 -1.467695286641298935e+01
2.879999999999999893e+00 -1.467203328551123320e+01
2.890000000000000124e+00 -1.466703766329417924e+01
2.899999999999999911e+00 -1.466196753856933199e+01
2.910000000000000142e+00 -1.465682447144774336e+01
2.919999999999999929e+00 -1.465161004158902536e+01
2.930000000000000160e+00 -1.464632584647460689e+01
2.939999999999999947e+00 -1.464097349971065931e+01
2.950000000000000178e+00 -1.463555462936409945e+01
2.959999999999999964e+00 -1.463007087633321035e+01
2.970000000000000195e+00 -1.462452389275488329e+01
2.979999999999999982e+00 -1.461891534045049390e+01
2.990000000000000213e+00 -1.461324688941179595e+01
3.000000000000000000e+00 -1.460752021632831621e+01
3.010000000000000231e+00 -1.460173700315763412e+01
3.020000000000000018e+00 -1.459589893573952502e+01
3.030000000000000249e+00 -1.459000770245482137e+01
3.040000000000000036e+00 -1.458406499292994241e+01
3.050000000000000266e+00 -1.457807249678759121e+01
3.060000000000000053e+00 -1.457203190244406343e+01
3.070000000000000284e+00 -1.456594489595362596e+01
3.080000000000000071e+00 -1.455981315989983571e+01
3.089999999999999858e+00 -1.455363837233421975e+01
3.100000000000000089e+00 -1.454742220576197198e+01
3.109999999999999876e+00 -1.454116632617459182e+01
3.120000000000000107e+00 -1.453487239212894089e+01
3.129999999999999893e+00 -1.452854205387268571e+01
3.140000000000000124e+00 -1.452217695251513163e+01
3.149999999999999911e+00 -1.451577871924313357e+01
3.160000000000000142e+00 -1.450934897458133577e+01
3.169999999999999929e+00 -1.450288932769575112e+01
3.180000000000000160e+00 -1.449640137574028564e+01
3.189999999999999947e+00 -1.448988670324441408e+01
3.200000000000000178e+00 -1.448334688154224459e+01
3.209999999999999964e+00 -1.447678346824069529e+01
3.220000000000000195e+00 -1.447019800672652501e+01
3.229999999999999982e+00 -1.446359202571077596e+01
3.240000000000000213e+00 -1.445696703880955880e+01
3.250000000000000000e+00 -1.445032454415974321e+01
3.260000000000000231e+00 -1.444366602406869404e+01
3.270000000000000018e+00 -1.443699294469671734e+01
3.280000000000000249e+00 -1.443030675577075606e+01
3.290000000000000036e+00 -1.442360889032823223e+01
3.300000000000000266e+00 -1.441690076449010149e+01
3.310000000000000053e+00 -1.441018377726103061e+01
3.320000000000000284e+00 -1.440345931035655624e+01
3.330000000000000071e+00 -1.439672872805489767e+01
3.339999999999999858e+00 -1.438999337707305770e+01
3.350000000000000089e+00 -1.438325458646546906e+01
3.359999999999999876e+00 -1.437651366754427684e+01
3.370000000000000107e+00 -1.436977191381987495e+01
3.379999999999999893e+00 -1.436303060096081019e+01
3.390000000000000124e+00 -1.435629098677154936e+01
3.399999999999999911e+00 -1.434955431118758895e+01
3.410000000000000142e+00 -1.434282179628618792e+01
3.419999999999999929e+00 -1.433609464631208930e+01
3.430000000000000160e+00 -1.432937404771726975e+01
3.439999999999999947e+00 -1.432266116921352861e+01
3.450000000000000178e+00 -1.431595716183687195e+01
3.459999999999999964e+00 -1.430926315902337542e+01
3.470000000000000195e+00 -1.430258027669494680e+01
3.479999999999999982e+00 -1.429590961335447474e+01
3.490000000000000213e+00 -1.428925225018966216e+01
3.500000000000000000e+00 -1.428260925118459035e+01
3.510000000000000231e+00 -1.427598166323828366e+01
3.520000000000000018e+00 -1.426937051628962827e+01
3.530000000000000249e+00 -1.426277682344796105e+01
3.540000000000000036e+00 -1.425620158112868374e+01
3.550000000000000266e+00 -1.424964576919316706e+01
3.560000000000000053e+00 -1.424311035109254497e+01
3.570000000000000284e+00 -1.423659627401480243e+01
3.580000000000000071e+00 -1.423010446903440496e+01
3.589999999999999858e+00 -1.422363585126421093e+01
3.600000000000000089e+00 -1.421719132000934316e+01
3.609999999999999876e+00 -1.421077175892176570e+01
3.620000000000000107e+00 -1.420437803615639538e+01
3.629999999999999893e+00 -1.419801100452712106e+01
3.640000000000000124e+00 -1.419167150166306079e+01
3.649999999999999911e+00 -1.418536035016473207e+01
3.660000000000000142e+00 -1.417907835775895364e+01
3.669999999999999929e+00 -1.417282631745362664e+01
3.680000000000000160e+00 -1.416660500769051190e+01
3.689999999999999947e+00 -1.416041519249667502e+01
3.700000000000000178e+00 -1.415425762163442158e+01
3.709999999999999964e+00 -1.414813303074847539e+01
3.720000000000000195e+00 -1.414204214151161310e+01
3.729999999999999982e+00 -1.413598566176707116e+01
3.740000000000000213e+00 -1.412996428566867202e+01
3.750000000000000000e+00 -1.412397869381786819e+01
3.760000000000000231e+00 -1.411802955339753574e+01
3.770000000000000018e+00 -1.411211751830274963e+01
3.780000000000000249e+00 -1.410624322926797980e+01
3.790000000000000036e+00 -1.410040731399060476e+01
3.800000000000000266e+00 -1.409461038725119764e+01
3.810000000000000053e+00 -1.408885305102933927e+01
3.820000000000000284e+00 -1.408313589461612203e+01
3.830000000000000071e+00 -1.407745949472248448e+01
3.839999999999999858e+00 -1.407182441558317088e+01
3.850000000000000089e+00 -1.406623120905713442e+01
3.859999999999999876e+00 -1.406068041472315677e+01
3.870000000000000107e+00 -1.405517255997172654e+01
3.879999999999999893e+00 -1.404970816009238099e+01
3.890000000000000124e+00 -1.404428771835678269e+01
3.899999999999999911e+00 -1.403891172609754356e+01
3.910000000000000142e+00 -1.403358066278286209e+01
3.919999999999999929e+00 -1.402829499608659880e+01
3.930000000000000160e+00 -1.402305518195438339e+01
3.939999999999999947e+00 -1.401786166466513883e+01
3.950000000000000178e+00 -1.401271487688885031e+01
3.959999999999999964e+00 -1.400761523973972444e+01
3.970000000000000195e+00 -1.400256316282565905e+01
3.979999999999999982e+00 -1.399755904429333064e+01
3.990000000000000213e+00 -1.399260327086961020e+01
4.000000000000000000e+00 -1.398769621789907447e+01
4.009999999999999787e+00 -1.398283824937768216e+01
4.020000000000000462e+00 -1.397802971798289207e+01
4.030000000000000249e+00 -1.397327096510010236e+01
4.040000000000000036e+00 -1.396856232084606830e+01
4.049999999999999822e+00 -1.396390410408859672e+01
4.060000000000000497e+00 -1.395929662246340008e+01
4.070000000000000284e+00 -1.395474017238794673e+01
4.080000000000000071e+00 -1.395023503907236950e+01
4.089999999999999858e+00 -1.394578149652796029e+01
4.099999999999999645e+00 -1.394137980757297690e+01
4.110000000000000320e+00 -1.393703022383625800e+01
4.120000000000000107e+00 -1.393273298575878627e+01
4.129999999999999893e+00 -1.392848832259321767e+01
4.139999999999999680e+00 -1.392429645240173919e+01
4.150000000000000355e+00 -1.392015758205252496e+01
4.160000000000000142e+00 -1.391607190721476073e+01
4.169999999999999929e+00 -1.391203961235250297e+01
4.179999999999999716e+00 -1.390806087071804242e+01
4.190000000000000391e+00 -1.390413584434399752e+01
4.200000000000000178e+00 -1.390026468403560322e+01
4.209999999999999964e+00 -1.389644752936228933e+01
4.219999999999999751e+00 -1.389268450864955184e+01
4.230000000000000426e+00 -1.388897573897090609e+01
4.240000000000000213e+00 -1.388532132614039583e+01
4.250000000000000000e+00 -1.388172136470573292e+01
4.259999999999999787e+00 -1.387817593794229332e+01
4.270000000000000462e+00 -1.387468511784831193e+01
4.280000000000000249e+00 -1.387124896514134420e+01
4.290000000000000036e+00 -1.386786752925632804e+01
4.299999999999999822e+00 -1.386454084834552347e+01
4.310000000000000497e+00 -1.386126894928013620e+01
4.320000000000000284e+00 -1.385805184765449027e+01
4.330000000000000071e+00 -1.385488954779234128e+01
4.339999999999999858e+00 -1.385178204275579894e+01
4.350000000000000533e+00 -1.384872931435715238e+01
4.360000000000000320e+00 -1.384573133317353211e+01
4.370000000000000107e+00 -1.384278805856471983e+01
4.379999999999999893e+00 -1.383989943869419292e+01
4.389999999999999680e+00 -1.383706541055396855e+01
4.400000000000000355e+00 -1.383428589999245872e+01
4.410000000000000142e+00 -1.383156082174670942e+01
4.419999999999999929e+00 -1.382889007947791882e+01
4.429999999999999716e+00 -1.382627356581166289e+01
4.440000000000000391e+00 -1.382371116238152275e+01
4.450000000000000178e+00 -1.382120273987748860e+01
4.459999999999999964e+00 -1.381874815809854162e+01
4.469999999999999751e+00 -1.381634726600937846e+01
4.480000000000000426e+00 -1.381399990180215021e+01
4.490000000000000213e+00 -1.381170589296219831e+01
4.500000000000000000e+00 -1.380946505633882104e+01
4.509999999999999787e+00 -1.380727719822047561e+01
4.520000000000000462e+00 -1.380514211441462002e+01
4.530000000000000249e+00 -1.380305959033248620e+01
4.540000000000000036e+00 -1.380102940107824772e+01
4.549999999999999822e+00 -1.379905131154316678e+01
4.560000000000000497e+00 -1.379712507650418907e+01
4.570000000000000284e+00 -1.379525044072736506e+01
4.580000000000000071e+00 -1.379342713907586493e+01
4.589999999999999858e+00 -1.379165489662256938e+01
4.600000000000000533e+00 -1.378993342876706762e+01
4.610000000000000320e+00 -1.378826244135737866e+01
4.620000000000000107e+00 -1.378664163081571381e+01
4.629999999999999893e+00 -1.378507068426883642e+01
4.639999999999999680e+00 -1.378354927968252497e+01
4.650000000000000355e+00 -1.378207708599998327e+01
4.660000000000000142e+00 -1.378065376328452629e+01
4.669999999999999929e+00 -1.377927896286587384e+01
4.679999999999999716e+00 -1.377795232749036103e+01
4.690000000000000391e+00 -1.377667349147453457e+01
4.700000000000000178e+00 -1.377544208086261435e+01
4.709999999999999964e+00 -1.377425771358675632e+01
4.719999999999999751e+00 -1.377311999963096412e+01
4.730000000000000426e+00 -1.377202854119756203e+01
4.740000000000000213e+00 -1.377098293287699882e+01
4.750000000000000000e+00 -1.376998276181985759e+01
4.759999999999999787e+00 -1.376902760791163161e+01
4.770000000000000462e+00 -1.376811704394981639e+01
4.780000000000000249e+00 -1.376725063582307840e+01
4.790000000000000036e+00 -1.376642794269252157e+01
4.799999999999999822e+00 -1.376564851717453308e+01
4.810000000000000497e+00 -1.376491190552547650e+01
4.820000000000000284e+00 -1.376421764782768520e+01
4.830000000000000071e+00 -1.376356527817683784e+01
4.839999999999999858e+00 -1.376295432487017045e+01
4.850000000000000533e+00 -1.376238431059583078e+01
4.860000000000000320e+00 -1.376185475262282587e+01
4.870000000000000107e+00 -1.376136516299152568e+01
4.879999999999999893e+00 -1.376091504870449711e+01
4.889999999999999680e+00 -1.376050391191763822e+01
4.900000000000000355e+00 -1.376013125013127691e+01
4.910000000000000142e+00 -1.375979655638112220e+01
4.919999999999999929e+00 -1.375949931942877669e+01
4.929999999999999716e+00 -1.375923902395229526e+01
4.940000000000000391e+00 -1.375901515073550740e+01
4.950000000000000178e+00 -1.375882717685707490e+01
4.959999999999999964e+00 -1.375867457587847298e+01
4.969999999999999751e+00 -1.375855681803094122e+01
4.980000000000000426e+00 -1.375847337040135088e+01
4.990000000000000213e+00 -1.375842369711680213e+01
5.000000000000000000e+00 -1.375840725952795474e+01
5.009999999999999787e+00 -1.375840725957888466e+01
5.020000000000000462e+00 -1.375840725963050915e+01
5.030000000000000249e+00 -1.375840725968215672e+01
5.040000000000000036e+00 -1.375840725973380962e+01
5.049999999999999822e+00 -1.375840725978542523e+01
5.060000000000000497e+00 -1.375840725983707991e+01
5.070000000000000284e+00 -1.375840725988870794e+01
5.080000000000000071e+00 -1.375840725994033420e+01
5.089999999999999858e+00 -1.375840725999196934e+01
5.100000000000000533e+00 -1.375840726004362580e+01
5.110000000000000320e+00 -1.375840726009524850e+01
5.120000000000000107e+00 -1.375840726014689963e+01
5.129999999999999893e+00 -1.375840726019855431e+01
5.139999999999999680e+00 -1.375840726025018590e+01
5.150000000000000355e+00 -1.375840726030180505e+01
5.160000000000000142e+00 -1.375840726035346862e+01
5.169999999999999929e+00 -1.375840726040509310e+01
5.179999999999999716e+00 -1.375840726045673179e+01
5.190000000000000391e+00 -1.375840726050837759e+01
5.200000000000000178e+00 -1.375840726056002339e+01
5.209999999999999964e+00 -1.375840726061166208e+01
5.219999999999999751e+00 -1.375840726066329367e+01
5.230000000000000426e+00 -1.375840726071492170e+01
5.240000000000000213e+00 -1.375840726076659237e+01
5.250000000000000000e+00 -1.375840726081821153e+01
5.259999999999999787e+00 -1.375840726086985910e+01
5.270000000000000462e+00 -1.375840726092149069e+01
5.280000000000000249e+00 -1.375840726097312050e+01
5.290000000000000036e+00 -1.375840726102478406e+01
5.299999999999999822e+00 -1.375840726107640144e+01
5.310000000000000497e+00 -1.375840726112803480e+01
5.320000000000000284e+00 -1.375840726117968593e+01
5.330000000000000071e+00 -1.375840726123133351e+01
5.339999999999999858e+00 -1.375840726128295444e+01
5.350000000000000533e+00 -1.375840726133460734e+01
5.360000000000000320e+00 -1.375840726138621761e+01
5.370000000000000107e+00 -1.375840726143786874e+01
5.379999999999999893e+00 -1.375840726148952164e+01
5.389999999999999680e+00 -1.375840726154115501e+01
5.400000000000000355e+00 -1.375840726159279370e+01
5.410000000000000142e+00 -1.375840726164443062e+01
5.419999999999999929e+00 -1.375840726169606043e+01
5.429999999999999716e+00 -1.375840726174773465e+01
5.440000000000000391e+00 -1.375840726179936091e+01
5.450000000000000178e+00 -1.375840726185101381e+01
5.459999999999999964e+00 -1.375840726190263119e+01
5.469999999999999751e+00 -1.375840726195428054e+01
5.480000000000000426e+00 -1.375840726200589792e+01
5.490000000000000213e+00 -1.375840726205753661e+01
5.500000000000000000e+00 -1.375840726210917886e+01
5.509999999999999787e+00 -1.375840726216080867e+01
5.520000000000000462e+00 -1.375840726221246157e+01
5.530000000000000249e+00 -1.375840726226409316e+01
5.540000000000000036e+00 -1.375840726231574784e+01
5.549999999999999822e+00 -1.375840726236736344e+01
5.560000000000000497e+00 -1.375840726241902878e+01
5.570000000000000284e+00 -1.375840726247065327e+01
5.580000000000000071e+00 -1.375840726252229551e+01
5.589999999999999858e+00 -1.375840726257393598e+01
5.600000000000000533e+00 -1.375840726262557467e+01
5.610000000000000320e+00 -1.375840726267722047e+01
5.620000000000000107e+00 -1.375840726272886805e+01
5.629999999999999893e+00 -1.375840726278048542e+01
5.639999999999999680e+00 -1.375840726283213655e+01
5.650000000000000355e+00 -1.375840726288375748e+01
5.660000000000000142e+00 -1.375840726293539085e+01
5.669999999999999929e+00 -1.375840726298702243e+01
5.679999999999999716e+00 -1.375840726303867889e+01
5.690000000000000391e+00 -1.375840726309032469e+01
5.700000000000000178e+00 -1.375840726314198470e+01
5.709999999999999964e+00 -1.375840726319359142e+01
5.719999999999999751e+00 -1.375840726324524788e+01
5.730000000000000426e+00 -1.375840726329686881e+01
5.740000000000000213e+00 -1.375840726334852349e+01
5.750000000000000000e+00 -1.375840726340015863e+01
5.759999999999999787e+00 -1.375840726345179021e+01
5.770000000000000462e+00 -1.375840726350342536e+01
5.780000000000000249e+00 -1.375840726355507293e+01
5.790000000000000036e+00 -1.375840726360669741e+01
5.799999999999999822e+00 -1.375840726365834854e+01
5.810000000000000497e+00 -1.375840726370998546e+01
5.820000000000000284e+00 -1.375840726376164902e+01
5.830000000000000071e+00 -1.375840726381325041e+01
5.839999999999999858e+00 -1.375840726386490331e+01
5.850000000000000533e+00 -1.375840726391656510e+01
5.860000000000000320e+00 -1.375840726396820024e+01
5.870000000000000107e+00 -1.375840726401981584e+01
5.879999999999999893e+00 -1.375840726407147407e+01
5.889999999999999680e+00 -1.375840726412310744e+01
5.900000000000000355e+00 -1.375840726417475857e+01
5.910000000000000142e+00 -1.375840726422638127e+01
5.919999999999999929e+00 -1.375840726427802352e+01
5.929999999999999716e+00 -1.375840726432964800e+01
5.940000000000000391e+00 -1.375840726438129558e+01
5.950000000000000178e+00 -1.375840726443292894e+01
5.959999999999999964e+00 -1.375840726448457652e+01
5.969999999999999751e+00 -1.375840726453620988e+01
5.980000000000000426e+00 -1.375840726458786811e+01
5.990000000000000213e+00 -1.375840726463949615e+01
6.000000000000000000e+00 -1.375840726469114195e+01
6.009999999999999787e+00 -1.375840726474277176e+01
6.020000000000000462e+00 -1.375840726479439446e+01
6.030000000000000249e+00 -1.375840726484604382e+01
6.040000000000000036e+00 -1.375840726489769494e+01
6.049999999999999822e+00 -1.375840726494932831e+01
6.060000000000000497e+00 -1.375840726500097055e+01
6.070000000000000284e+00 -1.375840726505261635e+01
6.080000000000000071e+00 -1.375840726510426926e+01
6.089999999999999858e+00 -1.375840726515588130e+01
6.100000000000000533e+00 -1.375840726520753776e+01
6.110000000000000320e+00 -1.375840726525916580e+01
6.120000000000000107e+00 -1.375840726531079028e+01
6.129999999999999893e+00 -1.375840726536245384e+01
6.140000000000000568e+00 -1.375840726541408721e+01
6.150000000000000355e+00 -1.375840726546571169e+01
6.160000000000000142e+00 -1.375840726551736459e+01
6.169999999999999929e+00 -1.375840726556899796e+01
6.179999999999999716e+00 -1.375840726562063487e+01
6.190000000000000391e+00 -1.375840726567226291e+01
6.200000000000000178e+00 -1.375840726572390693e+01
6.209999999999999964e+00 -1.375840726577554207e+01
6.219999999999999751e+00 -1.375840726582719853e+01
6.230000000000000426e+00 -1.375840726587884078e+01
6.240000000000000213e+00 -1.375840726593046703e+01
6.250000000000000000e+00 -1.375840726598211106e+01
6.259999999999999787e+00 -1.375840726603373376e+01
6.270000000000000462e+00 -1.375840726608538489e+01
6.280000000000000249e+00 -1.375840726613703069e+01
6.290000000000000036e+00 -1.375840726618866583e+01
6.299999999999999822e+00 -1.375840726624029209e+01
6.310000000000000497e+00 -1.375840726629194322e+01
6.320000000000000284e+00 -1.375840726634359790e+01
6.330000000000000071e+00 -1.375840726639522238e+01
6.339999999999999858e+00 -1.375840726644685574e+01
6.350000000000000533e+00 -1.375840726649849621e+01
6.360000000000000320e+00 -1.375840726655012247e+01
6.370000000000000107e+00 -1.375840726660178248e+01
6.379999999999999893e+00 -1.375840726665342117e+01
6.390000000000000568e+00 -1.375840726670505276e+01
6.400000000000000355e+00 -1.375840726675668257e+01
6.410000000000000142e+00 -1.375840726680833548e+01
6.419999999999999929e+00 -1.375840726685997240e+01
6.429999999999999716e+00 -1.375840726691158444e+01
6.440000000000000391e+00 -1.375840726696323735e+01
6.450000000000000178e+00 -1.375840726701489203e+01
6.459999999999999964e+00 -1.375840726706652539e+01
6.469999999999999751e+00 -1.375840726711816053e+01
6.480000000000000426e+00 -1.375840726716982587e+01
6.490000000000000213e+00 -1.375840726722143437e+01
6.500000000000000000e+00 -1.375840726727308372e+01
6.509999999999999787e+00 -1.375840726732472064e+01
6.520000000000000462e+00 -1.375840726737635222e+01
6.530000000000000249e+00 -1.375840726742800690e+01
6.540000000000000036e+00 -1.375840726747964382e+01
6.549999999999999822e+00 -1.375840726753127718e+01
6.560000000000000497e+00 -1.375840726758291588e+01
6.570000000000000284e+00 -1.375840726763455457e+01
6.580000000000000071e+00 -1.375840726768618083e+01
6.589999999999999858e+00 -1.375840726773782663e+01
6.600000000000000533e+00 -1.375840726778946355e+01
6.610000000000000320e+00 -1.375840726784110046e+01
6.620000000000000107e+00 -1.375840726789276047e+01
6.629999999999999893e+00 -1.375840726794440094e+01
6.640000000000000568e+00 -1.375840726799603608e+01
6.650000000000000355e+00 -1.375840726804766057e+01
6.660000000000000142e+00 -1.375840726809930814e+01
6.669999999999999929e+00 -1.375840726815093795e+01
6.679999999999999716e+00 -1.375840726820258908e+01
6.690000000000000391e+00 -1.375840726825421534e+01
6.700000000000000178e+00 -1.375840726830587002e+01
6.709999999999999964e+00 -1.375840726835749805e+01
6.719999999999999751e+00 -1.375840726840915096e+01
6.730000000000000426e+00 -1.375840726846077011e+01
6.740000000000000213e+00 -1.375840726851241591e+01
6.750000000000000000e+00 -1.375840726856404928e+01
6.759999999999999787e+00 -1.375840726861568619e+01
6.770000000000000462e+00 -1.375840726866732844e+01
6.780000000000000249e+00 -1.375840726871896891e+01
6.790000000000000036e+00 -1.375840726877061826e+01
6.799999999999999822e+00 -1.375840726882225162e+01
6.810000000000000497e+00 -1.375840726887389387e+01
6.820000000000000284e+00 -1.375840726892552190e+01
6.830000000000000071e+00 -1.375840726897717126e+01
6.839999999999999858e+00 -1.375840726902881705e+01
6.850000000000000533e+00 -1.375840726908044864e+01
6.860000000000000320e+00 -1.375840726913209267e+01
6.870000000000000107e+00 -1.375840726918370471e+01
6.879999999999999893e+00 -1.375840726923535584e+01
6.890000000000000568e+00 -1.375840726928700164e+01
6.900000000000000355e+00 -1.375840726933864033e+01
6.910000000000000142e+00 -1.375840726939027725e+01
6.919999999999999929e+00 -1.375840726944193726e+01
6.929999999999999716e+00 -1.375840726949357418e+01
6.940000000000000391e+00 -1.375840726954519688e+01
6.950000000000000178e+00 -1.375840726959683913e+01
6.959999999999999964e+00 -1.375840726964847249e+01
6.969999999999999751e+00 -1.375840726970010763e+01
6.980000000000000426e+00 -1.375840726975174810e+01
6.990000000000000213e+00 -1.375840726980337614e+01
7.000000000000000000e+00 -1.375840726985501838e+01
7.009999999999999787e+00 -1.375840726990666418e+01
7.020000000000000462e+00 -1.375840726995830821e+01
7.030000000000000249e+00 -1.375840727000995578e+01
7.040000000000000036e+00 -1.375840727006158204e+01
7.049999999999999822e+00 -1.375840727011323139e+01
7.060000000000000497e+00 -1.375840727016486120e+01
7.070000000000000284e+00 -1.375840727021648391e+01
7.080000000000000071e+00 -1.375840727026813681e+01
7.089999999999999858e+00 -1.375840727031978439e+01
7.100000000000000533e+00 -1.375840727037140532e+01
7.110000000000000320e+00 -1.375840727042305289e+01
7.120000000000000107e+00 -1.375840727047469869e+01
7.129999999999999893e+00 -1.375840727052633028e+01
7.140000000000000568e+00 -1.375840727057797608e+01
7.150000000000000355e+00 -1.375840727062961832e+01
7.160000000000000142e+00 -1.375840727068124636e+01
7.169999999999999929e+00 -1.375840727073290104e+01
7.179999999999999716e+00 -1.375840727078451842e+01
7.190000000000000391e+00 -1.375840727083617310e+01
7.200000000000000178e+00 -1.375840727088781712e+01
7.209999999999999964e+00 -1.375840727093945937e+01
7.219999999999999751e+00 -1.375840727099108918e+01
7.230000000000000426e+00 -1.375840727104271366e+01
7.240000000000000213e+00 -1.375840727109437367e+01
7.250000000000000000e+00 -1.375840727114601592e+01
7.259999999999999787e+00 -1.375840727119764573e+01
7.270000000000000462e+00 -1.375840727124927554e+01
7.280000000000000249e+00 -1.375840727130092134e+01
7.290000000000000036e+00 -1.375840727135255648e+01
7.299999999999999822e+00 -1.375840727140419695e+01
7.310000000000000497e+00 -1.375840727145584097e+01
7.320000000000000284e+00 -1.375840727150745124e+01
7.330000000000000071e+00 -1.375840727155912546e+01
7.339999999999999858e+00 -1.375840727161075883e+01
7.350000000000000533e+00 -1.375840727166240463e+01
7.360000000000000320e+00 -1.375840727171402555e+01
7.370000000000000107e+00 -1.375840727176566247e+01
7.379999999999999893e+00 -1.375840727181732959e+01
7.390000000000000568e+00 -1.375840727186895585e+01
7.400000000000000355e+00 -1.375840727192060164e+01
7.410000000000000142e+00 -1.375840727197223679e+01
7.419999999999999929e+00 -1.375840727202387193e+01
7.429999999999999716e+00 -1.375840727207549818e+01
7.440000000000000391e+00 -1.375840727212714754e+01
7.450000000000000178e+00 -1.375840727217880044e+01
7.459999999999999964e+00 -1.375840727223042848e+01
7.469999999999999751e+00 -1.375840727228206894e+01
7.480000000000000426e+00 -1.375840727233371119e+01
7.490000000000000213e+00 -1.375840727238534811e+01
7.500000000000000000e+00 -1.375840727243698680e+01
7.509999999999999787e+00 -1.375840727248861484e+01
7.520000000000000462e+00 -1.375840727254025708e+01
7.530000000000000249e+00 -1.375840727259189578e+01
7.540000000000000036e+00 -1.375840727264352559e+01
7.549999999999999822e+00 -1.375840727269518027e+01
7.560000000000000497e+00 -1.375840727274682251e+01
7.570000000000000284e+00 -1.375840727279844522e+01
7.580000000000000071e+00 -1.375840727285008391e+01
7.589999999999999858e+00 -1.375840727290172261e+01
7.600000000000000533e+00 -1.375840727295338439e+01
7.610000000000000320e+00 -1.375840727300500888e+01
7.620000000000000107e+00 -1.375840727305664934e+01
7.629999999999999893e+00 -1.375840727310827916e+01
7.640000000000000568e+00 -1.375840727315991963e+01
7.650000000000000355e+00 -1.375840727321156720e+01
7.660000000000000142e+00 -1.375840727326319879e+01
7.669999999999999929e+00 -1.375840727331483748e+01
7.679999999999999716e+00 -1.375840727336647085e+01
7.690000000000000391e+00 -1.375840727341811487e+01
7.700000000000000178e+00 -1.375840727346975711e+01
7.709999999999999964e+00 -1.375840727352139048e+01
7.719999999999999751e+00 -1.375840727357304338e+01
7.730000000000000426e+00 -1.375840727362466609e+01
7.740000000000000213e+00 -1.375840727367630123e+01
7.750000000000000000e+00 -1.375840727372793459e+01
7.759999999999999787e+00 -1.375840727377959460e+01
7.770000000000000462e+00 -1.375840727383123863e+01
7.780000000000000249e+00 -1.375840727388285600e+01
7.790000000000000036e+00 -1.375840727393450180e+01
7.799999999999999822e+00 -1.375840727398614227e+01
7.810000000000000497e+00 -1.375840727403778274e+01
7.820000000000000284e+00 -1.375840727408942321e+01
7.830000000000000071e+00 -1.375840727414105480e+01
7.839999999999999858e+00 -1.375840727419270593e+01
7.850000000000000533e+00 -1.375840727424434640e+01
7.860000000000000320e+00 -1.375840727429597976e+01
7.870000000000000107e+00 -1.375840727434762556e+01
7.879999999999999893e+00 -1.375840727439925004e+01
7.890000000000000568e+00 -1.375840727445089229e+01
7.900000000000000355e+00 -1.375840727450253098e+01
7.910000000000000142e+00 -1.375840727455416612e+01
7.919999999999999929e+00 -1.375840727460581192e+01
7.930000000000000604e+00 -1.375840727465744351e+01
7.940000000000000391e+00 -1.375840727470909464e+01
7.950000000000000178e+00 -1.375840727476073511e+01
7.959999999999999964e+00 -1.375840727481234893e+01
7.969999999999999751e+00 -1.375840727486401072e+01
7.980000000000000426e+00 -1.375840727491563165e+01
7.990000000000000213e+00 -1.375840727496725613e+01
8.000000000000000000e+00 -1.375840727501892857e+01
8.009999999999999787e+00 -1.375840727507056194e+01
8.019999999999999574e+00 -1.375840727512220241e+01
8.029999999999999361e+00 -1.375840727517383755e+01
8.040000000000000924e+00 -1.375840727522548690e+01
8.050000000000000711e+00 -1.375840727527711671e+01
8.060000000000000497e+00 -1.375840727532875363e+01
8.070000000000000284e+00 -1.375840727538039943e+01
8.080000000000000071e+00 -1.375840727543205055e+01
8.089999999999999858e+00 -1.375840727548368569e+01
8.099999999999999645e+00 -1.375840727553531728e+01
8.109999999999999432e+00 -1.375840727558695420e+01
8.120000000000000995e+00 -1.375840727563860177e+01
8.130000000000000782e+00 -1.375840727569022448e+01
8.140000000000000568e+00 -1.375840727574186673e+01
8.150000000000000355e+00 -1.375840727579348588e+01
8.160000000000000142e+00 -1.375840727584514944e+01
8.169999999999999929e+00 -1.375840727589681656e+01
8.179999999999999716e+00 -1.375840727594843038e+01
8.189999999999999503e+00 -1.375840727600006375e+01
8.199999999999999289e+00 -1.375840727605170244e+01
8.210000000000000853e+00 -1.375840727610334824e+01
8.220000000000000639e+00 -1.375840727615500469e+01
8.230000000000000426e+00 -1.375840727620662030e+01
8.240000000000000213e+00 -1.375840727625827142e+01
8.250000000000000000e+00 -1.375840727630991367e+01
8.259999999999999787e+00 -1.375840727636153638e+01
8.269999999999999574e+00 -1.375840727641318750e+01
8.279999999999999361e+00 -1.375840727646481909e+01
8.290000000000000924e+00 -1.375840727651646844e+01
8.300000000000000711e+00 -1.375840727656810714e+01
8.310000000000000497e+00 -1.375840727661975116e+01
8.320000000000000284e+00 -1.375840727667135432e+01
8.330000000000000071e+00 -1.375840727672302144e+01
8.339999999999999858e+00 -1.375840727677465836e+01
8.349999999999999645e+00 -1.375840727682629172e+01
8.359999999999999432e+00 -1.375840727687793752e+01
8.370000000000000995e+00 -1.375840727692957266e+01
8.380000000000000782e+00 -1.375840727698120070e+01
8.390000000000000568e+00 -1.375840727703284649e+01
8.400000000000000355e+00 -1.375840727708447986e+01
8.410000000000000142e+00 -1.375840727713613632e+01
8.419999999999999929e+00 -1.375840727718778034e+01
8.429999999999999716e+00 -1.375840727723939061e+01
8.439999999999999503e+00 -1.375840727729104529e+01
8.449999999999999289e+00 -1.375840727734268221e+01
8.460000000000000853e+00 -1.375840727739431557e+01
8.470000000000000639e+00 -1.375840727744594894e+01
8.480000000000000426e+00 -1.375840727749759473e+01
8.490000000000000213e+00 -1.375840727754924053e+01
8.500000000000000000e+00 -1.375840727760087567e+01
8.509999999999999787e+00 -1.375840727765251259e+01
8.519999999999999574e+00 -1.375840727770414773e+01
8.529999999999999361e+00 -1.375840727775580596e+01
8.540000000000000924e+00 -1.375840727780743400e+01
8.550000000000000711e+00 -1.375840727785906203e+01
8.560000000000000497e+00 -1.375840727791071316e+01
8.570000000000000284e+00 -1.375840727796234830e+01
8.580000000000000071e+00 -1.375840727801397989e+01
8.589999999999999858e+00 -1.375840727806563457e+01
8.599999999999999645e+00 -1.375840727811725728e+01
8.609999999999999432e+00 -1.375840727816889419e+01
8.620000000000000995e+00 -1.375840727822053999e+01
8.630000000000000782e+00 -1.375840727827218757e+01
8.640000000000000568e+00 -1.375840727832381383e+01
8.650000000000000355e+00 -1.375840727837545607e+01
8.660000000000000142e+00 -1.375840727842711075e+01
8.669999999999999929e+00 -1.375840727847871925e+01
8.679999999999999716e+00 -1.375840727853037038e+01
8.689999999999999503e+00 -1.375840727858202861e+01
8.700000000000001066e+00 -1.375840727863365842e+01
8.710000000000000853e+00 -1.375840727868529179e+01
8.720000000000000639e+00 -1.375840727873693758e+01
8.730000000000000426e+00 -1.375840727878856562e+01
8.740000000000000213e+00 -1.375840727884021142e+01
8.750000000000000000e+00 -1.375840727889185544e+01
8.759999999999999787e+00 -1.375840727894346927e+01
8.769999999999999574e+00 -1.375840727899513105e+01
8.779999999999999361e+00 -1.375840727904676442e+01
8.790000000000000924e+00 -1.375840727909841377e+01
8.800000000000000711e+00 -1.375840727915003470e+01
8.810000000000000497e+00 -1.375840727920168050e+01
8.820000000000000284e+00 -1.375840727925333873e+01
8.830000000000000071e+00 -1.375840727930495966e+01
8.839999999999999858e+00 -1.375840727935659480e+01
8.849999999999999645e+00 -1.375840727940825126e+01
8.859999999999999432e+00 -1.375840727945987751e+01
8.870000000000000995e+00 -1.375840727951152864e+01
8.880000000000000782e+00 -1.375840727956316201e+01
8.890000000000000568e+00 -1.375840727961479715e+01
8.900000000000000355e+00 -1.375840727966643762e+01
8.910000000000000142e+00 -1.375840727971807276e+01
8.919999999999999929e+00 -1.375840727976970967e+01
8.929999999999999716e+00 -1.375840727982135370e+01
8.939999999999999503e+00 -1.375840727987299239e+01
8.950000000000001066e+00 -1.375840727992462753e+01
8.960000000000000853e+00 -1.375840727997626090e+01
8.970000000000000639e+00 -1.375840728002790136e+01
8.980000000000000426e+00 -1.375840728007954716e+01
8.990000000000000213e+00 -1.375840728013118053e+01
9.000000000000000000e+00 -1.375840728018283698e+01
9.009999999999999787e+00 -1.375840728023445614e+01
9.019999999999999574e+00 -1.375840728028610904e+01
9.029999999999999361e+00 -1.375840728033774951e+01
9.040000000000000924e+00 -1.375840728038938110e+01
9.050000000000000711e+00 -1.375840728044101802e+01
9.060000000000000497e+00 -1.375840728049265849e+01
9.070000000000000284e+00 -1.375840728054429363e+01
9.080000000000000071e+00 -1.375840728059592877e+01
9.089999999999999858e+00 -1.375840728064756746e+01
9.099999999999999645e+00 -1.375840728069920793e+01
9.109999999999999432e+00 -1.375840728075084485e+01
9.120000000000000995e+00 -1.375840728080249242e+01
9.130000000000000782e+00 -1.375840728085412756e+01
9.140000000000000568e+00 -1.375840728090578935e+01
9.150000000000000355e+00 -1.375840728095740140e+01
9.160000000000000142e+00 -1.375840728100905075e+01
9.169999999999999929e+00 -1.375840728106068234e+01
9.179999999999999716e+00 -1.375840728111233169e+01
9.189999999999999503e+00 -1.375840728116397216e+01
9.200000000000001066e+00 -1.375840728121560197e+01
9.210000000000000853e+00 -1.375840728126723889e+01
9.220000000000000639e+00 -1.375840728131887403e+01
9.230000000000000426e+00 -1.375840728137052160e+01
9.240000000000000213e+00 -1.375840728142215497e+01
9.250000000000000000e+00 -1.375840728147380432e+01
9.259999999999999787e+00 -1.375840728152543058e+01
9.269999999999999574e+00 -1.375840728157707105e+01
9.279999999999999361e+00 -1.375840728162871152e+01
9.290000000000000924e+00 -1.375840728168036442e+01
9.300000000000000711e+00 -1.375840728173197824e+01
9.310000000000000497e+00 -1.375840728178361694e+01
9.320000000000000284e+00 -1.375840728183526807e+01
9.330000000000000071e+00 -1.375840728188690143e+01
9.339999999999999858e+00 -1.375840728193854723e+01
9.349999999999999645e+00 -1.375840728199018592e+01
9.359999999999999432e+00 -1.375840728204183350e+01
9.370000000000000995e+00 -1.375840728209344910e+01
9.380000000000000782e+00 -1.375840728214511266e+01
9.390000000000000568e+00 -1.375840728219673004e+01
9.400000000000000355e+00 -1.375840728224837584e+01
9.410000000000000142e+00 -1.375840728230001808e+01
9.419999999999999929e+00 -1.375840728235164612e+01
9.429999999999999716e+00 -1.375840728240330080e+01
9.439999999999999503e+00 -1.375840728245492173e+01
9.450000000000001066e+00 -1.375840728250657818e+01
9.460000000000000853e+00 -1.375840728255821510e+01
9.470000000000000639e+00 -1.375840728260984847e+01
9.480000000000000426e+00 -1.375840728266150137e+01
9.490000000000000213e+00 -1.375840728271313829e+01
9.500000000000000000e+00 -1.375840728276475922e+01
9.509999999999999787e+00 -1.375840728281640679e+01
9.519999999999999574e+00 -1.375840728286805259e+01
9.529999999999999361e+00 -1.375840728291969128e+01
9.540000000000000924e+00 -1.375840728297132642e+01
9.550000000000000711e+00 -1.375840728302295446e+01
9.560000000000000497e+00 -1.375840728307459315e+01
9.570000000000000284e+00 -1.375840728312624961e+01
9.580000000000000071e+00 -1.375840728317787587e+01
9.589999999999999858e+00 -1.375840728322951101e+01
9.599999999999999645e+00 -1.375840728328117457e+01
9.609999999999999432e+00 -1.375840728333279728e+01
9.620000000000000995e+00 -1.375840728338442354e+01
9.630000000000000782e+00 -1.375840728343608532e+01
9.640000000000000568e+00 -1.375840728348770803e+01
9.650000000000000355e+00 -1.375840728353936271e+01
9.660000000000000142e+00 -1.375840728359100140e+01
9.669999999999999929e+00 -1.375840728364263477e+01
9.679999999999999716e+00 -1.375840728369427701e+01
9.689999999999999503e+00 -1.375840728374591215e+01
9.700000000000001066e+00 -1.375840728379754196e+01
9.710000000000000853e+00 -1.375840728384918243e+01
9.720000000000000639e+00 -1.375840728390083356e+01
9.730000000000000426e+00 -1.375840728395247048e+01
9.740000000000000213e+00 -1.375840728400410740e+01
9.750000000000000000e+00 -1.375840728405575142e+01
9.759999999999999787e+00 -1.375840728410737590e+01
9.769999999999999574e+00 -1.375840728415902348e+01
9.779999999999999361e+00 -1.375840728421064085e+01
9.790000000000000924e+00 -1.375840728426231330e+01
9.800000000000000711e+00 -1.375840728431393245e+01
9.810000000000000497e+00 -1.375840728436556404e+01
9.820000000000000284e+00 -1.375840728441723471e+01
9.830000000000000071e+00 -1.375840728446884498e+01
9.839999999999999858e+00 -1.375840728452047834e+01
9.849999999999999645e+00 -1.375840728457212947e+01
9.859999999999999432e+00 -1.375840728462376461e+01
9.870000000000000995e+00 -1.375840728467541041e+01
9.880000000000000782e+00 -1.375840728472707042e+01
9.890000000000000568e+00 -1.375840728477868424e+01
9.900000000000000355e+00 -1.375840728483034248e+01
9.910000000000000142e+00 -1.375840728488197939e+01
9.919999999999999929e+00 -1.375840728493361098e+01
9.929999999999999716e+00 -1.375840728498525145e+01
9.939999999999999503e+00 -1.375840728503687949e+01
9.950000000000001066e+00 -1.375840728508851463e+01
9.960000000000000853e+00 -1.375840728514016575e+01
9.970000000000000639e+00 -1.375840728519181333e+01
9.980000000000000426e+00 -1.375840728524343604e+01
9.990000000000000213e+00 -1.375840728529506585e+01
