0.000000000000000000e+00 0.000000000000000000e+00
1.000000000000000021e-02 0.000000000000000000e+00
2.000000000000000042e-02 8.470329472543003391e-22
2.999999999999999889e-02 3.388131789017201356e-21
4.000000000000000083e-02 0.000000000000000000e+00
5.000000000000000278e-02 0.000000000000000000e+00
5.999999999999999778e-02 0.000000000000000000e+00
7.000000000000000666e-02 -5.421010862427522170e-20
8.000000000000000167e-02 0.000000000000000000e+00
8.999999999999999667e-02 -5.421010862427522170e-20
1.000000000000000056e-01 -1.084202172485504434e-19
1.100000000000000006e-01 -3.252606517456513302e-19
1.199999999999999956e-01 2.168404344971008868e-19
1.300000000000000044e-01 -2.168404344971008868e-19
1.400000000000000133e-01 -2.168404344971008868e-19
1.499999999999999944e-01 0.000000000000000000e+00
1.600000000000000033e-01 -4.336808689942017736e-19
1.700000000000000122e-01 -8.673617379884035472e-19
1.799999999999999933e-01 0.000000000000000000e+00
1.900000000000000022e-01 -8.673617379884035472e-19
2.000000000000000111e-01 0.000000000000000000e+00
2.099999999999999922e-01 8.673617379884035472e-19
2.200000000000000011e-01 -1.734723475976807094e-18
2.300000000000000100e-01 -2.602085213965210642e-18
2.399999999999999911e-01 -3.469446951953614189e-18
2.500000000000000000e-01 -1.734723475976807094e-18
2.600000000000000089e-01 -3.469446951953614189e-18
2.700000000000000178e-01 -3.469446951953614189e-18
2.800000000000000266e-01 -1.734723475976807094e-18
2.899999999999999800e-01 -3.469446951953614189e-18
2.999999999999999889e-01 -6.938893903907228378e-18
3.099999999999999978e-01 0.000000000000000000e+00
3.200000000000000067e-01 0.000000000000000000e+00
3.300000000000000155e-01 0.000000000000000000e+00
3.400000000000000244e-01 0.000000000000000000e+00
3.500000000000000333e-01 -6.938893903907228378e-18
3.599999999999999867e-01 -6.938893903907228378e-18
3.699999999999999956e-01 -6.938893903907228378e-18
3.800000000000000044e-01 0.000000000000000000e+00
3.900000000000000133e-01 -6.938893903907228378e-18
4.000000000000000222e-01 -6.938893903907228378e-18
4.100000000000000311e-01 0.000000000000000000e+00
4.199999999999999845e-01 -1.387778780781445676e-17
4.299999999999999933e-01 -2.081668171172168513e-17
4.400000000000000022e-01 -6.938893903907228378e-18
4.500000000000000111e-01 -6.938893903907228378e-18
4.600000000000000200e-01 -2.081668171172168513e-17
4.700000000000000289e-01 0.000000000000000000e+00
4.799999999999999822e-01 -1.387778780781445676e-17
4.899999999999999911e-01 0.000000000000000000e+00
5.000000000000000000e-01 -2.775557561562891351e-17
5.100000000000000089e-01 1.387778780781445676e-17
5.200000000000000178e-01 0.000000000000000000e+00
5.300000000000000266e-01 -2.775557561562891351e-17
5.400000000000000355e-01 -1.387778780781445676e-17
5.500000000000000444e-01 -2.775557561562891351e-17
5.600000000000000533e-01 -1.387778780781445676e-17
5.700000000000000622e-01 -2.775557561562891351e-17
5.799999999999999600e-01 -2.775557561562891351e-17
5.899999999999999689e-01 -1.387778780781445676e-17
5.999999999999999778e-01 -2.775557561562891351e-17
6.099999999999999867e-01 -5.551115123125782702e-17
6.199999999999999956e-01 -2.775557561562891351e-17
6.300000000000000044e-01 -8.326672684688674053e-17
6.400000000000000133e-01 0.000000000000000000e+00
6.500000000000000222e-01 -5.551115123125782702e-17
6.600000000000000311e-01 -2.775557561562891351e-17
6.700000000000000400e-01 -2.775557561562891351e-17
6.800000000000000488e-01 0.000000000000000000e+00
6.900000000000000577e-01 0.000000000000000000e+00
7.000000000000000666e-01 0.000000000000000000e+00
7.099999999999999645e-01 0.000000000000000000e+00
7.199999999999999734e-01 -5.551115123125782702e-17
7.299999999999999822e-01 -5.551115123125782702e-17
7.399999999999999911e-01 -5.551115123125782702e-17
7.500000000000000000e-01 -5.551115123125782702e-17
7.600000000000000089e-01 2.775557561562891351e-17
7.700000000000000178e-01 -5.551115123125782702e-17
7.800000000000000266e-01 0.000000000000000000e+00
7.900000000000000355e-01 -1.110223024625156540e-16
8.000000000000000444e-01 -1.110223024625156540e-16
8.100000000000000533e-01 0.000000000000000000e+00
8.200000000000000622e-01 -5.551115123125782702e-17
8.300000000000000711e-01 5.551115123125782702e-17
8.399999999999999689e-01 -1.110223024625156540e-16
8.499999999999999778e-01 5.551115123125782702e-17
8.599999999999999867e-01 -5.551115123125782702e-17
8.699999999999999956e-01 0.000000000000000000e+00
8.800000000000000044e-01 -5.551115123125782702e-17
8.900000000000000133e-01 0.000000000000000000e+00
9.000000000000000222e-01 -1.110223024625156540e-16
9.100000000000000311e-01 -1.110223024625156540e-16
9.200000000000000400e-01 0.000000000000000000e+00
9.300000000000000488e-01 -1.110223024625156540e-16
9.400000000000000577e-01 -1.110223024625156540e-16
9.500000000000000666e-01 -1.665334536937734811e-16
9.599999999999999645e-01 0.000000000000000000e+00
9.699999999999999734e-01 -5.551115123125782702e-17
9.799999999999999822e-01 -1.110223024625156540e-16
9.899999999999999911e-01 0.000000000000000000e+00
1.000000000000000000e+00 -2.220446049250313081e-16
1.010000000000000009e+00 0.000000000000000000e+00
1.020000000000000018e+00 -1.110223024625156540e-16
1.030000000000000027e+00 0.000000000000000000e+00
1.040000000000000036e+00 -1.110223024625156540e-16
1.050000000000000044e+00 0.000000000000000000e+00
1.060000000000000053e+00 0.000000000000000000e+00
1.070000000000000062e+00 0.000000000000000000e+00
1.080000000000000071e+00 0.000000000000000000e+00
1.090000000000000080e+00 -2.220446049250313081e-16
1.100000000000000089e+00 -1.110223024625156540e-16
1.110000000000000098e+00 2.220446049250313081e-16
1.120000000000000107e+00 -2.220446049250313081e-16
1.130000000000000115e+00 0.000000000000000000e+00
1.140000000000000124e+00 -1.110223024625156540e-16
1.150000000000000133e+00 -2.220446049250313081e-16
1.159999999999999920e+00 -4.440892098500626162e-16
1.169999999999999929e+00 0.000000000000000000e+00
1.179999999999999938e+00 -1.110223024625156540e-16
1.189999999999999947e+00 -3.330669073875469621e-16
1.199999999999999956e+00 1.110223024625156540e-16
1.209999999999999964e+00 -1.110223024625156540e-16
1.219999999999999973e+00 -2.220446049250313081e-16
1.229999999999999982e+00 0.000000000000000000e+00
1.239999999999999991e+00 -1.110223024625156540e-16
1.250000000000000000e+00 -2.220446049250313081e-16
1.260000000000000009e+00 0.000000000000000000e+00
1.270000000000000018e+00 -1.110223024625156540e-16
1.280000000000000027e+00 -2.220446049250313081e-16
1.290000000000000036e+00 0.000000000000000000e+00
1.300000000000000044e+00 -3.330669073875469621e-16
1.310000000000000053e+00 0.000000000000000000e+00
1.320000000000000062e+00 1.110223024625156540e-16
1.330000000000000071e+00 0.000000000000000000e+00
1.340000000000000080e+00 -2.220446049250313081e-16
1.350000000000000089e+00 -5.551115123125782702e-16
1.360000000000000098e+00 -2.220446049250313081e-16
1.370000000000000107e+00 0.000000000000000000e+00
1.380000000000000115e+00 -4.440892098500626162e-16
1.390000000000000124e+00 -4.440892098500626162e-16
1.400000000000000133e+00 0.000000000000000000e+00
1.409999999999999920e+00 1.110223024625156540e-16
1.419999999999999929e+00 -4.440892098500626162e-16
1.429999999999999938e+00 -2.220446049250313081e-16
1.439999999999999947e+00 0.000000000000000000e+00
1.449999999999999956e+00 0.000000000000000000e+00
1.459999999999999964e+00 0.000000000000000000e+00
1.469999999999999973e+00 -2.220446049250313081e-16
1.479999999999999982e+00 -4.440892098500626162e-16
1.489999999999999991e+00 0.000000000000000000e+00
1.500000000000000000e+00 -2.220446049250313081e-16
1.510000000000000009e+00 0.000000000000000000e+00
1.520000000000000018e+00 -4.440892098500626162e-16
1.530000000000000027e+00 -4.440892098500626162e-16
1.540000000000000036e+00 -4.440892098500626162e-16
1.550000000000000044e+00 -4.440892098500626162e-16
1.560000000000000053e+00 -5.551115123125782702e-16
1.570000000000000062e+00 -3.330669073875469621e-16
1.580000000000000071e+00 -4.440892098500626162e-16
1.590000000000000080e+00 -3.330669073875469621e-16
1.600000000000000089e+00 -3.330669073875469621e-16
1.610000000000000098e+00 -4.440892098500626162e-16
1.620000000000000107e+00 0.000000000000000000e+00
1.630000000000000115e+00 -3.330669073875469621e-16
1.640000000000000124e+00 2.220446049250313081e-16
1.650000000000000133e+00 -2.220446049250313081e-16
1.660000000000000142e+00 -3.330669073875469621e-16
1.669999999999999929e+00 -2.220446049250313081e-16
1.679999999999999938e+00 -2.220446049250313081e-16
1.689999999999999947e+00 -2.220446049250313081e-16
1.699999999999999956e+00 -4.440892098500626162e-16
1.709999999999999964e+00 -1.110223024625156540e-16
1.719999999999999973e+00 -1.110223024625156540e-16
1.729999999999999982e+00 -6.661338147750939243e-16
1.739999999999999991e+00 -2.220446049250313081e-16
1.750000000000000000e+00 -4.440892098500626162e-16
1.760000000000000009e+00 -2.220446049250313081e-16
1.770000000000000018e+00 -1.110223024625156540e-16
1.780000000000000027e+00 -5.551115123125782702e-16
1.790000000000000036e+00 -3.330669073875469621e-16
1.800000000000000044e+00 -4.440892098500626162e-16
1.810000000000000053e+00 -1.110223024625156540e-16
1.820000000000000062e+00 -3.330669073875469621e-16
1.830000000000000071e+00 -4.440892098500626162e-16
1.840000000000000080e+00 -4.440892098500626162e-16
1.850000000000000089e+00 -5.551115123125782702e-16
1.860000000000000098e+00 -1.110223024625156540e-16
1.870000000000000107e+00 -3.330669073875469621e-16
1.880000000000000115e+00 -4.440892098500626162e-16
1.890000000000000124e+00 -2.775557561562891351e-16
1.900000000000000133e+00 -3.330669073875469621e-16
1.910000000000000142e+00 -2.775557561562891351e-16
1.919999999999999929e+00 -2.220446049250313081e-16
1.929999999999999938e+00 -3.330669073875469621e-16
1.939999999999999947e+00 -3.330669073875469621e-16
1.949999999999999956e+00 -3.330669073875469621e-16
1.959999999999999964e+00 -4.440892098500626162e-16
1.969999999999999973e+00 -1.110223024625156540e-16
1.979999999999999982e+00 -2.220446049250313081e-16
1.989999999999999991e+00 -2.220446049250313081e-16
2.000000000000000000e+00 -2.775557561562891351e-16
2.010000000000000231e+00 -4.996003610813204432e-16
2.020000000000000018e+00 -3.330669073875469621e-16
2.030000000000000249e+00 -3.330669073875469621e-16
2.040000000000000036e+00 -2.081668171172168513e-16
2.049999999999999822e+00 -3.053113317719180486e-16
2.060000000000000053e+00 -3.330669073875469621e-16
2.069999999999999840e+00 -2.775557561562891351e-16
2.080000000000000071e+00 -3.122502256758252770e-16
2.089999999999999858e+00 -3.538835890992686473e-16
2.100000000000000089e+00 -2.983724378680108202e-16
2.109999999999999876e+00 -4.128641872824800885e-16
2.120000000000000107e+00 -5.724587470723463412e-16
2.129999999999999893e+00 -3.087807787238716628e-16
2.140000000000000124e+00 -3.261280134836397337e-16
2.149999999999999911e+00 -3.122502256758252770e-16
2.160000000000000142e+00 -4.718447854656915297e-16
2.169999999999999929e+00 -3.330669073875469621e-16
2.180000000000000160e+00 -4.163336342344337027e-16
2.189999999999999947e+00 -1.942890293094023946e-16
2.200000000000000178e+00 -3.330669073875469621e-16
2.209999999999999964e+00 -4.024558464266192459e-16
2.220000000000000195e+00 -4.163336342344337027e-16
2.229999999999999982e+00 -3.330669073875469621e-16
2.240000000000000213e+00 -3.330669073875469621e-16
2.250000000000000000e+00 -1.665334536937734811e-16
2.260000000000000231e+00 -4.440892098500626162e-16
2.270000000000000018e+00 -1.942890293094023946e-16
2.280000000000000249e+00 -3.608224830031758756e-16
2.290000000000000036e+00 -4.996003610813204432e-16
2.300000000000000266e+00 -3.053113317719180486e-16
2.310000000000000053e+00 -3.885780586188047891e-16
2.319999999999999840e+00 -2.775557561562891351e-16
2.330000000000000071e+00 -2.636779683484746784e-16
2.339999999999999858e+00 -3.885780586188047891e-16
2.350000000000000089e+00 -3.608224830031758756e-16
2.359999999999999876e+00 -4.440892098500626162e-16
2.370000000000000107e+00 -2.081668171172168513e-16
2.379999999999999893e+00 -3.330669073875469621e-16
2.390000000000000124e+00 -3.191891195797325054e-16
2.399999999999999911e+00 -1.665334536937734811e-16
2.410000000000000142e+00 -3.330669073875469621e-16
2.419999999999999929e+00 -3.053113317719180486e-16
2.430000000000000160e+00 -5.065392549852276716e-16
2.439999999999999947e+00 -4.440892098500626162e-16
2.450000000000000178e+00 -3.400058012914541905e-16
2.459999999999999964e+00 -3.053113317719180486e-16
2.470000000000000195e+00 -4.440892098500626162e-16
2.479999999999999982e+00 -2.307182223049153436e-16
2.490000000000000213e+00 -2.853620117981847670e-16
2.500000000000000000e+00 -2.844946500601963635e-16
2.510000000000000231e+00 -4.267419750902945452e-16
2.520000000000000018e+00 -3.747002708109903324e-16
2.530000000000000249e+00 -3.053113317719180486e-16
2.540000000000000036e+00 -3.608224830031758756e-16
2.550000000000000266e+00 -3.608224830031758756e-16
2.560000000000000053e+00 -2.636779683484746784e-16
2.569999999999999840e+00 -3.747002708109903324e-16
2.580000000000000071e+00 -3.885780586188047891e-16
2.589999999999999858e+00 -2.775557561562891351e-16
2.600000000000000089e+00 -2.775557561562891351e-16
2.609999999999999876e+00 -2.914335439641035919e-16
2.620000000000000107e+00 -2.914335439641035919e-16
2.629999999999999893e+00 -3.330669073875469621e-16
2.640000000000000124e+00 -3.330669073875469621e-16
2.649999999999999911e+00 -3.330669073875469621e-16
2.660000000000000142e+00 -4.163336342344337027e-16
2.669999999999999929e+00 -3.053113317719180486e-16
2.680000000000000160e+00 -3.330669073875469621e-16
2.689999999999999947e+00 -3.330669073875469621e-16
2.700000000000000178e+00 -2.775557561562891351e-16
2.709999999999999964e+00 -3.053113317719180486e-16
2.720000000000000195e+00 -3.330669073875469621e-16
2.729999999999999982e+00 -3.053113317719180486e-16
2.740000000000000213e+00 -3.608224830031758756e-16
2.750000000000000000e+00 -3.330669073875469621e-16
2.760000000000000231e+00 -2.775557561562891351e-16
2.770000000000000018e+00 -2.775557561562891351e-16
2.780000000000000249e+00 -3.330669073875469621e-16
2.790000000000000036e+00 -3.053113317719180486e-16
2.800000000000000266e+00 -3.330669073875469621e-16
2.810000000000000053e+00 -3.330669073875469621e-16
2.819999999999999840e+00 -3.330669073875469621e-16
2.830000000000000071e+00 -3.330669073875469621e-16
2.839999999999999858e+00 -2.775557561562891351e-16
2.850000000000000089e+00 -2.775557561562891351e-16
2.859999999999999876e+00 -2.775557561562891351e-16
2.870000000000000107e+00 -3.330669073875469621e-16
2.879999999999999893e+00 -3.053113317719180486e-16
2.890000000000000124e+00 -3.191891195797325054e-16
2.899999999999999911e+00 -2.359223927328457648e-16
2.910000000000000142e+00 -3.330669073875469621e-16
2.919999999999999929e+00 -2.775557561562891351e-16
2.930000000000000160e+00 -2.775557561562891351e-16
2.939999999999999947e+00 -2.220446049250313081e-16
2.950000000000000178e+00 -2.498001805406602216e-16
2.959999999999999964e+00 -2.498001805406602216e-16
2.970000000000000195e+00 -2.359223927328457648e-16
2.979999999999999982e+00 -2.914335439641035919e-16
2.990000000000000213e+00 -1.977584762613560088e-16
3.000000000000000000e+00 -2.723515857283587138e-16
3.010000000000000231e+00 -2.402592014227877826e-16
3.020000000000000018e+00 -2.584737979205442571e-16
3.030000000000000249e+00 -1.873501354054951662e-16
3.040000000000000036e+00 -2.220446049250313081e-16
3.050000000000000266e+00 -2.359223927328457648e-16
3.060000000000000053e+00 -2.498001805406602216e-16
3.070000000000000284e+00 -1.804112415015879378e-16
3.080000000000000071e+00 -1.110223024625156540e-16
3.089999999999999858e+00 -2.359223927328457648e-16
3.100000000000000089e+00 -2.081668171172168513e-16
3.109999999999999876e+00 -1.942890293094023946e-16
3.120000000000000107e+00 -2.220446049250313081e-16
3.129999999999999893e+00 -1.665334536937734811e-16
3.140000000000000124e+00 -2.220446049250313081e-16
3.149999999999999911e+00 -1.387778780781445676e-16
3.160000000000000142e+00 -1.942890293094023946e-16
3.169999999999999929e+00 -1.942890293094023946e-16
3.180000000000000160e+00 -1.387778780781445676e-16
3.189999999999999947e+00 -1.942890293094023946e-16
3.200000000000000178e+00 -1.110223024625156540e-16
3.209999999999999964e+00 -2.775557561562891351e-16
3.220000000000000195e+00 -1.110223024625156540e-16
3.229999999999999982e+00 -2.220446049250313081e-16
3.240000000000000213e+00 -3.330669073875469621e-16
3.250000000000000000e+00 -1.110223024625156540e-16
3.260000000000000231e+00 -2.220446049250313081e-16
3.270000000000000018e+00 -2.220446049250313081e-16
3.280000000000000249e+00 -2.220446049250313081e-16
3.290000000000000036e+00 -2.220446049250313081e-16
3.300000000000000266e+00 -1.110223024625156540e-16
3.310000000000000053e+00 -2.220446049250313081e-16
3.320000000000000284e+00 0.000000000000000000e+00
3.330000000000000071e+00 -5.551115123125782702e-17
3.339999999999999858e+00 -2.220446049250313081e-16
3.350000000000000089e+00 -1.110223024625156540e-16
3.359999999999999876e+00 -1.110223024625156540e-16
3.370000000000000107e+00 -5.551115123125782702e-17
3.379999999999999893e+00 -1.110223024625156540e-16
3.390000000000000124e+00 -1.665334536937734811e-16
3.399999999999999911e+00 0.000000000000000000e+00
3.410000000000000142e+00 0.000000000000000000e+00
3.419999999999999929e+00 -1.110223024625156540e-16
3.430000000000000160e+00 -1.110223024625156540e-16
3.439999999999999947e+00 5.551115123125782702e-17
3.450000000000000178e+00 -1.110223024625156540e-16
3.459999999999999964e+00 0.000000000000000000e+00
3.470000000000000195e+00 -5.551115123125782702e-17
3.479999999999999982e+00 -1.665334536937734811e-16
3.490000000000000213e+00 -1.110223024625156540e-16
3.500000000000000000e+00 1.110223024625156540e-16
3.510000000000000231e+00 0.000000000000000000e+00
3.520000000000000018e+00 1.665334536937734811e-16
3.530000000000000249e+00 -1.665334536937734811e-16
3.540000000000000036e+00 -5.551115123125782702e-17
3.550000000000000266e+00 0.000000000000000000e+00
3.560000000000000053e+00 0.000000000000000000e+00
3.570000000000000284e+00 -1.110223024625156540e-16
3.580000000000000071e+00 -2.220446049250313081e-16
3.589999999999999858e+00 0.000000000000000000e+00
3.600000000000000089e+00 -4.440892098500626162e-16
3.609999999999999876e+00 -1.110223024625156540e-16
3.620000000000000107e+00 0.000000000000000000e+00
3.629999999999999893e+00 -1.110223024625156540e-16
3.640000000000000124e+00 0.000000000000000000e+00
3.649999999999999911e+00 0.000000000000000000e+00
3.660000000000000142e+00 -2.220446049250313081e-16
3.669999999999999929e+00 -1.110223024625156540e-16
3.680000000000000160e+00 -1.110223024625156540e-16
3.689999999999999947e+00 0.000000000000000000e+00
3.700000000000000178e+00 0.000000000000000000e+00
3.709999999999999964e+00 1.110223024625156540e-16
3.720000000000000195e+00 -2.220446049250313081e-16
3.729999999999999982e+00 -2.220446049250313081e-16
3.740000000000000213e+00 0.000000000000000000e+00
3.750000000000000000e+00 -2.220446049250313081e-16
3.760000000000000231e+00 0.000000000000000000e+00
3.770000000000000018e+00 -2.220446049250313081e-16
3.780000000000000249e+00 -1.110223024625156540e-16
3.790000000000000036e+00 -2.220446049250313081e-16
3.800000000000000266e+00 0.000000000000000000e+00
3.810000000000000053e+00 0.000000000000000000e+00
3.820000000000000284e+00 1.110223024625156540e-16
3.830000000000000071e+00 5.551115123125782702e-17
3.839999999999999858e+00 -1.110223024625156540e-16
3.850000000000000089e+00 -5.551115123125782702e-17
3.859999999999999876e+00 0.000000000000000000e+00
3.870000000000000107e+00 -1.110223024625156540e-16
3.879999999999999893e+00 -2.220446049250313081e-16
3.890000000000000124e+00 1.665334536937734811e-16
3.899999999999999911e+00 1.110223024625156540e-16
3.910000000000000142e+00 -5.551115123125782702e-17
3.919999999999999929e+00 -1.110223024625156540e-16
3.930000000000000160e+00 5.551115123125782702e-17
3.939999999999999947e+00 -5.551115123125782702e-17
3.950000000000000178e+00 0.000000000000000000e+00
3.959999999999999964e+00 0.000000000000000000e+00
3.970000000000000195e+00 5.551115123125782702e-17
3.979999999999999982e+00 0.000000000000000000e+00
3.990000000000000213e+00 -5.551115123125782702e-17
4.000000000000000000e+00 -5.551115123125782702e-17
4.009999999999999787e+00 -5.551115123125782702e-17
4.020000000000000462e+00 5.551115123125782702e-17
4.030000000000000249e+00 0.000000000000000000e+00
4.040000000000000036e+00 0.000000000000000000e+00
4.049999999999999822e+00 1.110223024625156540e-16
4.060000000000000497e+00 1.110223024625156540e-16
4.070000000000000284e+00 5.551115123125782702e-17
4.080000000000000071e+00 0.000000000000000000e+00
4.089999999999999858e+00 -1.110223024625156540e-16
4.099999999999999645e+00 0.000000000000000000e+00
4.110000000000000320e+00 -1.110223024625156540e-16
4.120000000000000107e+00 0.000000000000000000e+00
4.129999999999999893e+00 0.000000000000000000e+00
4.139999999999999680e+00 5.551115123125782702e-17
4.150000000000000355e+00 0.000000000000000000e+00
4.160000000000000142e+00 5.551115123125782702e-17
4.169999999999999929e+00 -5.551115123125782702e-17
4.179999999999999716e+00 0.000000000000000000e+00
4.190000000000000391e+00 0.000000000000000000e+00
4.200000000000000178e+00 -5.551115123125782702e-17
4.209999999999999964e+00 5.551115123125782702e-17
4.219999999999999751e+00 0.000000000000000000e+00
4.230000000000000426e+00 0.000000000000000000e+00
4.240000000000000213e+00 5.551115123125782702e-17
4.250000000000000000e+00 -5.551115123125782702e-17
4.259999999999999787e+00 0.000000000000000000e+00
4.270000000000000462e+00 5.551115123125782702e-17
4.280000000000000249e+00 0.000000000000000000e+00
4.290000000000000036e+00 -5.551115123125782702e-17
4.299999999999999822e+00 0.000000000000000000e+00
4.310000000000000497e+00 -5.551115123125782702e-17
4.320000000000000284e+00 5.551115123125782702e-17
4.330000000000000071e+00 1.110223024625156540e-16
4.339999999999999858e+00 0.000000000000000000e+00
4.350000000000000533e+00 1.110223024625156540e-16
4.360000000000000320e+00 5.551115123125782702e-17
4.370000000000000107e+00 1.110223024625156540e-16
4.379999999999999893e+00 0.000000000000000000e+00
4.389999999999999680e+00 0.000000000000000000e+00
4.400000000000000355e+00 -1.110223024625156540e-16
4.410000000000000142e+00 0.000000000000000000e+00
4.419999999999999929e+00 0.000000000000000000e+00
4.429999999999999716e+00 0.000000000000000000e+00
4.440000000000000391e+00 0.000000000000000000e+00
4.450000000000000178e+00 -5.551115123125782702e-17
4.459999999999999964e+00 1.110223024625156540e-16
4.469999999999999751e+00 -5.551115123125782702e-17
4.480000000000000426e+00 0.000000000000000000e+00
4.490000000000000213e+00 5.551115123125782702e-17
4.500000000000000000e+00 0.000000000000000000e+00
4.509999999999999787e+00 -5.551115123125782702e-17
4.520000000000000462e+00 5.551115123125782702e-17
4.530000000000000249e+00 -5.551115123125782702e-17
4.540000000000000036e+00 -5.551115123125782702e-17
4.549999999999999822e+00 0.000000000000000000e+00
4.560000000000000497e+00 -1.110223024625156540e-16
4.570000000000000284e+00 1.110223024625156540e-16
4.580000000000000071e+00 1.110223024625156540e-16
4.589999999999999858e+00 1.110223024625156540e-16
4.600000000000000533e+00 5.551115123125782702e-17
4.610000000000000320e+00 0.000000000000000000e+00
4.620000000000000107e+00 5.551115123125782702e-17
4.629999999999999893e+00 -5.551115123125782702e-17
4.639999999999999680e+00 1.110223024625156540e-16
4.650000000000000355e+00 0.000000000000000000e+00
4.660000000000000142e+00 5.551115123125782702e-17
4.669999999999999929e+00 0.000000000000000000e+00
4.679999999999999716e+00 1.110223024625156540e-16
4.690000000000000391e+00 -1.110223024625156540e-16
4.700000000000000178e+00 0.000000000000000000e+00
4.709999999999999964e+00 0.000000000000000000e+00
4.719999999999999751e+00 0.000000000000000000e+00
4.730000000000000426e+00 0.000000000000000000e+00
4.740000000000000213e+00 1.110223024625156540e-16
4.750000000000000000e+00 0.000000000000000000e+00
4.759999999999999787e+00 0.000000000000000000e+00
4.770000000000000462e+00 0.000000000000000000e+00
4.780000000000000249e+00 0.000000000000000000e+00
4.790000000000000036e+00 0.000000000000000000e+00
4.799999999999999822e+00 5.551115123125782702e-17
4.810000000000000497e+00 -1.110223024625156540e-16
4.820000000000000284e+00 -1.110223024625156540e-16
4.830000000000000071e+00 5.551115123125782702e-17
4.839999999999999858e+00 5.551115123125782702e-17
4.850000000000000533e+00 -1.110223024625156540e-16
4.860000000000000320e+00 0.000000000000000000e+00
4.870000000000000107e+00 0.000000000000000000e+00
4.879999999999999893e+00 5.551115123125782702e-17
4.889999999999999680e+00 0.000000000000000000e+00
4.900000000000000355e+00 0.000000000000000000e+00
4.910000000000000142e+00 1.110223024625156540e-16
4.919999999999999929e+00 0.000000000000000000e+00
4.929999999999999716e+00 0.000000000000000000e+00
4.940000000000000391e+00 5.551115123125782702e-17
4.950000000000000178e+00 5.551115123125782702e-17
4.959999999999999964e+00 -1.110223024625156540e-16
4.969999999999999751e+00 0.000000000000000000e+00
4.980000000000000426e+00 5.551115123125782702e-17
4.990000000000000213e+00 0.000000000000000000e+00
5.000000000000000000e+00 0.000000000000000000e+00
5.009999999999999787e+00 0.000000000000000000e+00
5.020000000000000462e+00 -5.551115123125782702e-17
5.030000000000000249e+00 -5.551115123125782702e-17
5.040000000000000036e+00 -5.551115123125782702e-17
5.049999999999999822e+00 -1.110223024625156540e-16
5.060000000000000497e+00 -5.551115123125782702e-17
5.070000000000000284e+00 5.551115123125782702e-17
5.080000000000000071e+00 0.000000000000000000e+00
5.089999999999999858e+00 5.551115123125782702e-17
5.100000000000000533e+00 0.000000000000000000e+00
5.110000000000000320e+00 -1.110223024625156540e-16
5.120000000000000107e+00 0.000000000000000000e+00
5.129999999999999893e+00 5.551115123125782702e-17
5.139999999999999680e+00 5.551115123125782702e-17
5.150000000000000355e+00 0.000000000000000000e+00
5.160000000000000142e+00 0.000000000000000000e+00
5.169999999999999929e+00 5.551115123125782702e-17
5.179999999999999716e+00 1.110223024625156540e-16
5.190000000000000391e+00 5.551115123125782702e-17
5.200000000000000178e+00 0.000000000000000000e+00
5.209999999999999964e+00 1.110223024625156540e-16
5.219999999999999751e+00 0.000000000000000000e+00
5.230000000000000426e+00 -1.110223024625156540e-16
5.240000000000000213e+00 1.110223024625156540e-16
5.250000000000000000e+00 1.110223024625156540e-16
5.259999999999999787e+00 -1.110223024625156540e-16
5.270000000000000462e+00 0.000000000000000000e+00
5.280000000000000249e+00 0.000000000000000000e+00
5.290000000000000036e+00 5.551115123125782702e-17
5.299999999999999822e+00 0.000000000000000000e+00
5.310000000000000497e+00 0.000000000000000000e+00
5.320000000000000284e+00 1.110223024625156540e-16
5.330000000000000071e+00 -5.551115123125782702e-17
5.339999999999999858e+00 1.110223024625156540e-16
5.350000000000000533e+00 1.110223024625156540e-16
5.360000000000000320e+00 0.000000000000000000e+00
5.370000000000000107e+00 -1.110223024625156540e-16
5.379999999999999893e+00 0.000000000000000000e+00
5.389999999999999680e+00 5.551115123125782702e-17
5.400000000000000355e+00 0.000000000000000000e+00
5.410000000000000142e+00 0.000000000000000000e+00
5.419999999999999929e+00 0.000000000000000000e+00
5.429999999999999716e+00 1.110223024625156540e-16
5.440000000000000391e+00 5.551115123125782702e-17
5.450000000000000178e+00 -5.551115123125782702e-17
5.459999999999999964e+00 1.110223024625156540e-16
5.469999999999999751e+00 5.551115123125782702e-17
5.480000000000000426e+00 5.551115123125782702e-17
5.490000000000000213e+00 5.551115123125782702e-17
5.500000000000000000e+00 0.000000000000000000e+00
5.509999999999999787e+00 0.000000000000000000e+00
5.520000000000000462e+00 0.000000000000000000e+00
5.530000000000000249e+00 -1.110223024625156540e-16
5.540000000000000036e+00 5.551115123125782702e-17
5.549999999999999822e+00 1.110223024625156540e-16
5.560000000000000497e+00 5.551115123125782702e-17
5.570000000000000284e+00 1.110223024625156540e-16
5.580000000000000071e+00 1.110223024625156540e-16
5.589999999999999858e+00 -5.551115123125782702e-17
5.600000000000000533e+00 0.000000000000000000e+00
5.610000000000000320e+00 -5.551115123125782702e-17
5.620000000000000107e+00 1.110223024625156540e-16
5.629999999999999893e+00 5.551115123125782702e-17
5.639999999999999680e+00 1.110223024625156540e-16
5.650000000000000355e+00 5.551115123125782702e-17
5.660000000000000142e+00 0.000000000000000000e+00
5.669999999999999929e+00 0.000000000000000000e+00
5.679999999999999716e+00 5.551115123125782702e-17
5.690000000000000391e+00 1.110223024625156540e-16
5.700000000000000178e+00 -5.551115123125782702e-17
5.709999999999999964e+00 5.551115123125782702e-17
5.719999999999999751e+00 0.000000000000000000e+00
5.730000000000000426e+00 1.110223024625156540e-16
5.740000000000000213e+00 5.551115123125782702e-17
5.750000000000000000e+00 0.000000000000000000e+00
5.759999999999999787e+00 0.000000000000000000e+00
5.770000000000000462e+00 -5.551115123125782702e-17
5.780000000000000249e+00 0.000000000000000000e+00
5.790000000000000036e+00 5.551115123125782702e-17
5.799999999999999822e+00 0.000000000000000000e+00
5.810000000000000497e+00 0.000000000000000000e+00
5.820000000000000284e+00 5.551115123125782702e-17
5.830000000000000071e+00 0.000000000000000000e+00
5.839999999999999858e+00 0.000000000000000000e+00
5.850000000000000533e+00 0.000000000000000000e+00
5.860000000000000320e+00 2.220446049250313081e-16
5.870000000000000107e+00 5.551115123125782702e-17
5.879999999999999893e+00 1.110223024625156540e-16
5.889999999999999680e+00 1.110223024625156540e-16
5.900000000000000355e+00 0.000000000000000000e+00
5.910000000000000142e+00 0.000000000000000000e+00
5.919999999999999929e+00 5.551115123125782702e-17
5.929999999999999716e+00 1.110223024625156540e-16
5.940000000000000391e+00 0.000000000000000000e+00
5.950000000000000178e+00 5.551115123125782702e-17
5.959999999999999964e+00 0.000000000000000000e+00
5.969999999999999751e+00 5.551115123125782702e-17
5.980000000000000426e+00 5.551115123125782702e-17
5.990000000000000213e+00 0.000000000000000000e+00
6.000000000000000000e+00 0.000000000000000000e+00
6.009999999999999787e+00 5.551115123125782702e-17
6.020000000000000462e+00 -5.551115123125782702e-17
6.030000000000000249e+00 1.110223024625156540e-16
6.040000000000000036e+00 5.551115123125782702e-17
6.049999999999999822e+00 0.000000000000000000e+00
6.060000000000000497e+00 1.665334536937734811e-16
6.070000000000000284e+00 0.000000000000000000e+00
6.080000000000000071e+00 1.110223024625156540e-16
6.089999999999999858e+00 -5.551115123125782702e-17
6.100000000000000533e+00 -5.551115123125782702e-17
6.110000000000000320e+00 -5.551115123125782702e-17
6.120000000000000107e+00 0.000000000000000000e+00
6.129999999999999893e+00 5.551115123125782702e-17
6.140000000000000568e+00 0.000000000000000000e+00
6.150000000000000355e+00 0.000000000000000000e+00
6.160000000000000142e+00 5.551115123125782702e-17
6.169999999999999929e+00 1.110223024625156540e-16
6.179999999999999716e+00 0.000000000000000000e+00
6.190000000000000391e+00 5.551115123125782702e-17
6.200000000000000178e+00 1.110223024625156540e-16
6.209999999999999964e+00 5.551115123125782702e-17
6.219999999999999751e+00 0.000000000000000000e+00
6.230000000000000426e+00 5.551115123125782702e-17
6.240000000000000213e+00 0.000000000000000000e+00
6.250000000000000000e+00 0.000000000000000000e+00
6.259999999999999787e+00 5.551115123125782702e-17
6.270000000000000462e+00 0.000000000000000000e+00
6.280000000000000249e+00 -5.551115123125782702e-17
6.290000000000000036e+00 1.110223024625156540e-16
6.299999999999999822e+00 5.551115123125782702e-17
6.310000000000000497e+00 5.551115123125782702e-17
6.320000000000000284e+00 1.110223024625156540e-16
6.330000000000000071e+00 1.110223024625156540e-16
6.339999999999999858e+00 0.000000000000000000e+00
6.350000000000000533e+00 0.000000000000000000e+00
6.360000000000000320e+00 0.000000000000000000e+00
6.370000000000000107e+00 5.551115123125782702e-17
6.379999999999999893e+00 0.000000000000000000e+00
6.390000000000000568e+00 1.110223024625156540e-16
6.400000000000000355e+00 -5.551115123125782702e-17
6.410000000000000142e+00 0.000000000000000000e+00
6.419999999999999929e+00 1.110223024625156540e-16
6.429999999999999716e+00 0.000000000000000000e+00
6.440000000000000391e+00 5.551115123125782702e-17
6.450000000000000178e+00 5.551115123125782702e-17
6.459999999999999964e+00 1.110223024625156540e-16
6.469999999999999751e+00 0.000000000000000000e+00
6.480000000000000426e+00 5.551115123125782702e-17
6.490000000000000213e+00 5.551115123125782702e-17
6.500000000000000000e+00 5.551115123125782702e-17
6.509999999999999787e+00 0.000000000000000000e+00
6.520000000000000462e+00 0.000000000000000000e+00
6.530000000000000249e+00 -1.110223024625156540e-16
6.540000000000000036e+00 0.000000000000000000e+00
6.549999999999999822e+00 0.000000000000000000e+00
6.560000000000000497e+00 0.000000000000000000e+00
6.570000000000000284e+00 -5.551115123125782702e-17
6.580000000000000071e+00 1.110223024625156540e-16
6.589999999999999858e+00 5.551115123125782702e-17
6.600000000000000533e+00 0.000000000000000000e+00
6.610000000000000320e+00 5.551115123125782702e-17
6.620000000000000107e+00 1.110223024625156540e-16
6.629999999999999893e+00 0.000000000000000000e+00
6.640000000000000568e+00 5.551115123125782702e-17
6.650000000000000355e+00 1.110223024625156540e-16
6.660000000000000142e+00 1.110223024625156540e-16
6.669999999999999929e+00 5.551115123125782702e-17
6.679999999999999716e+00 5.551115123125782702e-17
6.690000000000000391e+00 1.110223024625156540e-16
6.700000000000000178e+00 0.000000000000000000e+00
6.709999999999999964e+00 -1.110223024625156540e-16
6.719999999999999751e+00 1.110223024625156540e-16
6.730000000000000426e+00 5.551115123125782702e-17
6.740000000000000213e+00 0.000000000000000000e+00
6.750000000000000000e+00 5.551115123125782702e-17
6.759999999999999787e+00 0.000000000000000000e+00
6.770000000000000462e+00 1.110223024625156540e-16
6.780000000000000249e+00 5.551115123125782702e-17
6.790000000000000036e+00 0.000000000000000000e+00
6.799999999999999822e+00 2.220446049250313081e-16
6.810000000000000497e+00 1.110223024625156540e-16
6.820000000000000284e+00 5.551115123125782702e-17
6.830000000000000071e+00 1.110223024625156540e-16
6.839999999999999858e+00 1.110223024625156540e-16
6.850000000000000533e+00 5.551115123125782702e-17
6.860000000000000320e+00 5.551115123125782702e-17
6.870000000000000107e+00 0.000000000000000000e+00
6.879999999999999893e+00 1.110223024625156540e-16
6.890000000000000568e+00 1.110223024625156540e-16
6.900000000000000355e+00 1.110223024625156540e-16
6.910000000000000142e+00 1.110223024625156540e-16
6.919999999999999929e+00 0.000000000000000000e+00
6.929999999999999716e+00 1.110223024625156540e-16
6.940000000000000391e+00 5.551115123125782702e-17
6.950000000000000178e+00 0.000000000000000000e+00
6.959999999999999964e+00 1.110223024625156540e-16
6.969999999999999751e+00 5.551115123125782702e-17
6.980000000000000426e+00 1.110223024625156540e-16
6.990000000000000213e+00 5.551115123125782702e-17
7.000000000000000000e+00 1.110223024625156540e-16
7.009999999999999787e+00 0.000000000000000000e+00
7.020000000000000462e+00 1.110223024625156540e-16
7.030000000000000249e+00 1.110223024625156540e-16
7.040000000000000036e+00 1.665334536937734811e-16
7.049999999999999822e+00 0.000000000000000000e+00
7.060000000000000497e+00 5.551115123125782702e-17
7.070000000000000284e+00 1.110223024625156540e-16
7.080000000000000071e+00 0.000000000000000000e+00
7.089999999999999858e+00 5.551115123125782702e-17
7.100000000000000533e+00 5.551115123125782702e-17
7.110000000000000320e+00 5.551115123125782702e-17
7.120000000000000107e+00 1.110223024625156540e-16
7.129999999999999893e+00 1.665334536937734811e-16
7.140000000000000568e+00 1.110223024625156540e-16
7.150000000000000355e+00 0.000000000000000000e+00
7.160000000000000142e+00 1.110223024625156540e-16
7.169999999999999929e+00 5.551115123125782702e-17
7.179999999999999716e+00 5.551115123125782702e-17
7.190000000000000391e+00 1.110223024625156540e-16
7.200000000000000178e+00 0.000000000000000000e+00
7.209999999999999964e+00 0.000000000000000000e+00
7.219999999999999751e+00 1.110223024625156540e-16
7.230000000000000426e+00 0.000000000000000000e+00
7.240000000000000213e+00 1.110223024625156540e-16
7.250000000000000000e+00 0.000000000000000000e+00
7.259999999999999787e+00 5.551115123125782702e-17
7.270000000000000462e+00 5.551115123125782702e-17
7.280000000000000249e+00 1.110223024625156540e-16
7.290000000000000036e+00 1.110223024625156540e-16
7.299999999999999822e+00 5.551115123125782702e-17
7.310000000000000497e+00 1.110223024625156540e-16
7.320000000000000284e+00 0.000000000000000000e+00
7.330000000000000071e+00 0.000000000000000000e+00
7.339999999999999858e+00 1.110223024625156540e-16
7.350000000000000533e+00 5.551115123125782702e-17
7.360000000000000320e+00 0.000000000000000000e+00
7.370000000000000107e+00 0.000000000000000000e+00
7.379999999999999893e+00 5.551115123125782702e-17
7.390000000000000568e+00 5.551115123125782702e-17
7.400000000000000355e+00 1.110223024625156540e-16
7.410000000000000142e+00 1.110223024625156540e-16
7.419999999999999929e+00 0.000000000000000000e+00
7.429999999999999716e+00 5.551115123125782702e-17
7.440000000000000391e+00 0.000000000000000000e+00
7.450000000000000178e+00 5.551115123125782702e-17
7.459999999999999964e+00 1.110223024625156540e-16
7.469999999999999751e+00 1.110223024625156540e-16
7.480000000000000426e+00 1.110223024625156540e-16
7.490000000000000213e+00 1.110223024625156540e-16
7.500000000000000000e+00 1.665334536937734811e-16
7.509999999999999787e+00 0.000000000000000000e+00
7.520000000000000462e+00 5.551115123125782702e-17
7.530000000000000249e+00 -1.110223024625156540e-16
7.540000000000000036e+00 0.000000000000000000e+00
7.549999999999999822e+00 5.551115123125782702e-17
7.560000000000000497e+00 5.551115123125782702e-17
7.570000000000000284e+00 0.000000000000000000e+00
7.580000000000000071e+00 1.110223024625156540e-16
7.589999999999999858e+00 1.110223024625156540e-16
7.600000000000000533e+00 -5.551115123125782702e-17
7.610000000000000320e+00 1.110223024625156540e-16
7.620000000000000107e+00 0.000000000000000000e+00
7.629999999999999893e+00 -5.551115123125782702e-17
7.640000000000000568e+00 1.110223024625156540e-16
7.650000000000000355e+00 0.000000000000000000e+00
7.660000000000000142e+00 0.000000000000000000e+00
7.669999999999999929e+00 1.110223024625156540e-16
7.679999999999999716e+00 0.000000000000000000e+00
7.690000000000000391e+00 1.110223024625156540e-16
7.700000000000000178e+00 1.110223024625156540e-16
7.709999999999999964e+00 0.000000000000000000e+00
7.719999999999999751e+00 5.551115123125782702e-17
7.730000000000000426e+00 0.000000000000000000e+00
7.740000000000000213e+00 1.110223024625156540e-16
7.750000000000000000e+00 1.110223024625156540e-16
7.759999999999999787e+00 1.665334536937734811e-16
7.770000000000000462e+00 5.551115123125782702e-17
7.780000000000000249e+00 1.110223024625156540e-16
7.790000000000000036e+00 0.000000000000000000e+00
7.799999999999999822e+00 -5.551115123125782702e-17
7.810000000000000497e+00 1.110223024625156540e-16
7.820000000000000284e+00 5.551115123125782702e-17
7.830000000000000071e+00 5.551115123125782702e-17
7.839999999999999858e+00 1.110223024625156540e-16
7.850000000000000533e+00 -5.551115123125782702e-17
7.860000000000000320e+00 0.000000000000000000e+00
7.870000000000000107e+00 0.000000000000000000e+00
7.879999999999999893e+00 0.000000000000000000e+00
7.890000000000000568e+00 -5.551115123125782702e-17
7.900000000000000355e+00 1.110223024625156540e-16
7.910000000000000142e+00 5.551115123125782702e-17
7.919999999999999929e+00 1.110223024625156540e-16
7.930000000000000604e+00 0.000000000000000000e+00
7.940000000000000391e+00 1.110223024625156540e-16
7.950000000000000178e+00 5.551115123125782702e-17
7.959999999999999964e+00 1.110223024625156540e-16
7.969999999999999751e+00 5.551115123125782702e-17
7.980000000000000426e+00 1.110223024625156540e-16
7.990000000000000213e+00 0.000000000000000000e+00
8.000000000000000000e+00 0.000000000000000000e+00
8.009999999999999787e+00 0.000000000000000000e+00
8.019999999999999574e+00 5.551115123125782702e-17
8.029999999999999361e+00 0.000000000000000000e+00
8.040000000000000924e+00 0.000000000000000000e+00
8.050000000000000711e+00 1.110223024625156540e-16
8.060000000000000497e+00 5.551115123125782702e-17
8.070000000000000284e+00 5.551115123125782702e-17
8.080000000000000071e+00 0.000000000000000000e+00
8.089999999999999858e+00 5.551115123125782702e-17
8.099999999999999645e+00 1.110223024625156540e-16
8.109999999999999432e+00 1.110223024625156540e-16
8.120000000000000995e+00 0.000000000000000000e+00
8.130000000000000782e+00 1.110223024625156540e-16
8.140000000000000568e+00 1.110223024625156540e-16
8.150000000000000355e+00 -5.551115123125782702e-17
8.160000000000000142e+00 1.110223024625156540e-16
8.169999999999999929e+00 1.110223024625156540e-16
8.179999999999999716e+00 1.110223024625156540e-16
8.189999999999999503e+00 0.000000000000000000e+00
8.199999999999999289e+00 5.551115123125782702e-17
8.210000000000000853e+00 5.551115123125782702e-17
8.220000000000000639e+00 5.551115123125782702e-17
8.230000000000000426e+00 0.000000000000000000e+00
8.240000000000000213e+00 5.551115123125782702e-17
8.250000000000000000e+00 5.551115123125782702e-17
8.259999999999999787e+00 1.110223024625156540e-16
8.269999999999999574e+00 0.000000000000000000e+00
8.279999999999999361e+00 1.110223024625156540e-16
8.290000000000000924e+00 5.551115123125782702e-17
8.300000000000000711e+00 1.110223024625156540e-16
8.310000000000000497e+00 0.000000000000000000e+00
8.320000000000000284e+00 1.110223024625156540e-16
8.330000000000000071e+00 0.000000000000000000e+00
8.339999999999999858e+00 5.551115123125782702e-17
8.349999999999999645e+00 1.110223024625156540e-16
8.359999999999999432e+00 5.551115123125782702e-17
8.370000000000000995e+00 -1.110223024625156540e-16
8.380000000000000782e+00 -1.110223024625156540e-16
8.390000000000000568e+00 1.110223024625156540e-16
8.400000000000000355e+00 1.110223024625156540e-16
8.410000000000000142e+00 1.110223024625156540e-16
8.419999999999999929e+00 1.110223024625156540e-16
8.429999999999999716e+00 1.110223024625156540e-16
8.439999999999999503e+00 5.551115123125782702e-17
8.449999999999999289e+00 5.551115123125782702e-17
8.460000000000000853e+00 5.551115123125782702e-17
8.470000000000000639e+00 0.000000000000000000e+00
8.480000000000000426e+00 1.110223024625156540e-16
8.490000000000000213e+00 1.110223024625156540e-16
8.500000000000000000e+00 5.551115123125782702e-17
8.509999999999999787e+00 0.000000000000000000e+00
8.519999999999999574e+00 5.551115123125782702e-17
8.529999999999999361e+00 1.110223024625156540e-16
8.540000000000000924e+00 1.110223024625156540e-16
8.550000000000000711e+00 5.551115123125782702e-17
8.560000000000000497e+00 5.551115123125782702e-17
8.570000000000000284e+00 0.000000000000000000e+00
8.580000000000000071e+00 0.000000000000000000e+00
8.589999999999999858e+00 5.551115123125782702e-17
8.599999999999999645e+00 5.551115123125782702e-17
8.609999999999999432e+00 1.110223024625156540e-16
8.620000000000000995e+00 5.551115123125782702e-17
8.630000000000000782e+00 -5.551115123125782702e-17
8.640000000000000568e+00 0.000000000000000000e+00
8.650000000000000355e+00 2.220446049250313081e-16
8.660000000000000142e+00 5.551115123125782702e-17
8.669999999999999929e+00 0.000000000000000000e+00
8.679999999999999716e+00 1.110223024625156540e-16
8.689999999999999503e+00 1.665334536937734811e-16
8.700000000000001066e+00 1.110223024625156540e-16
8.710000000000000853e+00 1.665334536937734811e-16
8.720000000000000639e+00 1.110223024625156540e-16
8.730000000000000426e+00 1.665334536937734811e-16
8.740000000000000213e+00 1.110223024625156540e-16
8.750000000000000000e+00 5.551115123125782702e-17
8.759999999999999787e+00 0.000000000000000000e+00
8.769999999999999574e+00 1.110223024625156540e-16
8.779999999999999361e+00 5.551115123125782702e-17
8.790000000000000924e+00 1.110223024625156540e-16
8.800000000000000711e+00 1.110223024625156540e-16
8.810000000000000497e+00 1.665334536937734811e-16
8.820000000000000284e+00 1.110223024625156540e-16
8.830000000000000071e+00 0.000000000000000000e+00
8.839999999999999858e+00 1.110223024625156540e-16
8.849999999999999645e+00 1.110223024625156540e-16
8.859999999999999432e+00 0.000000000000000000e+00
8.870000000000000995e+00 0.000000000000000000e+00
8.880000000000000782e+00 2.220446049250313081e-16
8.890000000000000568e+00 1.110223024625156540e-16
8.900000000000000355e+00 1.110223024625156540e-16
8.910000000000000142e+00 1.665334536937734811e-16
8.919999999999999929e+00 0.000000000000000000e+00
8.929999999999999716e+00 2.220446049250313081e-16
8.939999999999999503e+00 1.110223024625156540e-16
8.950000000000001066e+00 0.000000000000000000e+00
8.960000000000000853e+00 5.551115123125782702e-17
8.970000000000000639e+00 5.551115123125782702e-17
8.980000000000000426e+00 1.110223024625156540e-16
8.990000000000000213e+00 1.110223024625156540e-16
9.000000000000000000e+00 1.110223024625156540e-16
9.009999999999999787e+00 0.000000000000000000e+00
9.019999999999999574e+00 1.110223024625156540e-16
9.029999999999999361e+00 1.110223024625156540e-16
9.040000000000000924e+00 2.220446049250313081e-16
9.050000000000000711e+00 0.000000000000000000e+00
9.060000000000000497e+00 0.000000000000000000e+00
9.070000000000000284e+00 1.110223024625156540e-16
9.080000000000000071e+00 8.326672684688674053e-17
9.089999999999999858e+00 8.326672684688674053e-17
9.099999999999999645e+00 5.551115123125782702e-17
9.109999999999999432e+00 8.326672684688674053e-17
9.120000000000000995e+00 8.326672684688674053e-17
9.130000000000000782e+00 1.387778780781445676e-16
9.140000000000000568e+00 2.775557561562891351e-17
9.150000000000000355e+00 0.000000000000000000e+00
9.160000000000000142e+00 8.326672684688674053e-17
9.169999999999999929e+00 5.551115123125782702e-17
9.179999999999999716e+00 1.110223024625156540e-16
9.189999999999999503e+00 1.387778780781445676e-16
9.200000000000001066e+00 1.110223024625156540e-16
9.210000000000000853e+00 1.110223024625156540e-16
9.220000000000000639e+00 5.551115123125782702e-17
9.230000000000000426e+00 8.326672684688674053e-17
9.240000000000000213e+00 5.551115123125782702e-17
9.250000000000000000e+00 5.551115123125782702e-17
9.259999999999999787e+00 1.665334536937734811e-16
9.269999999999999574e+00 5.551115123125782702e-17
9.279999999999999361e+00 8.326672684688674053e-17
9.290000000000000924e+00 5.551115123125782702e-17
9.300000000000000711e+00 1.110223024625156540e-16
9.310000000000000497e+00 0.000000000000000000e+00
9.320000000000000284e+00 5.551115123125782702e-17
9.330000000000000071e+00 -8.326672684688674053e-17
9.339999999999999858e+00 1.110223024625156540e-16
9.349999999999999645e+00 1.110223024625156540e-16
9.359999999999999432e+00 5.551115123125782702e-17
9.370000000000000995e+00 0.000000000000000000e+00
9.380000000000000782e+00 5.551115123125782702e-17
9.390000000000000568e+00 5.551115123125782702e-17
9.400000000000000355e+00 5.551115123125782702e-17
9.410000000000000142e+00 2.775557561562891351e-17
9.419999999999999929e+00 1.110223024625156540e-16
9.429999999999999716e+00 5.551115123125782702e-17
9.439999999999999503e+00 5.551115123125782702e-17
9.450000000000001066e+00 1.110223024625156540e-16
9.460000000000000853e+00 1.387778780781445676e-16
9.470000000000000639e+00 1.110223024625156540e-16
9.480000000000000426e+00 5.551115123125782702e-17
9.490000000000000213e+00 8.326672684688674053e-17
9.500000000000000000e+00 0.000000000000000000e+00
9.509999999999999787e+00 5.551115123125782702e-17
9.519999999999999574e+00 8.326672684688674053e-17
9.529999999999999361e+00 2.775557561562891351e-17
9.540000000000000924e+00 5.551115123125782702e-17
9.550000000000000711e+00 -2.775557561562891351e-17
9.560000000000000497e+00 0.000000000000000000e+00
9.570000000000000284e+00 5.551115123125782702e-17
9.580000000000000071e+00 8.326672684688674053e-17
9.589999999999999858e+00 1.110223024625156540e-16
9.599999999999999645e+00 2.775557561562891351e-17
9.609999999999999432e+00 -5.551115123125782702e-17
9.620000000000000995e+00 5.551115123125782702e-17
9.630000000000000782e+00 1.387778780781445676e-16
9.640000000000000568e+00 2.775557561562891351e-17
9.650000000000000355e+00 1.110223024625156540e-16
9.660000000000000142e+00 8.326672684688674053e-17
9.669999999999999929e+00 1.110223024625156540e-16
9.679999999999999716e+00 8.326672684688674053e-17
9.689999999999999503e+00 1.110223024625156540e-16
9.700000000000001066e+00 2.775557561562891351e-17
9.710000000000000853e+00 1.110223024625156540e-16
9.720000000000000639e+00 1.387778780781445676e-16
9.730000000000000426e+00 5.551115123125782702e-17
9.740000000000000213e+00 1.110223024625156540e-16
9.750000000000000000e+00 1.110223024625156540e-16
9.759999999999999787e+00 5.551115123125782702e-17
9.769999999999999574e+00 1.110223024625156540e-16
9.779999999999999361e+00 1.387778780781445676e-16
9.790000000000000924e+00 1.110223024625156540e-16
9.800000000000000711e+00 1.110223024625156540e-16
9.810000000000000497e+00 5.551115123125782702e-17
9.820000000000000284e+00 2.220446049250313081e-16
9.830000000000000071e+00 1.110223024625156540e-16
9.839999999999999858e+00 0.000000000000000000e+00
9.849999999999999645e+00 5.551115123125782702e-17
9.859999999999999432e+00 5.551115123125782702e-17
9.870000000000000995e+00 5.551115123125782702e-17
9.880000000000000782e+00 5.551115123125782702e-17
9.890000000000000568e+00 1.110223024625156540e-16
9.900000000000000355e+00 5.551115123125782702e-17
9.910000000000000142e+00 2.775557561562891351e-17
9.919999999999999929e+00 1.665334536937734811e-16
9.929999999999999716e+00 1.110223024625156540e-16
9.939999999999999503e+00 5.551115123125782702e-17
9.950000000000001066e+00 1.665334536937734811e-16
9.960000000000000853e+00 5.551115123125782702e-17
9.970000000000000639e+00 1.110223024625156540e-16
9.980000000000000426e+00 2.775557561562891351e-17
9.990000000000000213e+00 2.775557561562891351e-17
