0.000000000000000000e+00 3.267834733488079318e-02
1.000000000000000021e-02 3.267834732086533772e-02
2.000000000000000042e-02 3.267834734194212387e-02
2.999999999999999889e-02 3.267834796610767645e-02
4.000000000000000083e-02 3.267835140186460541e-02
5.000000000000000278e-02 3.267836338946519120e-02
5.999999999999999778e-02 3.267839584580629203e-02
7.000000000000000666e-02 3.267847026001487187e-02
8.000000000000000167e-02 3.267862183587715019e-02
8.999999999999999667e-02 3.267890437620962069e-02
1.000000000000000056e-01 3.267939590297954527e-02
1.100000000000000006e-01 3.268020500531460676e-02
1.199999999999999956e-01 3.268147790530202129e-02
1.300000000000000044e-01 3.268340622841472976e-02
1.400000000000000133e-01 3.268623546120845436e-02
1.499999999999999944e-01 3.269027407323472911e-02
1.600000000000000033e-01 3.269590327247547112e-02
1.700000000000000122e-01 3.270358735353059987e-02
1.799999999999999933e-01 3.271388458473632743e-02
1.900000000000000022e-01 3.272745856378819068e-02
2.000000000000000111e-01 3.274508995071660766e-02
2.099999999999999922e-01 3.276768846169456767e-02
2.200000000000000011e-01 3.279630497673888950e-02
2.300000000000000100e-01 3.283214357869967959e-02
2.399999999999999911e-01 3.287657330013817741e-02
2.500000000000000000e-01 3.293113930936003575e-02
2.600000000000000089e-01 3.299757321821734229e-02
2.700000000000000178e-01 3.307780214434819649e-02
2.800000000000000266e-01 3.317395611229310981e-02
2.899999999999999800e-01 3.328837333552752548e-02
2.999999999999999889e-01 3.342360289013969477e-02
3.099999999999999978e-01 3.358240427697370412e-02
3.200000000000000067e-01 3.376774337959480288e-02
3.300000000000000155e-01 3.398278436763495919e-02
3.400000000000000244e-01 3.423087717545066078e-02
3.500000000000000333e-01 3.451554030923214417e-02
3.599999999999999867e-01 3.484043890320524806e-02
3.699999999999999956e-01 3.520935815428159754e-02
3.800000000000000044e-01 3.562617250572586158e-02
3.900000000000000133e-01 3.609481120930647935e-02
4.000000000000000222e-01 3.661922115150544749e-02
4.100000000000000311e-01 3.720332805818527683e-02
4.199999999999999845e-01 3.785099736787694846e-02
4.299999999999999933e-01 3.856599616318606705e-02
4.400000000000000022e-01 3.935195755563730691e-02
4.500000000000000111e-01 4.021234882421320656e-02
4.600000000000000200e-01 4.115044441624935573e-02
4.700000000000000289e-01 4.216930464740911016e-02
4.799999999999999822e-01 4.327176061116177336e-02
4.899999999999999911e-01 4.446040545950528944e-02
5.000000000000000000e-01 4.573759187878649601e-02
5.100000000000000089e-01 4.710543528699027982e-02
5.200000000000000178e-01 4.856582204404354813e-02
5.300000000000000266e-01 5.012042180723673412e-02
5.400000000000000355e-01 5.177070308265298293e-02
5.500000000000000444e-01 5.351795101474413063e-02
5.600000000000000533e-01 5.536328650783389066e-02
5.700000000000000622e-01 5.730768586976123236e-02
5.799999999999999600e-01 5.935200029259714294e-02
5.899999999999999689e-01 6.149697462306542850e-02
5.999999999999999778e-01 6.374326501324352467e-02
6.099999999999999867e-01 6.609145517081888022e-02
6.199999999999999956e-01 6.854207104143528184e-02
6.300000000000000044e-01 7.109559385024097344e-02
6.400000000000000133e-01 7.375247150476943458e-02
6.500000000000000222e-01 7.651312841758525773e-02
6.600000000000000311e-01 7.937797384665047640e-02
6.700000000000000400e-01 8.234740887662368725e-02
6.800000000000000488e-01 8.542183217799674544e-02
6.900000000000000577e-01 8.860164468570215501e-02
7.000000000000000666e-01 9.188725333693927022e-02
7.099999999999999645e-01 9.527907400147002381e-02
7.199999999999999734e-01 9.877753372815922805e-02
7.299999999999999822e-01 1.023830724203655812e-01
7.399999999999999911e-01 1.060961440408901280e-01
7.500000000000000000e-01 1.099172174352563980e-01
7.600000000000000089e-01 1.138467768506099126e-01
7.700000000000000178e-01 1.178853222167889486e-01
7.800000000000000266e-01 1.220333692463074354e-01
7.900000000000000355e-01 1.262914494011863065e-01
8.000000000000000444e-01 1.306601097667801359e-01
8.100000000000000533e-01 1.351399128659415139e-01
8.200000000000000622e-01 1.397314364409790732e-01
8.300000000000000711e-01 1.444352732258246674e-01
8.399999999999999689e-01 1.492520307265377544e-01
8.499999999999999778e-01 1.541823310246611678e-01
8.599999999999999867e-01 1.592268106149112294e-01
8.699999999999999956e-01 1.643861202861676973e-01
8.800000000000000044e-01 1.696609250526401880e-01
8.900000000000000133e-01 1.750519041403787446e-01
9.000000000000000222e-01 1.805597510328982302e-01
9.100000000000000311e-01 1.861851735785549078e-01
9.200000000000000400e-01 1.919288941614074595e-01
9.300000000000000488e-01 1.977916499365712510e-01
9.400000000000000577e-01 2.037741931305093457e-01
9.500000000000000666e-01 2.098772914062632389e-01
9.599999999999999645e-01 2.161017282932947980e-01
9.699999999999999734e-01 2.224483036813627024e-01
9.799999999999999822e-01 2.289178343776819835e-01
9.899999999999999911e-01 2.355111547264967242e-01
1.000000000000000000e+00 2.422291172901268053e-01
1.010000000000000009e+00 2.490725935905146182e-01
1.020000000000000018e+00 2.560424749102989117e-01
1.030000000000000027e+00 2.631396731524628385e-01
1.040000000000000036e+00 2.703651217576487076e-01
1.050000000000000044e+00 2.777197766782897870e-01
1.060000000000000053e+00 2.852046174087822794e-01
1.070000000000000062e+00 2.928206480710014992e-01
1.080000000000000071e+00 3.005688985545588721e-01
1.090000000000000080e+00 3.084504257112932746e-01
1.100000000000000089e+00 3.164663146035927577e-01
1.110000000000000098e+00 3.246176798062542224e-01
1.120000000000000107e+00 3.329056667616971388e-01
1.130000000000000115e+00 3.413314531884696912e-01
1.140000000000000124e+00 3.498962505431007508e-01
1.150000000000000133e+00 3.586013055354800305e-01
1.159999999999999920e+00 3.674479016980760071e-01
1.169999999999999929e+00 3.764373610094324252e-01
1.179999999999999938e+00 3.855710455725206431e-01
1.189999999999999947e+00 3.948503593486700214e-01
1.199999999999999956e+00 4.042767499479412718e-01
1.209999999999999964e+00 4.138517104769604549e-01
1.219999999999999973e+00 4.235767814453917923e-01
1.229999999999999982e+00 4.334535527323900017e-01
1.239999999999999991e+00 4.434836656145475509e-01
1.250000000000000000e+00 4.536688148570315882e-01
1.260000000000000009e+00 4.640107508697973726e-01
1.270000000000000018e+00 4.745112819309622032e-01
1.280000000000000027e+00 4.851722764796406739e-01
1.290000000000000036e+00 4.959956654807584631e-01
1.300000000000000044e+00 5.069834448646063363e-01
1.310000000000000053e+00 5.181376780441415697e-01
1.320000000000000062e+00 5.294604985133177788e-01
1.330000000000000071e+00 5.409541125300044717e-01
1.340000000000000080e+00 5.526208018873687289e-01
1.350000000000000089e+00 5.644629267779126547e-01
1.360000000000000098e+00 5.764829287547166281e-01
1.370000000000000107e+00 5.886833337948090827e-01
1.380000000000000115e+00 6.010667554699928861e-01
1.390000000000000124e+00 6.136358982308911525e-01
1.400000000000000133e+00 6.263935608104471697e-01
1.409999999999999920e+00 6.393426397536202677e-01
1.419999999999999929e+00 6.524861330805695747e-01
1.429999999999999938e+00 6.658271440912081340e-01
1.439999999999999947e+00 6.793688853196618860e-01
1.449999999999999956e+00 6.931146826478596923e-01
1.459999999999999964e+00 7.070679795882454099e-01
1.469999999999999973e+00 7.212323417464268083e-01
1.479999999999999982e+00 7.356114614754784009e-01
1.489999999999999991e+00 7.502091627345948144e-01
1.500000000000000000e+00 7.650294061658585720e-01
1.510000000000000009e+00 7.800762944040590119e-01
1.520000000000000018e+00 7.953540776357704845e-01
1.530000000000000027e+00 8.108671594252944148e-01
1.540000000000000036e+00 8.266201028266007000e-01
1.550000000000000044e+00 8.426176368020685814e-01
1.560000000000000053e+00 8.588646629706706559e-01
1.570000000000000062e+00 8.753662627102459792e-01
1.580000000000000071e+00 8.921277046407198874e-01
1.590000000000000080e+00 9.091544525175559999e-01
1.600000000000000089e+00 9.264521735673815206e-01
1.610000000000000098e+00 9.440267473006699328e-01
1.620000000000000107e+00 9.618842748395852738e-01
1.630000000000000115e+00 9.800310888026467770e-01
1.640000000000000124e+00 9.984737637917893149e-01
1.650000000000000133e+00 1.017219127531718392e+00
1.660000000000000142e+00 1.036274272716218192e+00
1.669999999999999929e+00 1.055646569621343067e+00
1.679999999999999938e+00 1.075343679551232112e+00
1.689999999999999947e+00 1.095373569188727192e+00
1.699999999999999956e+00 1.115744525930087772e+00
1.709999999999999964e+00 1.136465174290985258e+00
1.719999999999999973e+00 1.157544493479692349e+00
1.729999999999999982e+00 1.178991836243081348e+00
1.739999999999999991e+00 1.200816949101801923e+00
1.750000000000000000e+00 1.223029994102960982e+00
1.760000000000000009e+00 1.245641572231929839e+00
1.770000000000000018e+00 1.268662748639693749e+00
1.780000000000000027e+00 1.292105079858648420e+00
1.790000000000000036e+00 1.315980643657154836e+00
1.800000000000000044e+00 1.340302069533232165e+00
1.810000000000000053e+00 1.365082574347811439e+00
1.820000000000000062e+00 1.390335999240736919e+00
1.830000000000000071e+00 1.416076850107090390e+00
1.840000000000000080e+00 1.442320341570953568e+00
1.850000000000000089e+00 1.469082444814315158e+00
1.860000000000000098e+00 1.496379939659582048e+00
1.870000000000000107e+00 1.524230471350037641e+00
1.880000000000000115e+00 1.552652612524378917e+00
1.890000000000000124e+00 1.581665930939937237e+00
1.900000000000000133e+00 1.611291063565367221e+00
1.910000000000000142e+00 1.641549797738581784e+00
1.919999999999999929e+00 1.672465160170849563e+00
1.929999999999999938e+00 1.704061514674801492e+00
1.939999999999999947e+00 1.736364669604408606e+00
1.949999999999999956e+00 1.769401996120924192e+00
1.959999999999999964e+00 1.803202558542822187e+00
1.969999999999999973e+00 1.837797258202806150e+00
1.979999999999999982e+00 1.873218992424545704e+00
1.989999999999999991e+00 1.909502830449934629e+00
2.000000000000000000e+00 1.946686208399291740e+00
2.010000000000000231e+00 1.984809145637795202e+00
2.020000000000000018e+00 2.023914485258448082e+00
2.030000000000000249e+00 2.064048161783372137e+00
2.040000000000000036e+00 2.105259499640897314e+00
2.049999999999999822e+00 2.147601546508065340e+00
2.060000000000000053e+00 2.191131446230675461e+00
2.069999999999999840e+00 2.235910856763744903e+00
2.080000000000000071e+00 2.282006419435087086e+00
2.089999999999999858e+00 2.329490286849366765e+00
2.100000000000000089e+00 2.378440717951177064e+00
2.109999999999999876e+00 2.428942750191635636e+00
2.120000000000000107e+00 2.481088960441670821e+00
2.129999999999999893e+00 2.534980328324907717e+00
2.140000000000000124e+00 2.590727218077280014e+00
2.149999999999999911e+00 2.648450497969692119e+00
2.160000000000000142e+00 2.708282819868671254e+00
2.169999999999999929e+00 2.770370085800776927e+00
2.180000000000000160e+00 2.834873133611442331e+00
2.189999999999999947e+00 2.901969680197640677e+00
2.200000000000000178e+00 2.971856568641387142e+00
2.209999999999999964e+00 3.044752375255153964e+00
2.220000000000000195e+00 3.120900444560656517e+00
2.229999999999999982e+00 3.200572437127207515e+00
2.240000000000000213e+00 3.284072482947959060e+00
2.250000000000000000e+00 3.371742082940293983e+00
2.260000000000000231e+00 3.463965897727811161e+00
2.270000000000000018e+00 3.561178625196090408e+00
2.280000000000000249e+00 3.663873208350597821e+00
2.290000000000000036e+00 3.772610680253091875e+00
2.300000000000000266e+00 3.888032036024104521e+00
2.310000000000000053e+00 4.010872631366158458e+00
2.319999999999999840e+00 4.141979752334702169e+00
2.330000000000000071e+00 4.282334195675335131e+00
2.339999999999999858e+00 4.433076962310962266e+00
2.350000000000000089e+00 4.595542526555534302e+00
2.359999999999999876e+00 4.771300641561663447e+00
2.370000000000000107e+00 4.962209338772448852e+00
2.379999999999999893e+00 5.170482768610186852e+00
2.390000000000000124e+00 5.398778956402778384e+00
2.399999999999999911e+00 5.650314618153744917e+00
2.410000000000000142e+00 5.929017307546437188e+00
2.419999999999999929e+00 6.239729825963600263e+00
2.430000000000000160e+00 6.588489114343018649e+00
2.439999999999999947e+00 6.982913327626513400e+00
2.450000000000000178e+00 7.432749438057635771e+00
2.459999999999999964e+00 7.950664825971395011e+00
2.470000000000000195e+00 8.553419908561474827e+00
2.479999999999999982e+00 9.263654524427209935e+00
2.490000000000000213e+00 1.011269884017297649e+01
2.500000000000000000e+00 1.114516690836045321e+01
2.510000000000000231e+00 1.242680802148781893e+01
2.520000000000000018e+00 1.405867296063220273e+01
2.530000000000000249e+00 1.620443796256121516e+01
2.540000000000000036e+00 1.914775338244809078e+01
2.550000000000000266e+00 2.342672578434538622e+01
2.560000000000000053e+00 3.020147077852587003e+01
2.569999999999999840e+00 4.251688456747780265e+01
