0.000000000000000000e+00 4.793429290772151334e-14
1.000000000000000021e-02 7.034818479276370161e-10
2.000000000000000042e-02 1.124523719626109428e-08
2.999999999999999889e-02 5.692796122496300013e-08
4.000000000000000083e-02 1.798958187072693742e-07
5.000000000000000278e-02 4.391151895446690741e-07
5.999999999999999778e-02 9.103394007371905401e-07
7.000000000000000666e-02 1.686063453507779659e-06
8.000000000000000167e-02 2.875468835493408936e-06
8.999999999999999667e-02 4.604358505087292728e-06
1.000000000000000056e-01 7.015082150586343117e-06
1.100000000000000006e-01 1.026645184220864400e-05
1.199999999999999956e-01 1.453364821029745789e-05
1.300000000000000044e-01 2.000811729809803198e-05
1.400000000000000133e-01 2.689745825237015270e-05
1.499999999999999944e-01 3.542530202975521027e-05
1.600000000000000033e-01 4.583118131123720536e-05
1.700000000000000122e-01 5.837039183122994987e-05
1.799999999999999933e-01 7.331384534171048466e-05
1.900000000000000022e-01 9.094791444548677565e-05
2.000000000000000111e-01 1.115742695460018917e-04
2.099999999999999922e-01 1.355097081741490081e-04
2.200000000000000011e-01 1.630859769652827493e-04
2.300000000000000100e-01 1.946495865720277926e-04
2.399999999999999911e-01 2.305616198105659939e-04
2.500000000000000000e-01 2.711975333497960083e-04
2.600000000000000089e-01 3.169469532641921625e-04
2.700000000000000178e-01 3.682134647821405562e-04
2.800000000000000266e-01 4.254143965723132807e-04
2.899999999999999800e-01 4.889805999208153607e-04
2.999999999999999889e-01 5.593562231619186344e-04
3.099999999999999978e-01 6.369984817345870649e-04
3.200000000000000067e-01 7.223774242463769195e-04
3.300000000000000155e-01 8.159756949348733520e-04
3.400000000000000244e-01 9.182882929254634679e-04
3.500000000000000333e-01 1.029822328692029006e-03
3.599999999999999867e-01 1.151096778134976049e-03
3.699999999999999956e-01 1.282642234698146838e-03
3.800000000000000044e-01 1.425000659952837655e-03
3.900000000000000133e-01 1.578725133084060706e-03
4.000000000000000222e-01 1.744379599719277389e-03
4.100000000000000311e-01 1.922538620546511857e-03
4.199999999999999845e-01 2.113787120172908301e-03
4.299999999999999933e-01 2.318720136680104543e-03
4.400000000000000022e-01 2.537942572336769186e-03
4.500000000000000111e-01 2.772068945932371856e-03
4.600000000000000200e-01 3.021723147199879486e-03
4.700000000000000289e-01 3.287538193797243449e-03
4.799999999999999822e-01 3.570155991320562300e-03
4.899999999999999911e-01 3.870227096822868688e-03
5.000000000000000000e-01 4.188410486313833003e-03
5.100000000000000089e-01 4.525373326716566197e-03
5.200000000000000178e-01 4.881790752757160859e-03
5.300000000000000266e-01 5.258345649262155530e-03
5.400000000000000355e-01 5.655728439337456663e-03
5.500000000000000444e-01 6.074636878900608120e-03
5.600000000000000533e-01 6.515775858034793082e-03
5.700000000000000622e-01 6.979857209629238349e-03
5.799999999999999600e-01 7.467599525766994289e-03
5.899999999999999689e-01 7.979727982314064119e-03
5.999999999999999778e-01 8.516974172158599948e-03
6.099999999999999867e-01 9.080075947540783635e-03
6.199999999999999956e-01 9.669777271905398430e-03
6.300000000000000044e-01 1.028682808169953736e-02
6.400000000000000133e-01 1.093198415852632624e-02
6.500000000000000222e-01 1.160600701205441107e-02
6.600000000000000311e-01 1.230966377406723239e-02
6.700000000000000400e-01 1.304372710402317004e-02
6.800000000000000488e-01 1.380897510647971504e-02
6.900000000000000577e-01 1.460619126071583534e-02
7.000000000000000666e-01 1.543616436286851003e-02
7.099999999999999645e-01 1.629968848087615801e-02
7.199999999999999734e-01 1.719756292249818158e-02
7.299999999999999822e-01 1.813059221665387286e-02
7.399999999999999911e-01 1.909958610829754627e-02
7.500000000000000000e-01 2.010535956701466759e-02
7.600000000000000089e-01 2.114873280949294831e-02
7.700000000000000178e-01 2.223053133598790199e-02
7.800000000000000266e-01 2.335158598086310711e-02
7.900000000000000355e-01 2.451273297724969324e-02
8.000000000000000444e-01 2.571481403582335026e-02
8.100000000000000533e-01 2.695867643765470154e-02
8.200000000000000622e-01 2.824517314104009122e-02
8.300000000000000711e-01 2.957516290216991028e-02
8.399999999999999689e-01 3.094951040943653975e-02
8.499999999999999778e-01 3.236908643112978989e-02
8.599999999999999867e-01 3.383476797620561805e-02
8.699999999999999956e-01 3.534743846775263709e-02
8.800000000000000044e-01 3.690798792871385903e-02
8.900000000000000133e-01 3.851731317935389726e-02
9.000000000000000222e-01 4.017631804588586708e-02
9.100000000000000311e-01 4.188591357960334133e-02
9.200000000000000400e-01 4.364701828577424031e-02
9.300000000000000488e-01 4.546055836148163443e-02
9.400000000000000577e-01 4.732746794150500397e-02
9.500000000000000666e-01 4.924868935124961100e-02
9.599999999999999645e-01 5.122517336564112039e-02
9.699999999999999734e-01 5.325787947280767598e-02
9.799999999999999822e-01 5.534777614127628365e-02
9.899999999999999911e-01 5.749584108931004439e-02
1.000000000000000000e+00 5.970306155491210409e-02
1.010000000000000009e+00 6.197043456491879015e-02
1.020000000000000018e+00 6.429896720149867739e-02
1.030000000000000027e+00 6.668967686426585662e-02
1.040000000000000036e+00 6.914359152610949355e-02
1.050000000000000044e+00 7.166174998073079894e-02
1.060000000000000053e+00 7.424520207976723074e-02
1.070000000000000062e+00 7.689500895727684193e-02
1.080000000000000071e+00 7.961224323923872526e-02
1.090000000000000080e+00 8.239798923562610677e-02
1.100000000000000089e+00 8.525334311248708441e-02
1.110000000000000098e+00 8.817941304137373593e-02
1.120000000000000107e+00 9.117731932334571798e-02
1.130000000000000115e+00 9.424819448467675054e-02
1.140000000000000124e+00 9.739318334129565269e-02
1.150000000000000133e+00 1.006134430288960629e-01
1.159999999999999920e+00 1.039101429955575084e-01
1.169999999999999929e+00 1.072844649536445760e-01
1.179999999999999938e+00 1.107376027876609825e-01
1.189999999999999947e+00 1.142707624146794415e-01
1.199999999999999956e+00 1.178851615938856789e-01
1.209999999999999964e+00 1.215820296817444052e-01
1.219999999999999973e+00 1.253626073292265219e-01
1.229999999999999982e+00 1.292281461175216473e-01
1.239999999999999991e+00 1.331799081286207942e-01
1.250000000000000000e+00 1.372191654471575650e-01
1.260000000000000009e+00 1.413471995898828437e-01
1.270000000000000018e+00 1.455653008591743514e-01
1.280000000000000027e+00 1.498747676170080756e-01
1.290000000000000036e+00 1.542769054758600933e-01
1.300000000000000044e+00 1.587730264030757232e-01
1.310000000000000053e+00 1.633644477353133340e-01
1.320000000000000062e+00 1.680524910997727162e-01
1.330000000000000071e+00 1.728384812390251768e-01
1.340000000000000080e+00 1.777237447364022338e-01
1.350000000000000089e+00 1.827096086390438967e-01
1.360000000000000098e+00 1.877973989758932871e-01
1.370000000000000107e+00 1.929884391681015721e-01
1.380000000000000115e+00 1.982840483295336409e-01
1.390000000000000124e+00 2.036855394552940790e-01
1.400000000000000133e+00 2.091942174964559753e-01
1.409999999999999920e+00 2.148113773194421927e-01
1.419999999999999929e+00 2.205383015488312781e-01
1.429999999999999938e+00 2.263762582926496514e-01
1.439999999999999947e+00 2.323264987495922695e-01
1.449999999999999956e+00 2.383902546979472237e-01
1.459999999999999964e+00 2.445687358664107025e-01
1.469999999999999973e+00 2.508631271873659752e-01
1.479999999999999982e+00 2.572745859336427743e-01
1.489999999999999991e+00 2.638042387402031452e-01
1.500000000000000000e+00 2.704531785126831345e-01
1.510000000000000009e+00 2.772224612251807940e-01
1.520000000000000018e+00 2.841131026101945123e-01
1.530000000000000027e+00 2.911260747441238861e-01
1.540000000000000036e+00 2.982623025322675980e-01
1.550000000000000044e+00 3.055226600977989371e-01
1.560000000000000053e+00 3.129079670797450530e-01
1.570000000000000062e+00 3.204189848455657463e-01
1.580000000000000071e+00 3.280564126244672751e-01
1.590000000000000080e+00 3.358208835682005011e-01
1.600000000000000089e+00 3.437129607466279935e-01
1.610000000000000098e+00 3.517331330859467808e-01
1.620000000000000107e+00 3.598818112580204343e-01
1.630000000000000115e+00 3.681593235298458167e-01
1.640000000000000124e+00 3.765659115827498793e-01
1.650000000000000133e+00 3.851017263114699385e-01
1.660000000000000142e+00 3.937668236138209266e-01
1.669999999999999929e+00 4.025611601821718066e-01
1.679999999999999938e+00 4.114845893085005701e-01
1.689999999999999947e+00 4.205368567152653614e-01
1.699999999999999956e+00 4.297175964248250990e-01
1.709999999999999964e+00 4.390263266805843334e-01
1.719999999999999973e+00 4.484624459334605184e-01
1.729999999999999982e+00 4.580252289076758854e-01
1.739999999999999991e+00 4.677138227602085641e-01
1.750000000000000000e+00 4.775272433485804879e-01
1.760000000000000009e+00 4.874643716219300149e-01
1.770000000000000018e+00 4.975239501505331896e-01
1.780000000000000027e+00 5.077045798091762707e-01
1.790000000000000036e+00 5.180047166298415995e-01
1.800000000000000044e+00 5.284226688393319771e-01
1.810000000000000053e+00 5.389565940974374580e-01
1.820000000000000062e+00 5.496044969512148270e-01
1.830000000000000071e+00 5.603642265208979012e-01
1.840000000000000080e+00 5.712334744327423053e-01
1.850000000000000089e+00 5.822097730139299543e-01
1.860000000000000098e+00 5.932904937643246335e-01
1.870000000000000107e+00 6.044728461195262303e-01
1.880000000000000115e+00 6.157538765192209773e-01
1.890000000000000124e+00 6.271304677942984851e-01
1.900000000000000133e+00 6.385993388856220365e-01
1.910000000000000142e+00 6.501570449066620405e-01
1.919999999999999929e+00 6.617999775614544777e-01
1.929999999999999938e+00 6.735243659284995132e-01
1.939999999999999947e+00 6.853262776203330464e-01
1.949999999999999956e+00 6.972016203274955526e-01
1.959999999999999964e+00 7.091461437545691915e-01
1.969999999999999973e+00 7.211554419548158457e-01
1.979999999999999982e+00 7.332249560687313927e-01
1.989999999999999991e+00 7.453499774705789616e-01
2.000000000000000000e+00 7.575256513255719248e-01
2.010000000000000231e+00 7.697469805590244629e-01
2.020000000000000018e+00 7.820088302372706357e-01
2.030000000000000249e+00 7.943059323587234877e-01
2.040000000000000036e+00 8.066328910517454043e-01
2.049999999999999822e+00 8.189841881745907326e-01
2.060000000000000053e+00 8.313541893108795655e-01
2.069999999999999840e+00 8.437371501525208206e-01
2.080000000000000071e+00 8.561272232603185373e-01
2.089999999999999858e+00 8.685184651907800202e-01
2.100000000000000089e+00 8.809048439760331917e-01
2.109999999999999876e+00 8.932802469421137204e-01
2.120000000000000107e+00 9.056384888491777474e-01
2.129999999999999893e+00 9.179733203357087756e-01
2.140000000000000124e+00 9.302784366471887889e-01
2.149999999999999911e+00 9.425474866281585706e-01
2.160000000000000142e+00 9.547740819553176550e-01
2.169999999999999929e+00 9.669518065877926727e-01
2.180000000000000160e+00 9.790742264095564362e-01
2.189999999999999947e+00 9.911348990378018309e-01
2.200000000000000178e+00 1.003127383769951475e+00
2.209999999999999964e+00 1.015045251641141011e+00
2.220000000000000195e+00 1.026882095563092179e+00
2.229999999999999982e+00 1.038631540514712404e+00
2.240000000000000213e+00 1.050287253754080607e+00
2.250000000000000000e+00 1.061842955021216728e+00
2.260000000000000231e+00 1.073292426700640734e+00
2.270000000000000018e+00 1.084629523912690630e+00
2.280000000000000249e+00 1.095848184502645317e+00
2.290000000000000036e+00 1.106942438896799885e+00
2.300000000000000266e+00 1.117906419795108075e+00
2.310000000000000053e+00 1.128734371670439884e+00
2.319999999999999840e+00 1.139420660045250333e+00
2.330000000000000071e+00 1.149959780517175734e+00
2.339999999999999858e+00 1.160346367506103871e+00
2.350000000000000089e+00 1.170575202696376271e+00
2.359999999999999876e+00 1.180641223148922725e+00
2.370000000000000107e+00 1.190539529059603696e+00
2.379999999999999893e+00 1.200265391141378535e+00
2.390000000000000124e+00 1.209814257609641341e+00
2.399999999999999911e+00 1.219181760751551602e+00
2.410000000000000142e+00 1.228363723062147361e+00
2.419999999999999929e+00 1.237356162931640080e+00
2.430000000000000160e+00 1.246155299870342459e+00
2.439999999999999947e+00 1.254757559259546573e+00
2.450000000000000178e+00 1.263159576618524849e+00
2.459999999999999964e+00 1.271358201380058173e+00
2.470000000000000195e+00 1.279350500168591420e+00
2.479999999999999982e+00 1.287133759577310244e+00
2.490000000000000213e+00 1.294705488442323471e+00
2.500000000000000000e+00 1.302063419614025941e+00
2.510000000000000231e+00 1.309205511227712559e+00
2.520000000000000018e+00 1.316129947477260309e+00
2.530000000000000249e+00 1.322835138897516583e+00
2.540000000000000036e+00 1.329319722162785489e+00
2.550000000000000266e+00 1.335582559410291914e+00
2.560000000000000053e+00 1.341622737099259499e+00
2.569999999999999840e+00 1.347439564417467928e+00
2.580000000000000071e+00 1.353032571248644400e+00
2.589999999999999858e+00 1.358401505715277180e+00
2.600000000000000089e+00 1.363546331312486926e+00
2.609999999999999876e+00 1.368467223649777242e+00
2.620000000000000107e+00 1.373164566818203758e+00
2.629999999999999893e+00 1.377638949401528201e+00
2.640000000000000124e+00 1.381891160150417797e+00
2.649999999999999911e+00 1.385922183339500124e+00
2.660000000000000142e+00 1.389733193827423552e+00
2.669999999999999929e+00 1.393325551840552734e+00
2.680000000000000160e+00 1.396700797501116753e+00
2.689999999999999947e+00 1.399860645120838409e+00
2.700000000000000178e+00 1.402806977281159106e+00
2.709999999999999964e+00 1.405541838721093395e+00
2.720000000000000195e+00 1.408067430053710156e+00
2.729999999999999982e+00 1.410386101332041786e+00
2.740000000000000213e+00 1.412500345484954511e+00
2.750000000000000000e+00 1.414412791643183454e+00
2.760000000000000231e+00 1.416126198375371459e+00
2.770000000000000018e+00 1.417643446853536382e+00
2.780000000000000249e+00 1.418967533966772887e+00
2.790000000000000036e+00 1.420101565401660881e+00
2.800000000000000266e+00 1.421048748707042675e+00
2.810000000000000053e+00 1.421812386360428615e+00
2.819999999999999840e+00 1.422395868852448952e+00
2.830000000000000071e+00 1.422802667805271870e+00
2.839999999999999858e+00 1.423036329140094036e+00
2.850000000000000089e+00 1.423100466308153234e+00
2.859999999999999876e+00 1.422998753598949895e+00
2.870000000000000107e+00 1.422734919538718890e+00
2.879999999999999893e+00 1.422312740391305841e+00
2.890000000000000124e+00 1.421736033773001395e+00
2.899999999999999911e+00 1.421008652392046656e+00
2.910000000000000142e+00 1.420134477922829097e+00
2.919999999999999929e+00 1.419117415023999129e+00
2.930000000000000160e+00 1.417961385509063366e+00
2.939999999999999947e+00 1.416670322677213045e+00
2.950000000000000178e+00 1.415248165811477277e+00
2.959999999999999964e+00 1.413698854850558240e+00
2.970000000000000195e+00 1.412026325240014479e+00
2.979999999999999982e+00 1.410234502967714132e+00
2.990000000000000213e+00 1.408327299787969222e+00
3.000000000000000000e+00 1.406308608637866664e+00
3.010000000000000231e+00 1.404182299248874166e+00
3.020000000000000018e+00 1.401952213956070947e+00
3.030000000000000249e+00 1.399622163706747413e+00
3.040000000000000036e+00 1.397195924269571066e+00
3.050000000000000266e+00 1.394677232644896847e+00
3.060000000000000053e+00 1.392069783676259664e+00
3.070000000000000284e+00 1.389377226862571479e+00
3.080000000000000071e+00 1.386603163370013103e+00
3.089999999999999858e+00 1.383751143242114345e+00
3.100000000000000089e+00 1.380824662806072967e+00
3.109999999999999876e+00 1.377827162272880601e+00
3.120000000000000107e+00 1.374762023528445010e+00
3.129999999999999893e+00 1.371632568112438832e+00
3.140000000000000124e+00 1.368442055381287048e+00
3.149999999999999911e+00 1.365193680851339852e+00
3.160000000000000142e+00 1.361890574717894209e+00
3.169999999999999929e+00 1.358535800545551009e+00
3.180000000000000160e+00 1.355132354124968908e+00
3.189999999999999947e+00 1.351683162490954215e+00
3.200000000000000178e+00 1.348191083096539122e+00
3.209999999999999964e+00 1.344658903137516237e+00
3.220000000000000195e+00 1.341089339021733773e+00
3.229999999999999982e+00 1.337485035977286296e+00
3.240000000000000213e+00 1.333848567793683992e+00
3.250000000000000000e+00 1.330182436689900438e+00
3.260000000000000231e+00 1.326489073303161570e+00
3.270000000000000018e+00 1.322770836792372284e+00
3.280000000000000249e+00 1.319030015049891702e+00
3.290000000000000036e+00 1.315268825015560417e+00
3.300000000000000266e+00 1.311489413086702527e+00
3.310000000000000053e+00 1.307693855618098810e+00
3.320000000000000284e+00 1.303884159505746654e+00
3.330000000000000071e+00 1.300062262848519223e+00
3.339999999999999858e+00 1.296230035681779524e+00
3.350000000000000089e+00 1.292389280777251237e+00
3.359999999999999876e+00 1.288541734503425129e+00
3.370000000000000107e+00 1.284689067741132451e+00
3.379999999999999893e+00 1.280832886848850549e+00
3.390000000000000124e+00 1.276974734672671641e+00
3.399999999999999911e+00 1.273116091595930754e+00
3.410000000000000142e+00 1.269258376623682238e+00
3.419999999999999929e+00 1.265402948497544866e+00
3.430000000000000160e+00 1.261551106836405811e+00
3.439999999999999947e+00 1.257704093298932957e+00
3.450000000000000178e+00 1.253863092763885856e+00
3.459999999999999964e+00 1.250029234524508315e+00
3.470000000000000195e+00 1.246203593493497408e+00
3.479999999999999982e+00 1.242387191415234238e+00
3.490000000000000213e+00 1.238580998082216222e+00
3.500000000000000000e+00 1.234785932552854959e+00
3.510000000000000231e+00 1.231002864367939598e+00
3.520000000000000018e+00 1.227232614763389629e+00
3.530000000000000249e+00 1.223475957877073750e+00
3.540000000000000036e+00 1.219733621947623137e+00
3.550000000000000266e+00 1.216006290503479192e+00
3.560000000000000053e+00 1.212294603540515769e+00
3.570000000000000284e+00 1.208599158686801456e+00
3.580000000000000071e+00 1.204920512353208739e+00
3.589999999999999858e+00 1.201259180868822884e+00
3.600000000000000089e+00 1.197615641600159098e+00
3.609999999999999876e+00 1.193990334053459446e+00
3.620000000000000107e+00 1.190383660959388079e+00
3.629999999999999893e+00 1.186795989339659574e+00
3.640000000000000124e+00 1.183227651555236459e+00
3.649999999999999911e+00 1.179678946335778633e+00
3.660000000000000142e+00 1.176150139790332894e+00
3.669999999999999929e+00 1.172641466399081622e+00
3.680000000000000160e+00 1.169153129986328032e+00
3.689999999999999947e+00 1.165685304674793477e+00
3.700000000000000178e+00 1.162238135821456186e+00
3.709999999999999964e+00 1.158811740935266510e+00
3.720000000000000195e+00 1.155406210577004655e+00
3.729999999999999982e+00 1.152021609241782096e+00
3.740000000000000213e+00 1.148657976224549682e+00
3.750000000000000000e+00 1.145315326469169115e+00
3.760000000000000231e+00 1.141993651401511434e+00
3.770000000000000018e+00 1.138692919747171572e+00
3.780000000000000249e+00 1.135413078334347903e+00
3.790000000000000036e+00 1.132154052882448969e+00
3.800000000000000266e+00 1.128915748777044925e+00
3.810000000000000053e+00 1.125698051831724777e+00
3.820000000000000284e+00 1.122500829037466064e+00
3.830000000000000071e+00 1.119323929300077847e+00
3.839999999999999858e+00 1.116167184166302118e+00
3.850000000000000089e+00 1.113030408539124494e+00
3.859999999999999876e+00 1.109913401382826681e+00
3.870000000000000107e+00 1.106815946418280516e+00
3.879999999999999893e+00 1.103737812809023611e+00
3.890000000000000124e+00 1.100678755838512934e+00
3.899999999999999911e+00 1.097638517579059059e+00
3.910000000000000142e+00 1.094616827552775895e+00
3.919999999999999929e+00 1.091613403384993797e+00
3.930000000000000160e+00 1.088627951450411357e+00
3.939999999999999947e+00 1.085660167512320751e+00
3.950000000000000178e+00 1.082709737355165736e+00
3.959999999999999964e+00 1.079776337410668141e+00
3.970000000000000195e+00 1.076859635377714453e+00
3.979999999999999982e+00 1.073959290836157709e+00
3.990000000000000213e+00 1.071074955854644406e+00
4.000000000000000000e+00 1.068206275592592291e+00
4.009999999999999787e+00 1.065352888896310191e+00
4.020000000000000462e+00 1.062514428889310025e+00
4.030000000000000249e+00 1.059690523556772401e+00
4.040000000000000036e+00 1.056880796324108474e+00
4.049999999999999822e+00 1.054084866629535933e+00
4.060000000000000497e+00 1.051302350490532778e+00
4.070000000000000284e+00 1.048532861064024546e+00
4.080000000000000071e+00 1.045776009200121370e+00
4.089999999999999858e+00 1.043031403989177486e+00
4.099999999999999645e+00 1.040298653301965137e+00
4.110000000000000320e+00 1.037577364322673779e+00
4.120000000000000107e+00 1.034867144074447909e+00
4.129999999999999893e+00 1.032167599937178215e+00
4.139999999999999680e+00 1.029478340157198968e+00
4.150000000000000355e+00 1.026798974348547500e+00
4.160000000000000142e+00 1.024129113985435602e+00
4.169999999999999929e+00 1.021468372885538489e+00
4.179999999999999716e+00 1.018816367683734514e+00
4.190000000000000391e+00 1.016172718295886401e+00
4.200000000000000178e+00 1.013537048372260330e+00
4.209999999999999964e+00 1.010908985740148314e+00
4.219999999999999751e+00 1.008288162835338397e+00
4.230000000000000426e+00 1.005674217121932834e+00
4.240000000000000213e+00 1.003066791500161647e+00
4.250000000000000000e+00 1.000465534701729942e+00
4.259999999999999787e+00 9.978701016723173778e-01
4.270000000000000462e+00 9.952801539407847287e-01
4.280000000000000249e+00 9.926953599747335710e-01
4.290000000000000036e+00 9.901153955219620384e-01
4.299999999999999822e+00 9.875399439375220911e-01
4.310000000000000497e+00 9.849686964958995761e-01
4.320000000000000284e+00 9.824013526880643887e-01
4.330000000000000071e+00 9.798376205030018271e-01
4.339999999999999858e+00 9.772772166933808569e-01
4.350000000000000533e+00 9.747198670251271402e-01
4.360000000000000320e+00 9.721653065105281266e-01
4.370000000000000107e+00 9.696132796247285413e-01
4.379999999999999893e+00 9.670635405052048217e-01
4.389999999999999680e+00 9.645158531342067354e-01
4.400000000000000355e+00 9.619699915038198990e-01
4.410000000000000142e+00 9.594257397635628237e-01
4.419999999999999929e+00 9.568828923503673867e-01
4.429999999999999716e+00 9.543412541008392536e-01
4.440000000000000391e+00 9.518006403456967801e-01
4.450000000000000178e+00 9.492608769863957185e-01
4.459999999999999964e+00 9.467218005538691195e-01
4.469999999999999751e+00 9.441832582494008586e-01
4.480000000000000426e+00 9.416451079677262692e-01
4.490000000000000213e+00 9.391072183023855269e-01
4.500000000000000000e+00 9.365694685334514658e-01
4.509999999999999787e+00 9.340317485977801537e-01
4.520000000000000462e+00 9.314939590419617499e-01
4.530000000000000249e+00 9.289560109581578295e-01
4.540000000000000036e+00 9.264178259030793061e-01
4.549999999999999822e+00 9.238793358003487555e-01
4.560000000000000497e+00 9.213404828265839841e-01
4.570000000000000284e+00 9.188012192814918322e-01
4.580000000000000071e+00 9.162615074423664518e-01
4.589999999999999858e+00 9.137213194033496633e-01
4.600000000000000533e+00 9.111806368998909278e-01
4.610000000000000320e+00 9.086394511188706780e-01
4.620000000000000107e+00 9.060977624948040043e-01
4.629999999999999893e+00 9.035555804926869161e-01
4.639999999999999680e+00 9.010129233779772262e-01
4.650000000000000355e+00 8.984698179742595103e-01
4.660000000000000142e+00 8.959262994091695687e-01
4.669999999999999929e+00 8.933824108491902338e-01
4.679999999999999716e+00 8.908382032238788550e-01
4.690000000000000391e+00 8.882937349402431071e-01
4.700000000000000178e+00 8.857490715878255649e-01
4.709999999999999964e+00 8.832042856352267934e-01
4.719999999999999751e+00 8.806594561187135461e-01
4.730000000000000426e+00 8.781146683236266126e-01
4.740000000000000213e+00 8.755700134592684369e-01
4.750000000000000000e+00 8.730255883280192419e-01
4.759999999999999787e+00 8.704814949893600051e-01
4.770000000000000462e+00 8.679378404195645658e-01
4.780000000000000249e+00 8.653947361677987171e-01
4.790000000000000036e+00 8.628522980093076278e-01
4.799999999999999822e+00 8.603106455965077171e-01
4.810000000000000497e+00 8.577699021086514497e-01
4.820000000000000284e+00 8.552301939008457587e-01
4.830000000000000071e+00 8.526916501531126569e-01
4.839999999999999858e+00 8.501544025202656396e-01
4.850000000000000533e+00 8.476185847832652387e-01
4.860000000000000320e+00 8.450843325028127850e-01
4.870000000000000107e+00 8.425517826758323059e-01
4.879999999999999893e+00 8.400210733955677522e-01
4.889999999999999680e+00 8.374923435159373764e-01
4.900000000000000355e+00 8.349657323208103943e-01
4.910000000000000142e+00 8.324413791988676259e-01
4.919999999999999929e+00 8.299194233246078856e-01
4.929999999999999716e+00 8.274000033461821335e-01
4.940000000000000391e+00 8.248832570805639808e-01
4.950000000000000178e+00 8.223693212166642841e-01
4.959999999999999964e+00 8.198583310268998670e-01
4.969999999999999751e+00 8.173504200877319548e-01
4.980000000000000426e+00 8.148457200096856923e-01
4.990000000000000213e+00 8.123443601772437628e-01
5.000000000000000000e+00 8.098464674991431300e-01
5.009999999999999787e+00 8.073521660140168255e-01
5.020000000000000462e+00 8.048615747249472374e-01
5.030000000000000249e+00 8.023748056715679366e-01
5.040000000000000036e+00 7.998919636164324443e-01
5.049999999999999822e+00 7.974131459929983956e-01
5.060000000000000497e+00 7.949384428562009663e-01
5.070000000000000284e+00 7.924679368490230580e-01
5.080000000000000071e+00 7.900017031851424010e-01
5.089999999999999858e+00 7.875398096476766696e-01
5.100000000000000533e+00 7.850823166040128420e-01
5.110000000000000320e+00 7.826292770366986007e-01
5.120000000000000107e+00 7.801807365903096203e-01
5.129999999999999893e+00 7.777367336341916015e-01
5.139999999999999680e+00 7.752972993409269487e-01
5.150000000000000355e+00 7.728624577803496765e-01
5.160000000000000142e+00 7.704322260289144797e-01
5.169999999999999929e+00 7.680066142941375240e-01
5.179999999999999716e+00 7.655856260538675961e-01
5.190000000000000391e+00 7.631692582100615407e-01
5.200000000000000178e+00 7.607575012567319162e-01
5.209999999999999964e+00 7.583503394616691873e-01
5.219999999999999751e+00 7.559477510615756346e-01
5.230000000000000426e+00 7.535497084701462400e-01
5.240000000000000213e+00 7.511561784986655610e-01
5.250000000000000000e+00 7.487671225885959014e-01
5.259999999999999787e+00 7.463824970556934835e-01
5.270000000000000462e+00 7.440022533450845188e-01
5.280000000000000249e+00 7.416263382967296369e-01
5.290000000000000036e+00 7.392546944207307735e-01
5.299999999999999822e+00 7.368872601818585721e-01
5.310000000000000497e+00 7.345239702926532610e-01
5.320000000000000284e+00 7.321647560144892708e-01
5.330000000000000071e+00 7.298095454659450088e-01
5.339999999999999858e+00 7.274582639377622506e-01
5.350000000000000533e+00 7.251108342137551066e-01
5.360000000000000320e+00 7.227671768969319288e-01
5.370000000000000107e+00 7.204272107401402669e-01
5.379999999999999893e+00 7.180908529804912455e-01
5.389999999999999680e+00 7.157580196768440484e-01
5.400000000000000355e+00 7.134286260496235377e-01
5.410000000000000142e+00 7.111025868222025093e-01
5.419999999999999929e+00 7.087798165631309377e-01
5.429999999999999716e+00 7.064602300284410497e-01
5.440000000000000391e+00 7.041437425033191255e-01
5.450000000000000178e+00 7.018302701423331236e-01
5.459999999999999964e+00 6.995197303075622042e-01
5.469999999999999751e+00 6.972120419038189132e-01
5.480000000000000426e+00 6.949071257102541477e-01
5.490000000000000213e+00 6.926049047076552334e-01
5.500000000000000000e+00 6.903053044006794980e-01
5.509999999999999787e+00 6.880082531343456598e-01
5.520000000000000462e+00 6.857136824040952483e-01
5.530000000000000249e+00 6.834215271587444906e-01
5.540000000000000036e+00 6.811317260956717412e-01
5.549999999999999822e+00 6.788442219475806505e-01
5.560000000000000497e+00 6.765589617602759676e-01
5.570000000000000284e+00 6.742758971607516472e-01
5.580000000000000071e+00 6.719949846151034301e-01
5.589999999999999858e+00 6.697161856756570497e-01
5.600000000000000533e+00 6.674394672167833775e-01
5.610000000000000320e+00 6.651648016589035706e-01
5.620000000000000107e+00 6.628921671801737414e-01
5.629999999999999893e+00 6.606215479154287085e-01
5.639999999999999680e+00 6.583529341419156466e-01
5.650000000000000355e+00 6.560863224514474901e-01
5.660000000000000142e+00 6.538217159085838448e-01
5.669999999999999929e+00 6.515591241945066781e-01
5.679999999999999716e+00 6.492985637362966855e-01
5.690000000000000391e+00 6.470400578212940346e-01
5.700000000000000178e+00 6.447836366963364263e-01
5.709999999999999964e+00 6.425293376516538757e-01
5.719999999999999751e+00 6.402772050892149291e-01
5.730000000000000426e+00 6.380272905754300616e-01
5.740000000000000213e+00 6.357796528780315093e-01
5.750000000000000000e+00 6.335343579871371977e-01
5.759999999999999787e+00 6.312914791203863007e-01
5.770000000000000462e+00 6.290510967121741848e-01
5.780000000000000249e+00 6.268132983869953989e-01
5.790000000000000036e+00 6.245781789169956300e-01
5.799999999999999822e+00 6.223458401637653736e-01
5.810000000000000497e+00 6.201163910045612848e-01
5.820000000000000284e+00 6.178899472430993134e-01
5.830000000000000071e+00 6.156666315050967064e-01
5.839999999999999858e+00 6.134465731188400994e-01
5.850000000000000533e+00 6.112299079809822011e-01
5.860000000000000320e+00 6.090167784079261182e-01
5.870000000000000107e+00 6.068073329730604426e-01
5.879999999999999893e+00 6.046017263302541078e-01
5.889999999999999680e+00 6.024001190239504089e-01
5.900000000000000355e+00 6.002026772863209292e-01
5.910000000000000142e+00 5.980095728218668416e-01
5.919999999999999929e+00 5.958209825800073745e-01
5.929999999999999716e+00 5.936370885160513478e-01
5.940000000000000391e+00 5.914580773411872716e-01
5.950000000000000178e+00 5.892841402619342084e-01
5.959999999999999964e+00 5.871154727096679071e-01
5.969999999999999751e+00 5.849522740608037452e-01
5.980000000000000426e+00 5.827947473482366636e-01
5.990000000000000213e+00 5.806430989646522711e-01
6.000000000000000000e+00 5.784975383583615960e-01
6.009999999999999787e+00 5.763582777223213993e-01
6.020000000000000462e+00 5.742255316769819817e-01
6.030000000000000249e+00 5.720995169476830178e-01
6.040000000000000036e+00 5.699804520372661054e-01
6.049999999999999822e+00 5.678685568946171269e-01
6.060000000000000497e+00 5.657640525798253162e-01
6.070000000000000284e+00 5.636671609267375205e-01
6.080000000000000071e+00 5.615781042035647985e-01
6.089999999999999858e+00 5.594971047723020785e-01
6.100000000000000533e+00 5.574243847476791913e-01
6.110000000000000320e+00 5.553601656563830202e-01
6.120000000000000107e+00 5.533046680972699694e-01
6.129999999999999893e+00 5.512581114032761853e-01
6.140000000000000568e+00 5.492207133057777080e-01
6.150000000000000355e+00 5.471926896021094278e-01
6.160000000000000142e+00 5.451742538268982141e-01
6.169999999999999929e+00 5.431656169279879265e-01
6.179999999999999716e+00 5.411669869475810302e-01
6.190000000000000391e+00 5.391785687092950363e-01
6.200000000000000178e+00 5.372005635117944600e-01
6.209999999999999964e+00 5.352331688296370071e-01
6.219999999999999751e+00 5.332765780219665963e-01
6.230000000000000426e+00 5.313309800496688329e-01
6.240000000000000213e+00 5.293965592015902333e-01
6.250000000000000000e+00 5.274734948303483328e-01
6.259999999999999787e+00 5.255619610983726098e-01
6.270000000000000462e+00 5.236621267345947794e-01
6.280000000000000249e+00 5.217741548023875353e-01
6.290000000000000036e+00 5.198982024791916068e-01
6.299999999999999822e+00 5.180344208482723367e-01
6.310000000000000497e+00 5.161829547030655219e-01
6.320000000000000284e+00 5.143439423644853292e-01
6.330000000000000071e+00 5.125175155116150627e-01
6.339999999999999858e+00 5.107037990260264726e-01
6.350000000000000533e+00 5.089029108501702536e-01
6.360000000000000320e+00 5.071149618600012676e-01
6.370000000000000107e+00 5.053400557521773306e-01
6.379999999999999893e+00 5.035782889459863298e-01
6.390000000000000568e+00 5.018297505002536907e-01
6.400000000000000355e+00 5.000945220453143492e-01
6.410000000000000142e+00 4.983726777302442956e-01
6.419999999999999929e+00 4.966642841853838863e-01
6.429999999999999716e+00 4.949694005002419628e-01
6.440000000000000391e+00 4.932880782168037603e-01
6.450000000000000178e+00 4.916203613382077453e-01
6.459999999999999964e+00 4.899662863527981527e-01
6.469999999999999751e+00 4.883258822734055649e-01
6.480000000000000426e+00 4.866991706918419869e-01
6.490000000000000213e+00 4.850861658483652805e-01
6.500000000000000000e+00 4.834868747160408486e-01
6.509999999999999787e+00 4.819012970997205714e-01
6.520000000000000462e+00 4.803294257494431507e-01
6.530000000000000249e+00 4.787712464879806396e-01
6.540000000000000036e+00 4.772267383522403872e-01
6.549999999999999822e+00 4.756958737481813970e-01
6.560000000000000497e+00 4.741786186189085317e-01
6.570000000000000284e+00 4.726749326255715866e-01
6.580000000000000071e+00 4.711847693406071569e-01
6.589999999999999858e+00 4.697080764529826258e-01
6.600000000000000533e+00 4.682447959848953234e-01
6.610000000000000320e+00 4.667948645194714974e-01
6.620000000000000107e+00 4.653582134390007452e-01
6.629999999999999893e+00 4.639347691731082746e-01
6.640000000000000568e+00 4.625244534563667798e-01
6.650000000000000355e+00 4.611271835947793329e-01
6.660000000000000142e+00 4.597428727405002968e-01
6.669999999999999929e+00 4.583714301742574104e-01
6.679999999999999716e+00 4.570127615948077482e-01
6.690000000000000391e+00 4.556667694148163195e-01
6.700000000000000178e+00 4.543333530625124350e-01
6.709999999999999964e+00 4.530124092884657561e-01
6.719999999999999751e+00 4.517038324768096746e-01
6.730000000000000426e+00 4.504075149602483341e-01
6.740000000000000213e+00 4.491233473381650576e-01
6.750000000000000000e+00 4.478512187971353531e-01
6.759999999999999787e+00 4.465910174331641502e-01
6.770000000000000462e+00 4.453426305749619285e-01
6.780000000000000249e+00 4.441059451075413111e-01
6.790000000000000036e+00 4.428808477954686573e-01
6.799999999999999822e+00 4.416672256050552248e-01
6.810000000000000497e+00 4.404649660248345366e-01
6.820000000000000284e+00 4.392739573835984235e-01
6.830000000000000071e+00 4.380940891653588576e-01
6.839999999999999858e+00 4.369252523205333083e-01
6.850000000000000533e+00 4.357673395727275079e-01
6.860000000000000320e+00 4.346202457204394465e-01
6.870000000000000107e+00 4.334838679330709765e-01
6.879999999999999893e+00 4.323581060406115339e-01
6.890000000000000568e+00 4.312428628163885169e-01
6.900000000000000355e+00 4.301380442523047298e-01
6.910000000000000142e+00 4.290435598259781935e-01
6.919999999999999929e+00 4.279593227592329296e-01
6.929999999999999716e+00 4.268852502673975424e-01
6.940000000000000391e+00 4.258212637989148286e-01
6.950000000000000178e+00 4.247672892647597065e-01
6.959999999999999964e+00 4.237232572571835165e-01
6.969999999999999751e+00 4.226891032573646956e-01
6.980000000000000426e+00 4.216647678315170733e-01
6.990000000000000213e+00 4.206501968150923032e-01
7.000000000000000000e+00 4.196453414846512686e-01
7.009999999999999787e+00 4.186501587171459482e-01
7.020000000000000462e+00 4.176646111362145586e-01
7.030000000000000249e+00 4.166886672452454476e-01
7.040000000000000036e+00 4.157223015469583283e-01
7.049999999999999822e+00 4.147654946492431716e-01
7.060000000000000497e+00 4.138182333570945004e-01
7.070000000000000284e+00 4.128805107504358030e-01
7.080000000000000071e+00 4.119523262477380321e-01
7.089999999999999858e+00 4.110336856552726514e-01
7.100000000000000533e+00 4.101246012019887366e-01
7.110000000000000320e+00 4.092250915598951710e-01
7.120000000000000107e+00 4.083351818499956765e-01
7.129999999999999893e+00 4.074549036337595798e-01
7.140000000000000568e+00 4.065842948901743359e-01
7.150000000000000355e+00 4.057233999784729539e-01
7.160000000000000142e+00 4.048722695866374677e-01
7.169999999999999929e+00 4.040309606658137875e-01
7.179999999999999716e+00 4.031995363507883678e-01
7.190000000000000391e+00 4.023780658667870380e-01
7.200000000000000178e+00 4.015666244227056314e-01
7.209999999999999964e+00 4.007652930911623779e-01
7.219999999999999751e+00 3.999741586755394263e-01
7.230000000000000426e+00 3.991933135643855879e-01
7.240000000000000213e+00 3.984228555734999344e-01
7.250000000000000000e+00 3.976628877760335357e-01
7.259999999999999787e+00 3.969135183210188988e-01
7.270000000000000462e+00 3.961748602407340614e-01
7.280000000000000249e+00 3.954470312473145066e-01
7.290000000000000036e+00 3.947301535190625432e-01
7.299999999999999822e+00 3.940243534769622413e-01
7.310000000000000497e+00 3.933297615518427381e-01
7.320000000000000284e+00 3.926465119427433592e-01
7.330000000000000071e+00 3.919747423669748265e-01
7.339999999999999858e+00 3.913145938024510384e-01
7.350000000000000533e+00 3.906662102228236622e-01
7.360000000000000320e+00 3.900297383260192818e-01
7.370000000000000107e+00 3.894053272567239432e-01
7.379999999999999893e+00 3.887931283234833391e-01
7.390000000000000568e+00 3.881932947109413834e-01
7.400000000000000355e+00 3.876059811878939665e-01
7.410000000000000142e+00 3.870313438117521931e-01
7.419999999999999929e+00 3.864695396300592556e-01
7.429999999999999716e+00 3.859207263796801124e-01
7.440000000000000391e+00 3.853850621843154522e-01
7.450000000000000178e+00 3.848627052509626667e-01
7.459999999999999964e+00 3.843538135659889665e-01
7.469999999999999751e+00 3.838585445914064476e-01
7.480000000000000426e+00 3.833770549620497681e-01
7.490000000000000213e+00 3.829095001842521828e-01
7.500000000000000000e+00 3.824560343366118498e-01
7.509999999999999787e+00 3.820168097735558987e-01
7.520000000000000462e+00 3.815919768322614813e-01
7.530000000000000249e+00 3.811816835435074546e-01
7.540000000000000036e+00 3.807860753471431492e-01
7.549999999999999822e+00 3.804052948126664946e-01
7.560000000000000497e+00 3.800394813655357251e-01
7.570000000000000284e+00 3.796887710197567878e-01
7.580000000000000071e+00 3.793532961172764173e-01
7.589999999999999858e+00 3.790331850747386544e-01
7.600000000000000533e+00 3.787285621380672707e-01
7.610000000000000320e+00 3.784395471454098381e-01
7.620000000000000107e+00 3.781662552989018544e-01
7.629999999999999893e+00 3.779087969456716989e-01
7.640000000000000568e+00 3.776672773685575968e-01
7.650000000000000355e+00 3.774417965869387714e-01
7.660000000000000142e+00 3.772324491680341119e-01
7.669999999999999929e+00 3.770393240490809150e-01
7.679999999999999716e+00 3.768625043706879119e-01
7.690000000000000391e+00 3.767020673216975313e-01
7.700000000000000178e+00 3.765580839958503345e-01
7.709999999999999964e+00 3.764306192604987000e-01
7.719999999999999751e+00 3.763197316376291068e-01
7.730000000000000426e+00 3.762254731973639910e-01
7.740000000000000213e+00 3.761478894641751003e-01
7.750000000000000000e+00 3.760870193359274749e-01
7.759999999999999787e+00 3.760428950158874462e-01
7.770000000000000462e+00 3.760155419578067315e-01
7.780000000000000249e+00 3.760049788241570656e-01
7.790000000000000036e+00 3.760112174575332977e-01
7.799999999999999822e+00 3.760342628652676433e-01
7.810000000000000497e+00 3.760741132172251144e-01
7.820000000000000284e+00 3.761307598567779631e-01
7.830000000000000071e+00 3.762041873248185286e-01
7.839999999999999858e+00 3.762943733968020510e-01
7.850000000000000533e+00 3.764012891326410370e-01
7.860000000000000320e+00 3.765248989393142898e-01
7.870000000000000107e+00 3.766651606460366120e-01
7.879999999999999893e+00 3.768220255917675843e-01
7.890000000000000568e+00 3.769954387248430905e-01
7.900000000000000355e+00 3.771853387144841196e-01
7.910000000000000142e+00 3.773916580738971849e-01
7.919999999999999929e+00 3.776143232946758133e-01
7.930000000000000604e+00 3.778532549922046790e-01
7.940000000000000391e+00 3.781083680616715847e-01
7.950000000000000178e+00 3.783795718443867528e-01
7.959999999999999964e+00 3.786667703039792165e-01
7.969999999999999751e+00 3.789698622121169258e-01
7.980000000000000426e+00 3.792887413432378674e-01
7.990000000000000213e+00 3.796232966780097029e-01
8.000000000000000000e+00 3.799734126148796021e-01
8.009999999999999787e+00 3.803389691894044633e-01
8.019999999999999574e+00 3.807198423007644439e-01
8.029999999999999361e+00 3.811159039450380259e-01
8.040000000000000924e+00 3.815270224546856714e-01
8.050000000000000711e+00 3.819530627437258685e-01
8.060000000000000497e+00 3.823938865581167357e-01
8.070000000000000284e+00 3.828493527307155198e-01
8.080000000000000071e+00 3.833193174403836112e-01
8.089999999999999858e+00 3.838036344745692774e-01
8.099999999999999645e+00 3.843021554949115348e-01
8.109999999999999432e+00 3.848147303052142365e-01
8.120000000000000995e+00 3.853412071213031531e-01
8.130000000000000782e+00 3.858814328421298345e-01
8.140000000000000568e+00 3.864352533216158792e-01
8.150000000000000355e+00 3.870025136406193278e-01
8.160000000000000142e+00 3.875830583785023764e-01
8.169999999999999929e+00 3.881767318836972236e-01
8.179999999999999716e+00 3.887833785427670108e-01
8.189999999999999503e+00 3.894028430473363001e-01
8.199999999999999289e+00 3.900349706584213538e-01
8.210000000000000853e+00 3.906796074675686348e-01
8.220000000000000639e+00 3.913366006543048670e-01
8.230000000000000426e+00 3.920057987393636978e-01
8.240000000000000213e+00 3.926870518331803117e-01
8.250000000000000000e+00 3.933802118791736580e-01
8.259999999999999787e+00 3.940851328913081986e-01
8.269999999999999574e+00 3.948016711855069638e-01
8.279999999999999361e+00 3.955296856043993281e-01
8.290000000000000924e+00 3.962690377350335247e-01
8.300000000000000711e+00 3.970195921190826649e-01
8.310000000000000497e+00 3.977812164551628449e-01
8.320000000000000284e+00 3.985537817928724857e-01
8.330000000000000071e+00 3.993371627181679928e-01
8.339999999999999858e+00 4.001312375297845225e-01
8.349999999999999645e+00 4.009358884062766970e-01
8.359999999999999432e+00 4.017510015634855325e-01
8.370000000000000995e+00 4.025764674020514966e-01
8.380000000000000782e+00 4.034121806447782399e-01
8.390000000000000568e+00 4.042580404635435221e-01
8.400000000000000355e+00 4.051139505956179443e-01
8.410000000000000142e+00 4.059798194491164858e-01
8.419999999999999929e+00 4.068555601974619407e-01
8.429999999999999716e+00 4.077410908627002728e-01
8.439999999999999503e+00 4.086363343875327736e-01
8.449999999999999289e+00 4.095412186959848655e-01
8.460000000000000853e+00 4.104556767426229547e-01
8.470000000000000639e+00 4.113796465502643218e-01
8.480000000000000426e+00 4.123130712361796624e-01
8.490000000000000213e+00 4.132558990267451438e-01
8.500000000000000000e+00 4.142080832605927743e-01
8.509999999999999787e+00 4.151695823803165375e-01
8.519999999999999574e+00 4.161403599127606601e-01
8.529999999999999361e+00 4.171203844380251269e-01
8.540000000000000924e+00 4.181096295472788160e-01
8.550000000000000711e+00 4.191080737895305219e-01
8.560000000000000497e+00 4.201157006075227907e-01
8.570000000000000284e+00 4.211324982629119917e-01
8.580000000000000071e+00 4.221584597509659975e-01
8.589999999999999858e+00 4.231935827049721488e-01
8.599999999999999645e+00 4.242378692906499937e-01
8.609999999999999432e+00 4.252913260907761894e-01
8.620000000000000995e+00 4.263539639803577419e-01
8.630000000000000782e+00 4.274257979926169293e-01
8.640000000000000568e+00 4.285068471761470654e-01
8.650000000000000355e+00 4.295971344435338679e-01
8.660000000000000142e+00 4.306966864118380589e-01
8.669999999999999929e+00 4.318055332352781495e-01
8.679999999999999716e+00 4.329237084305201932e-01
8.689999999999999503e+00 4.340512486949441584e-01
8.700000000000001066e+00 4.351881937183269544e-01
8.710000000000000853e+00 4.363345859883447364e-01
8.720000000000000639e+00 4.374904705903210900e-01
8.730000000000000426e+00 4.386558950017062086e-01
8.740000000000000213e+00 4.398309088816609869e-01
8.750000000000000000e+00 4.410155638562858194e-01
8.759999999999999787e+00 4.422099132999061100e-01
8.769999999999999574e+00 4.434140121129180878e-01
8.779999999999999361e+00 4.446279164966193687e-01
8.790000000000000924e+00 4.458516837256074616e-01
8.800000000000000711e+00 4.470853719180949426e-01
8.810000000000000497e+00 4.483290398047466985e-01
8.820000000000000284e+00 4.495827464964270992e-01
8.830000000000000071e+00 4.508465512514357454e-01
8.839999999999999858e+00 4.521205132426243112e-01
8.849999999999999645e+00 4.534046913249450417e-01
8.859999999999999432e+00 4.546991438038682221e-01
8.870000000000000995e+00 4.560039282051688847e-01
8.880000000000000782e+00 4.573191010465321171e-01
8.890000000000000568e+00 4.586447176114416546e-01
8.900000000000000355e+00 4.599808317258218260e-01
8.910000000000000142e+00 4.613274955378718345e-01
8.919999999999999929e+00 4.626847593015209759e-01
8.929999999999999716e+00 4.640526711639357260e-01
8.939999999999999503e+00 4.654312769575295050e-01
8.950000000000001066e+00 4.668206199968287784e-01
8.960000000000000853e+00 4.682207408806256521e-01
8.970000000000000639e+00 4.696316772997921052e-01
8.980000000000000426e+00 4.710534638511255645e-01
8.990000000000000213e+00 4.724861318575609426e-01
9.000000000000000000e+00 4.739297091951092944e-01
9.009999999999999787e+00 4.753842201268527190e-01
9.019999999999999574e+00 4.768496851442648454e-01
9.029999999999999361e+00 4.783261208161910250e-01
9.040000000000000924e+00 4.798135396457345880e-01
9.050000000000000711e+00 4.813119499353064601e-01
9.060000000000000497e+00 4.828213556600899903e-01
9.070000000000000284e+00 4.843417563501295486e-01
9.080000000000000071e+00 4.858731469812375137e-01
9.089999999999999858e+00 4.874155178749163264e-01
9.099999999999999645e+00 4.889688546074393849e-01
9.109999999999999432e+00 4.905331379282481530e-01
9.120000000000000995e+00 4.921083436877746742e-01
9.130000000000000782e+00 4.936944427748074515e-01
9.140000000000000568e+00 4.952914010634608677e-01
9.150000000000000355e+00 4.968991793698300241e-01
9.160000000000000142e+00 4.985177334183638620e-01
9.169999999999999929e+00 5.001470138179771041e-01
9.179999999999999716e+00 5.017869660479126193e-01
9.189999999999999503e+00 5.034375304533187379e-01
9.200000000000001066e+00 5.050986422505172602e-01
9.210000000000000853e+00 5.067702315418980419e-01
9.220000000000000639e+00 5.084522233403876434e-01
9.230000000000000426e+00 5.101445376033275636e-01
9.240000000000000213e+00 5.118470892757502888e-01
9.250000000000000000e+00 5.135597883428167920e-01
9.259999999999999787e+00 5.152825398913462029e-01
9.269999999999999574e+00 5.170152441802076115e-01
9.279999999999999361e+00 5.187577967194170192e-01
9.290000000000000924e+00 5.205100883577744586e-01
9.300000000000000711e+00 5.222720053787028860e-01
9.310000000000000497e+00 5.240434296042183471e-01
9.320000000000000284e+00 5.258242385066269620e-01
9.330000000000000071e+00 5.276143053277997375e-01
9.339999999999999858e+00 5.294134992056664935e-01
9.349999999999999645e+00 5.312216853077046386e-01
9.359999999999999432e+00 5.330387249710553110e-01
9.370000000000000995e+00 5.348644758489984330e-01
9.380000000000000782e+00 5.366987920634482823e-01
9.390000000000000568e+00 5.385415243631018756e-01
9.400000000000000355e+00 5.403925202869603872e-01
9.410000000000000142e+00 5.422516243327717422e-01
9.419999999999999929e+00 5.441186781301468045e-01
9.429999999999999716e+00 5.459935206178625489e-01
9.439999999999999503e+00 5.478759882250547886e-01
9.450000000000001066e+00 5.497659150559111030e-01
9.460000000000000853e+00 5.516631330774036668e-01
9.470000000000000639e+00 5.535674723097847583e-01
9.480000000000000426e+00 5.554787610193403502e-01
9.490000000000000213e+00 5.573968259130872571e-01
9.500000000000000000e+00 5.593214923349557610e-01
9.509999999999999787e+00 5.612525844631146565e-01
9.519999999999999574e+00 5.631899255079699795e-01
9.529999999999999361e+00 5.651333379105270005e-01
9.540000000000000924e+00 5.670826435406235433e-01
9.550000000000000711e+00 5.690376638947367560e-01
9.560000000000000497e+00 5.709982202928796102e-01
9.570000000000000284e+00 5.729641340742940292e-01
9.580000000000000071e+00 5.749352267914795700e-01
9.589999999999999858e+00 5.769113204022350283e-01
9.599999999999999645e+00 5.788922374593286069e-01
9.609999999999999432e+00 5.808778012974235017e-01
9.620000000000000995e+00 5.828678362169248395e-01
9.630000000000000782e+00 5.848621676644072398e-01
9.640000000000000568e+00 5.868606224092370871e-01
9.650000000000000355e+00 5.888630287161571442e-01
9.660000000000000142e+00 5.908692165134120655e-01
9.669999999999999929e+00 5.928790175562076437e-01
9.679999999999999716e+00 5.948922655851318630e-01
9.689999999999999503e+00 5.969087964793152734e-01
9.700000000000001066e+00 5.989284484040315881e-01
9.710000000000000853e+00 6.009510619524833785e-01
9.720000000000000639e+00 6.029764802815706926e-01
9.730000000000000426e+00 6.050045492413508308e-01
9.740000000000000213e+00 6.070351174980340714e-01
9.750000000000000000e+00 6.090680366502869703e-01
9.759999999999999787e+00 6.111031613386693762e-01
9.769999999999999574e+00 6.131403493480254152e-01
9.779999999999999361e+00 6.151794617027022127e-01
9.790000000000000924e+00 6.172203627544307070e-01
9.800000000000000711e+00 6.192629202627477625e-01
9.810000000000000497e+00 6.213070054678863086e-01
9.820000000000000284e+00 6.233524931560088245e-01
9.830000000000000071e+00 6.253992617167213330e-01
9.839999999999999858e+00 6.274471931928106150e-01
9.849999999999999645e+00 6.294961733221782207e-01
9.859999999999999432e+00 6.315460915719093293e-01
9.870000000000000995e+00 6.335968411645201970e-01
9.880000000000000782e+00 6.356483190963198027e-01
9.890000000000000568e+00 6.377004261479911618e-01
9.900000000000000355e+00 6.397530668873602222e-01
9.910000000000000142e+00 6.418061496644281716e-01
9.919999999999999929e+00 6.438595865987620792e-01
9.929999999999999716e+00 6.459132935592913904e-01
9.939999999999999503e+00 6.479671901366099718e-01
9.950000000000001066e+00 6.500211996079289234e-01
9.960000000000000853e+00 6.520752488947768599e-01
9.970000000000000639e+00 6.541292685135839946e-01
9.980000000000000426e+00 6.561831925193344350e-01
9.990000000000000213e+00 6.582369584424098141e-01
