0.000000000000000000e+00 0.000000000000000000e+00
1.000000000000000021e-02 8.881783958257882348e-16
2.000000000000000042e-02 1.776356789625339114e-15
2.999999999999999889e-02 4.440891968931488601e-15
4.000000000000000083e-02 1.687538946243821441e-14
5.000000000000000278e-02 1.421085426773616581e-14
5.999999999999999778e-02 7.993605516364012447e-15
7.000000000000000666e-02 2.042810296265630158e-14
8.000000000000000167e-02 2.131628132770317457e-14
8.999999999999999667e-02 6.661337907209077041e-15
1.000000000000000056e-01 2.442490563153963593e-15
1.100000000000000006e-01 7.771560873781145856e-16
1.199999999999999956e-01 -1.776356769097028123e-15
1.300000000000000044e-01 7.993605451698130551e-15
1.400000000000000133e-01 2.042810279739607296e-14
1.499999999999999944e-01 9.769962196158014973e-15
1.600000000000000033e-01 1.687538922840362480e-14
1.700000000000000122e-01 1.509903245006572699e-14
1.799999999999999933e-01 -8.881783783889044073e-16
1.900000000000000022e-01 1.154631890570745168e-14
2.000000000000000111e-01 6.661337822514314162e-15
2.099999999999999922e-01 6.661337814812141932e-16
2.200000000000000011e-01 0.000000000000000000e+00
2.300000000000000100e-01 1.110222966567591320e-14
2.399999999999999911e-01 1.243449721117511414e-14
2.500000000000000000e-01 1.776356742398770934e-15
2.600000000000000089e-01 2.664535110515490425e-15
2.700000000000000178e-01 1.509903227545001194e-14
2.800000000000000266e-01 -2.664535104348701249e-15
2.899999999999999800e-01 3.552713468352645699e-15
2.999999999999999889e-01 -6.217248562419188759e-15
3.099999999999999978e-01 7.549516102766802192e-15
3.200000000000000067e-01 1.221245250503649765e-15
3.300000000000000155e-01 0.000000000000000000e+00
3.400000000000000244e-01 -5.773159352638610589e-15
3.500000000000000333e-01 -8.881783609148422951e-15
3.599999999999999867e-01 1.509903211804449344e-14
3.699999999999999956e-01 1.421085374167614117e-14
3.800000000000000044e-01 5.329070146945158634e-15
3.900000000000000133e-01 0.000000000000000000e+00
4.000000000000000222e-01 1.154631862490456330e-14
4.100000000000000311e-01 -8.881783547301084665e-16
4.199999999999999845e-01 -1.776356707395743884e-15
4.299999999999999933e-01 -6.938893380196536542e-18
4.400000000000000022e-01 -5.329070109791595191e-15
4.500000000000000111e-01 1.421085360957080081e-14
4.600000000000000200e-01 1.776356699127711669e-15
4.700000000000000289e-01 2.042810201616575932e-14
4.799999999999999822e-01 9.769961822427531262e-15
4.899999999999999911e-01 1.065814015748670103e-14
5.000000000000000000e-01 4.440891727101784939e-15
5.100000000000000089e-01 -9.769961788210497016e-15
5.200000000000000178e-01 8.881783433444359300e-16
5.300000000000000266e-01 -2.220445855763301099e-16
5.400000000000000355e-01 -2.220445853163464540e-16
5.500000000000000444e-01 -2.664535020673797470e-15
5.600000000000000533e-01 -1.776356678365845982e-15
5.700000000000000622e-01 1.687538842466611557e-14
5.799999999999999600e-01 2.664535011290274914e-15
5.899999999999999689e-01 2.664535008156573089e-15
5.999999999999999778e-01 8.881783350065852453e-15
6.099999999999999867e-01 7.993605005639096699e-15
6.199999999999999956e-01 0.000000000000000000e+00
6.300000000000000044e-01 0.000000000000000000e+00
6.400000000000000133e-01 -3.330668740548581342e-16
6.500000000000000222e-01 5.995203725890381973e-15
6.600000000000000311e-01 1.776356657417664562e-15
6.700000000000000400e-01 -1.243449658716715812e-14
6.800000000000000488e-01 0.000000000000000000e+00
6.900000000000000577e-01 -3.552713302170191746e-15
7.000000000000000666e-01 1.421085319174790710e-14
7.099999999999999645e-01 -1.421085317479086862e-14
7.199999999999999734e-01 -5.329069934178316611e-15
7.299999999999999822e-01 3.552713285200282218e-15
7.399999999999999911e-01 -8.881783202354322189e-15
7.500000000000000000e-01 -8.326671742210228269e-16
7.600000000000000089e-01 2.220445795252493854e-15
7.700000000000000178e-01 -3.996802426639964651e-15
7.800000000000000266e-01 1.332267473939033194e-14
7.900000000000000355e-01 2.575717113168557980e-14
8.000000000000000444e-01 1.776356627620215452e-15
8.100000000000000533e-01 4.440891563662524182e-15
8.200000000000000622e-01 7.993604804875599285e-15
8.300000000000000711e-01 1.154631803742401948e-14
8.399999999999999689e-01 7.105426475897219445e-15
8.499999999999999778e-01 -1.110222885501268840e-15
8.599999999999999867e-01 8.326671631055751851e-17
8.699999999999999956e-01 -3.552713224887570666e-15
8.800000000000000044e-01 8.881783051287995659e-16
8.900000000000000133e-01 -9.769961344366104958e-15
9.000000000000000222e-01 -6.217248120547001818e-15
9.100000000000000311e-01 -1.154631792385179384e-14
9.200000000000000400e-01 -9.769961308047961779e-15
9.300000000000000488e-01 -4.440891498129355984e-15
9.400000000000000577e-01 5.329069791104468054e-15
9.500000000000000666e-01 5.773158933140287546e-15
9.599999999999999645e-01 -1.554312018511310055e-15
9.699999999999999734e-01 3.663735467598079350e-15
9.799999999999999822e-01 -6.217248058388444889e-15
9.899999999999999911e-01 1.776356585865435594e-15
1.000000000000000000e+00 1.776356583613829749e-15
1.010000000000000009e+00 -5.329069744068175885e-15
1.020000000000000018e+00 7.105426316368043217e-15
1.030000000000000027e+00 -7.993604595697098560e-15
1.040000000000000036e+00 8.881782872723235812e-16
1.050000000000000044e+00 3.996802287587489176e-15
1.060000000000000053e+00 8.881782849854245930e-16
1.070000000000000062e+00 -1.554311996714547213e-15
1.080000000000000071e+00 -2.886579418725852145e-15
1.090000000000000080e+00 -8.881782815293511101e-16
1.100000000000000089e+00 8.881782803702507636e-16
1.110000000000000098e+00 -1.776356558415044694e-15
1.120000000000000107e+00 -2.220445695102782587e-14
1.130000000000000115e+00 -2.664534830612908881e-15
1.140000000000000124e+00 -8.881782756970400430e-16
1.150000000000000133e+00 -7.105426196154165692e-15
1.159999999999999920e+00 1.776356546675227747e-15
1.169999999999999929e+00 -2.220445680380042181e-16
1.179999999999999938e+00 2.498001387081825436e-16
1.189999999999999947e+00 6.661337023265959120e-16
1.199999999999999956e+00 3.996802208569830065e-15
1.209999999999999964e+00 -1.776356534738418821e-15
1.219999999999999973e+00 1.154631746012104666e-14
1.229999999999999982e+00 1.243449570934019239e-14
1.239999999999999991e+00 -1.865174353850432583e-14
1.250000000000000000e+00 -1.509903046282985021e-14
1.260000000000000009e+00 6.661336959720966529e-15
1.270000000000000018e+00 -1.776356520136870889e-15
1.280000000000000027e+00 -5.662136400081263716e-15
1.290000000000000036e+00 -5.551114109997599141e-16
1.300000000000000044e+00 -1.554311948627206159e-15
1.310000000000000053e+00 4.440891275563005032e-16
1.320000000000000062e+00 3.108623888517586100e-15
1.330000000000000071e+00 2.664534757821197203e-15
1.340000000000000080e+00 -5.329069508083541045e-15
1.350000000000000089e+00 -2.220445625206754940e-15
1.360000000000000098e+00 -8.881782488133666208e-16
1.370000000000000107e+00 3.552712990156863761e-15
1.380000000000000115e+00 -4.440891231301057288e-15
1.390000000000000124e+00 3.469446269438782149e-15
1.400000000000000133e+00 -1.665334206914120516e-15
1.409999999999999920e+00 1.776356484787579853e-15
1.419999999999999929e+00 2.220445602737685786e-15
1.429999999999999938e+00 1.065813887749630643e-14
1.439999999999999947e+00 -4.440891192413087692e-15
1.449999999999999956e+00 -1.332267355753239630e-15
1.459999999999999964e+00 3.996802061324823463e-15
1.469999999999999973e+00 3.552712938104004725e-15
1.479999999999999982e+00 7.993604098772340360e-15
1.489999999999999991e+00 -4.996002554227784909e-16
1.500000000000000000e+00 1.110222788154200612e-16
1.510000000000000009e+00 2.886579244831219854e-15
1.520000000000000018e+00 6.661336708718518423e-15
1.530000000000000027e+00 -6.217247585319711366e-15
1.540000000000000036e+00 7.105425800913239754e-15
1.550000000000000044e+00 -4.884980230618720084e-15
1.560000000000000053e+00 -2.664534667135042848e-15
1.570000000000000062e+00 7.549514878522287401e-15
1.580000000000000071e+00 4.884980207919227026e-15
1.590000000000000080e+00 7.660537132281324361e-15
1.600000000000000089e+00 -3.587407328972014191e-15
1.610000000000000098e+00 0.000000000000000000e+00
1.620000000000000107e+00 -4.884980177251621147e-15
1.630000000000000115e+00 0.000000000000000000e+00
1.640000000000000124e+00 -6.661336584199348494e-16
1.650000000000000133e+00 -8.659737545639998342e-15
1.660000000000000142e+00 -6.661336562900435769e-15
1.669999999999999929e+00 -6.661336552193117840e-16
1.679999999999999938e+00 6.328269714375041349e-15
1.689999999999999947e+00 -4.829468984731036442e-15
1.699999999999999956e+00 -1.110222753306927960e-16
1.709999999999999964e+00 5.551113757484871254e-17
1.719999999999999973e+00 7.771559247765292490e-16
1.729999999999999982e+00 2.109423220930804672e-15
1.739999999999999991e+00 -1.443289569838617112e-15
1.750000000000000000e+00 5.551113720974831423e-16
1.760000000000000009e+00 7.771559196479040988e-16
1.770000000000000018e+00 1.554311836710241639e-15
1.780000000000000027e+00 -8.326670539908896400e-16
1.790000000000000036e+00 -2.636778999890090382e-15
1.800000000000000044e+00 -1.755539699610123227e-15
1.810000000000000053e+00 -2.331467739428134230e-15
1.820000000000000062e+00 -7.771559118295294037e-16
1.830000000000000071e+00 -1.609822957490011696e-15
1.840000000000000080e+00 -5.551113637081706629e-16
1.850000000000000089e+00 4.718446583476072792e-15
1.860000000000000098e+00 6.661336341755188451e-16
1.870000000000000107e+00 2.414734419746838449e-15
1.880000000000000115e+00 -3.247401455456929543e-15
1.890000000000000124e+00 1.797173024602110610e-15
1.900000000000000133e+00 2.498001110960707707e-15
1.910000000000000142e+00 -6.550314012949872586e-15
1.919999999999999929e+00 3.164134729574261571e-15
1.929999999999999938e+00 5.551113550993550975e-17
1.939999999999999947e+00 -6.661336249569545003e-16
1.949999999999999956e+00 -7.494003267660575690e-16
1.959999999999999964e+00 1.734722975584878013e-15
1.969999999999999973e+00 -6.453169457841998810e-16
1.979999999999999982e+00 -2.386978806011672503e-15
1.989999999999999991e+00 1.665334047769207704e-15
2.000000000000000000e+00 5.884180291722168596e-15
2.010000000000000231e+00 1.554311772420867867e-15
2.020000000000000018e+00 -1.665334038926846441e-16
2.030000000000000249e+00 -4.135579522657093493e-15
2.040000000000000036e+00 4.204968433342900300e-15
2.049999999999999822e+00 1.713906272583305050e-15
2.060000000000000053e+00 -1.720845161305309632e-15
2.069999999999999840e+00 -1.165733816866447283e-15
2.080000000000000071e+00 -1.165733814781570741e-15
2.089999999999999858e+00 -4.940490920466353042e-15
2.100000000000000089e+00 2.275956487371359910e-15
2.109999999999999876e+00 -7.438491920990061016e-15
2.120000000000000107e+00 8.548714580413860087e-15
2.129999999999999893e+00 6.328269223479390064e-15
2.140000000000000124e+00 6.522558179137345062e-16
2.149999999999999911e+00 -3.885779333770750026e-16
2.160000000000000142e+00 -2.331467596065245460e-15
2.169999999999999929e+00 1.221244929072877614e-15
2.180000000000000160e+00 4.440890643173974801e-16
2.189999999999999947e+00 2.220445317586160744e-16
2.200000000000000178e+00 1.110222656792485113e-16
2.209999999999999964e+00 -2.442489840542209348e-15
2.220000000000000195e+00 -2.164934172943559818e-15
2.229999999999999982e+00 1.665333976187489931e-15
2.240000000000000213e+00 7.438491746909040615e-15
2.250000000000000000e+00 -1.443289440832174627e-15
2.260000000000000231e+00 -3.552712463349217490e-15
2.270000000000000018e+00 -1.887378492760942358e-15
2.280000000000000249e+00 -2.886578866095509546e-15
2.290000000000000036e+00 -2.442489805388765653e-15
2.300000000000000266e+00 1.776356218915359274e-15
2.310000000000000053e+00 1.332267161799896173e-15
2.319999999999999840e+00 6.661335797080411841e-16
2.330000000000000071e+00 -5.551113154313879169e-16
2.339999999999999858e+00 1.554311680434212610e-15
2.350000000000000089e+00 2.997601092639083511e-15
2.359999999999999876e+00 2.997601087306513560e-15
2.370000000000000107e+00 3.996801442644161884e-15
2.379999999999999893e+00 2.886578814570610265e-15
2.390000000000000124e+00 -6.661335714147011280e-16
2.399999999999999911e+00 6.661335702386002373e-16
2.410000000000000142e+00 -1.998400707195117253e-15
2.419999999999999929e+00 6.661335678941412243e-16
2.430000000000000160e+00 1.776356177936070509e-15
2.439999999999999947e+00 2.942089914560270850e-15
2.450000000000000178e+00 -1.032507024817875320e-14
2.459999999999999964e+00 -2.109422950258680241e-15
2.470000000000000195e+00 -1.110222603472989568e-15
2.479999999999999982e+00 -1.776356162483668446e-15
2.490000000000000213e+00 -1.110222599637404471e-15
2.500000000000000000e+00 0.000000000000000000e+00
2.510000000000000231e+00 -4.440890383303133368e-16
2.520000000000000018e+00 4.440890375717656938e-15
2.530000000000000249e+00 2.831067609700911776e-15
2.540000000000000036e+00 1.804111709004204837e-15
2.550000000000000266e+00 -6.383779882610918764e-15
2.560000000000000053e+00 1.332267103693107333e-15
2.569999999999999840e+00 5.107023888924842535e-15
2.580000000000000071e+00 2.442489681927215624e-15
2.589999999999999858e+00 -2.886578710202206640e-15
2.600000000000000089e+00 -3.330667737022411141e-15
2.609999999999999876e+00 2.442489669786622627e-15
2.620000000000000107e+00 2.775556438379859099e-15
2.629999999999999893e+00 -1.221244830889847939e-15
2.640000000000000124e+00 9.714447502626248085e-16
2.649999999999999911e+00 -8.881780559436307046e-16
2.660000000000000142e+00 8.326669261041154998e-16
2.669999999999999929e+00 3.663734468977030481e-15
2.680000000000000160e+00 -7.549513439165922429e-15
2.689999999999999947e+00 8.326669221139278652e-15
2.700000000000000178e+00 2.664534146550764041e-15
2.709999999999999964e+00 1.554311583042498775e-15
2.720000000000000195e+00 5.218046020618576191e-15
2.729999999999999982e+00 -3.663734434304863724e-15
2.740000000000000213e+00 -1.554311575783078673e-15
2.750000000000000000e+00 -1.165733680041984400e-15
2.760000000000000231e+00 -5.134779297082464911e-16
2.770000000000000018e+00 -8.909535955962791278e-15
2.780000000000000249e+00 -7.771557831438077856e-16
2.790000000000000036e+00 -8.326669092574465548e-16
2.800000000000000266e+00 3.053111996040098176e-15
2.810000000000000053e+00 -7.771557796536152797e-16
2.819999999999999840e+00 -2.775556351799552601e-16
2.830000000000000071e+00 -1.831867189493829015e-15
2.839999999999999858e+00 5.551112687321931462e-17
2.850000000000000089e+00 1.720844930569841833e-15
2.859999999999999876e+00 -3.330667602745711714e-16
2.870000000000000107e+00 -4.857223580368213267e-15
2.879999999999999893e+00 1.471044853671190676e-15
2.890000000000000124e+00 5.828668279872907430e-16
2.899999999999999911e+00 -4.187620597560936631e-15
2.910000000000000142e+00 1.637578226415900605e-15
2.919999999999999929e+00 -1.873500510668728512e-15
2.930000000000000160e+00 -2.275956172781039890e-15
2.939999999999999947e+00 -1.776356034855914812e-15
2.950000000000000178e+00 -6.661335121632518434e-16
2.959999999999999964e+00 2.775556296923085665e-16
2.970000000000000195e+00 -3.608223181148218904e-15
2.979999999999999982e+00 -4.329867811594617524e-15
2.990000000000000213e+00 4.662934560146366228e-15
3.000000000000000000e+00 -5.162534684787673195e-15
3.010000000000000231e+00 -7.716046454261050589e-15
3.020000000000000018e+00 -7.216446314748063091e-16
3.030000000000000249e+00 -8.854024505509605948e-15
3.040000000000000036e+00 5.377640268786250628e-16
3.050000000000000266e+00 2.636778451014760796e-15
3.060000000000000053e+00 3.053111886787337616e-15
3.070000000000000284e+00 1.110222502891853926e-16
3.080000000000000071e+00 1.110222501507022781e-16
3.089999999999999858e+00 6.217246000737855263e-15
3.100000000000000089e+00 -1.443289248395812465e-15
3.109999999999999876e+00 5.551112487048592427e-16
3.120000000000000107e+00 9.992002464565422253e-16
3.129999999999999893e+00 2.997600735758226185e-15
3.140000000000000124e+00 -9.436891193874391706e-16
3.149999999999999911e+00 -2.949028494581956173e-15
3.160000000000000142e+00 3.608223094995937684e-15
3.169999999999999929e+00 2.886578472614512960e-15
3.180000000000000160e+00 -2.886578469255680488e-15
3.189999999999999947e+00 2.220444973784659332e-15
3.200000000000000178e+00 -1.998400474112849989e-15
3.209999999999999964e+00 4.440889937411792707e-16
3.220000000000000195e+00 5.773156912100990488e-15
3.229999999999999982e+00 1.332266978218031061e-15
3.240000000000000213e+00 1.221244728669806015e-15
3.250000000000000000e+00 5.495601272920734002e-15
3.260000000000000231e+00 1.332266973786374184e-15
3.270000000000000018e+00 2.553511696964268430e-15
3.280000000000000249e+00 -4.884978893233420306e-15
3.290000000000000036e+00 -1.332266969444236848e-15
3.300000000000000266e+00 -5.107023377395704393e-15
3.310000000000000053e+00 -1.998400449896751330e-15
3.320000000000000284e+00 -2.886578424575784474e-15
3.330000000000000071e+00 3.330667409472822220e-15
3.339999999999999858e+00 8.881779749324275927e-16
3.350000000000000089e+00 2.220444935028755701e-15
3.359999999999999876e+00 -8.049112881187652997e-16
3.370000000000000107e+00 1.054711341972720726e-15
3.379999999999999893e+00 1.332266956926578396e-15
3.390000000000000124e+00 4.440889851934933011e-16
3.399999999999999911e+00 8.881779694952831826e-16
3.410000000000000142e+00 3.552711874436807110e-15
3.419999999999999929e+00 -5.329067806371995599e-15
3.430000000000000160e+00 1.332266950280401604e-15
3.439999999999999947e+00 8.881779659839333286e-16
3.450000000000000178e+00 -3.330667369198443782e-15
3.459999999999999964e+00 2.109422665118645254e-15
3.470000000000000195e+00 -1.658394791048165638e-15
3.479999999999999982e+00 1.887378170435136709e-15
3.490000000000000213e+00 -8.881779617138914701e-16
3.500000000000000000e+00 1.332266941312524140e-15
3.510000000000000231e+00 -4.440889800205051281e-15
3.520000000000000018e+00 3.996800816453093259e-15
3.530000000000000249e+00 -1.332266937580959228e-15
3.540000000000000036e+00 2.220444893918650132e-15
3.550000000000000266e+00 -4.884978762137017267e-15
3.560000000000000053e+00 -8.881779559414062335e-16
3.570000000000000284e+00 -1.665333665878222394e-15
3.580000000000000071e+00 2.609022740853328434e-15
3.589999999999999858e+00 -1.998400395454471267e-15
3.600000000000000089e+00 -3.552711810967196884e-15
3.609999999999999876e+00 -8.437690543547886884e-15
3.620000000000000107e+00 -1.776355902334162194e-15
3.629999999999999893e+00 -3.108622826350099840e-15
3.640000000000000124e+00 -7.105423596866578555e-15
3.649999999999999911e+00 3.996800769756384411e-15
3.660000000000000142e+00 -8.881779480649586554e-16
3.669999999999999929e+00 -3.108622815546056126e-15
3.680000000000000160e+00 1.110222433170535792e-16
3.689999999999999947e+00 -2.386978229277179680e-15
3.700000000000000178e+00 -4.440889725110930820e-16
3.709999999999999964e+00 0.000000000000000000e+00
3.720000000000000195e+00 0.000000000000000000e+00
3.729999999999999982e+00 1.332266914164644832e-15
3.740000000000000213e+00 8.881779420344070400e-16
3.750000000000000000e+00 8.881779412955579440e-16
3.760000000000000231e+00 3.108622791959359212e-15
3.770000000000000018e+00 4.440889699135607853e-16
3.780000000000000249e+00 -3.552711756389630725e-15
3.790000000000000036e+00 -4.440889691853063871e-16
3.800000000000000266e+00 -2.775556055145862158e-16
3.810000000000000053e+00 3.552711747702140656e-15
3.820000000000000284e+00 4.440889681035643048e-16
3.830000000000000071e+00 -2.220444838728499559e-15
3.839999999999999858e+00 6.217245543448009862e-15
3.850000000000000089e+00 0.000000000000000000e+00
3.859999999999999876e+00 7.105423466877439615e-15
3.870000000000000107e+00 -8.881779326540699046e-16
3.879999999999999893e+00 -4.440889659754234259e-16
3.890000000000000124e+00 3.552711724999819926e-15
3.899999999999999911e+00 -2.220444826378348424e-16
3.910000000000000142e+00 -1.443289136014287560e-15
3.919999999999999929e+00 1.110222411450901063e-15
3.930000000000000160e+00 -1.332266892702919696e-15
3.939999999999999947e+00 0.000000000000000000e+00
3.950000000000000178e+00 8.881779270905327211e-16
3.959999999999999964e+00 4.440889632022292592e-15
3.970000000000000195e+00 -5.329067554321779283e-15
3.979999999999999982e+00 0.000000000000000000e+00
3.990000000000000213e+00 -3.552711697430029801e-15
4.000000000000000000e+00 4.440889618393922225e-16
4.009999999999999787e+00 2.220444807504447715e-16
4.020000000000000462e+00 5.828667615267303687e-16
4.030000000000000249e+00 6.661334412395525339e-16
4.040000000000000036e+00 0.000000000000000000e+00
4.049999999999999822e+00 -6.217245442170107279e-15
4.060000000000000497e+00 1.776355839281826648e-15
4.070000000000000284e+00 7.105423351786095065e-15
4.080000000000000071e+00 -7.993601264763146223e-15
4.089999999999999858e+00 -4.440889588210676844e-15
4.099999999999999645e+00 -1.376675771316797478e-14
4.110000000000000320e+00 1.332266874474457732e-15
4.120000000000000107e+00 -3.552711662621105724e-15
4.129999999999999893e+00 3.608222779669028555e-16
4.139999999999999680e+00 4.440889571683978559e-16
4.150000000000000355e+00 -4.440889568396337628e-16
4.160000000000000142e+00 4.884978521625573542e-15
4.169999999999999929e+00 0.000000000000000000e+00
4.179999999999999716e+00 0.000000000000000000e+00
4.190000000000000391e+00 1.776355822119435650e-15
4.200000000000000178e+00 -2.664533731221881693e-15
4.209999999999999964e+00 6.217245368290516181e-15
4.219999999999999751e+00 0.000000000000000000e+00
4.230000000000000426e+00 1.776355816910792591e-15
4.240000000000000213e+00 1.720844696374988419e-15
4.250000000000000000e+00 -2.220444767895710109e-16
4.259999999999999787e+00 -1.332266859766319309e-15
4.270000000000000462e+00 4.440889529321026287e-16
4.280000000000000249e+00 4.440889526091142497e-15
4.290000000000000036e+00 -1.776355809145842614e-15
4.299999999999999822e+00 1.065813484713906992e-14
4.310000000000000497e+00 -2.664533709852612436e-15
4.320000000000000284e+00 9.769956929048127755e-15
4.330000000000000071e+00 -8.881779019978349626e-16
4.339999999999999858e+00 4.884978457455058429e-15
4.350000000000000533e+00 -2.886578177319211611e-15
4.360000000000000320e+00 1.776355800144453550e-15
4.370000000000000107e+00 -1.776355798862620449e-15
4.379999999999999893e+00 8.881778987908280403e-16
4.389999999999999680e+00 8.881778981507593180e-16
4.400000000000000355e+00 4.440889487555396929e-15
4.410000000000000142e+00 -1.776355793743537557e-15
4.419999999999999929e+00 -2.664533688698406383e-15
4.429999999999999716e+00 -1.776355791188322225e-15
4.440000000000000391e+00 -4.884978422257030682e-15
4.450000000000000178e+00 -2.664533682953306749e-15
4.459999999999999964e+00 4.218844994979895510e-15
4.469999999999999751e+00 -1.887378022715165633e-15
4.480000000000000426e+00 -2.220444731012773879e-16
4.490000000000000213e+00 -8.881778917679946204e-16
4.500000000000000000e+00 2.664533673393205568e-15
4.509999999999999787e+00 8.881778904943128190e-16
4.520000000000000462e+00 -1.776355779715421295e-15
4.530000000000000249e+00 -8.881778892212458361e-16
4.540000000000000036e+00 5.329067331509405788e-15
4.549999999999999822e+00 -1.776355775897323075e-15
4.560000000000000497e+00 1.776355774625021583e-15
4.570000000000000284e+00 -2.442489188360192197e-15
4.580000000000000071e+00 -4.329867194447021128e-15
4.589999999999999858e+00 -1.110222356755551809e-16
4.600000000000000533e+00 -8.881778847684973824e-16
4.610000000000000320e+00 -2.220444710331425893e-15
4.620000000000000107e+00 -4.440889417483232735e-15
4.629999999999999893e+00 8.881778828607126194e-16
4.639999999999999680e+00 0.000000000000000000e+00
4.650000000000000355e+00 -8.881778815887638468e-16
4.660000000000000142e+00 -1.332266821429086643e-15
4.669999999999999929e+00 -3.108622581108192533e-15
4.679999999999999716e+00 -1.332266819520686766e-15
4.690000000000000391e+00 -2.331466932491041457e-15
4.700000000000000178e+00 -2.775555870024573644e-16
4.709999999999999964e+00 -3.330667041642811398e-15
4.719999999999999751e+00 -2.220444692837140011e-15
4.730000000000000426e+00 2.664533629494511015e-15
4.740000000000000213e+00 0.000000000000000000e+00
4.750000000000000000e+00 8.881778752243895677e-16
4.759999999999999787e+00 -1.776355749174549470e-15
4.770000000000000462e+00 -2.220444684874992950e-15
4.780000000000000249e+00 0.000000000000000000e+00
4.790000000000000036e+00 3.108622554362223656e-15
4.799999999999999822e+00 4.440889360185528729e-16
4.810000000000000497e+00 -2.374834972549528897e-15
4.820000000000000284e+00 -2.442489144592409505e-15
4.830000000000000071e+00 2.220444675306117270e-15
4.839999999999999858e+00 8.881778694837972872e-16
4.850000000000000533e+00 -4.440889344224600697e-16
4.860000000000000320e+00 7.993600813852275438e-15
4.870000000000000107e+00 4.440889337832271356e-15
4.879999999999999893e+00 -3.552711467707403987e-15
4.889999999999999680e+00 -5.773156130865441969e-15
4.900000000000000355e+00 -6.217245059528081225e-15
4.910000000000000142e+00 -4.440889325032396535e-15
4.919999999999999929e+00 -3.941289273123293523e-15
4.929999999999999716e+00 -2.553511358208982926e-15
4.940000000000000391e+00 -2.886578055021789141e-15
4.950000000000000178e+00 4.440889312210483898e-16
4.959999999999999964e+00 -1.332266792700399895e-15
4.969999999999999751e+00 3.996800375211596667e-15
4.980000000000000426e+00 1.776355721031373232e-15
4.990000000000000213e+00 4.884978229301077397e-15
5.000000000000000000e+00 -3.108622507304434239e-15
5.009999999999999787e+00 7.549511797967726628e-15
5.020000000000000462e+00 -6.217245005584377819e-15
5.030000000000000249e+00 -2.220444643242030768e-15
5.040000000000000036e+00 -9.714445307142175424e-16
5.049999999999999822e+00 -3.330666960034439989e-15
5.060000000000000497e+00 6.217244987557587160e-15
5.070000000000000284e+00 4.440889273607780112e-16
5.080000000000000071e+00 7.993600686699667321e-15
5.089999999999999858e+00 -1.332266780150890198e-15
5.100000000000000533e+00 1.332266779185169439e-15
5.110000000000000320e+00 4.440889260731492181e-15
5.120000000000000107e+00 0.000000000000000000e+00
5.129999999999999893e+00 3.108622478005349386e-15
5.139999999999999680e+00 -2.442489088090855775e-15
5.150000000000000355e+00 -2.609022433114935118e-15
5.160000000000000142e+00 0.000000000000000000e+00
5.169999999999999929e+00 4.884978165558774916e-15
5.179999999999999716e+00 4.440889238198000208e-16
5.190000000000000391e+00 -8.881778469957856104e-16
5.200000000000000178e+00 -2.664533539055914623e-15
5.209999999999999964e+00 -2.664533537124472710e-15
5.219999999999999751e+00 1.332266767596515201e-15
5.230000000000000426e+00 4.440889222102644361e-16
5.240000000000000213e+00 -3.552711375106858553e-15
5.250000000000000000e+00 2.220444607832250272e-16
5.259999999999999787e+00 -1.110222303111357836e-15
5.270000000000000462e+00 -9.714445145182667447e-16
5.280000000000000249e+00 -1.776355682402915800e-15
5.290000000000000036e+00 1.332266760836466732e-15
5.299999999999999822e+00 4.440889199569149627e-16
5.310000000000000497e+00 -1.776355678540031186e-15
5.320000000000000284e+00 8.881778386262019507e-16
5.330000000000000071e+00 -1.332266756973581329e-15
5.339999999999999858e+00 4.440889186692866724e-15
5.350000000000000533e+00 -2.664533510084278437e-15
5.360000000000000320e+00 2.442489049140096006e-15
5.370000000000000107e+00 -1.776355670814260182e-15
5.379999999999999893e+00 -4.024555813771278170e-15
5.389999999999999680e+00 -3.552711336478010043e-15
5.400000000000000355e+00 4.440889167378439905e-16
5.410000000000000142e+00 1.998400123871716572e-15
5.419999999999999929e+00 2.220444580470147501e-15
5.429999999999999716e+00 2.664533494632740374e-15
5.440000000000000391e+00 8.881778309004320317e-16
5.450000000000000178e+00 2.664533490769856549e-15
5.459999999999999964e+00 3.552711318451212678e-15
5.469999999999999751e+00 -4.218844687602700304e-15
5.480000000000000426e+00 1.332266742487761855e-15
5.490000000000000213e+00 8.326667134512756112e-16
5.500000000000000000e+00 3.608222422340030886e-15
5.509999999999999787e+00 -6.661333697952991973e-16
5.520000000000000462e+00 4.218844672312113137e-15
5.530000000000000249e+00 2.220444562765258634e-15
5.540000000000000036e+00 1.776355648924581950e-15
5.549999999999999822e+00 -4.440889119092378282e-16
5.560000000000000497e+00 0.000000000000000000e+00
5.570000000000000284e+00 4.440889112654238901e-16
5.580000000000000071e+00 -2.220444554717582633e-16
5.589999999999999858e+00 2.664533463729658332e-15
5.600000000000000533e+00 6.994400337220317805e-15
5.610000000000000320e+00 1.929011202716050407e-15
5.620000000000000107e+00 7.771555918978052741e-16
5.629999999999999893e+00 4.662933548006806818e-15
5.639999999999999680e+00 -4.440889090120747421e-15
5.650000000000000355e+00 2.664533452141002517e-15
5.660000000000000142e+00 1.776355633473039942e-15
5.669999999999999929e+00 4.440889080463525236e-16
5.679999999999999716e+00 -6.661333615866688988e-16
5.690000000000000391e+00 2.886577898116502729e-15
5.700000000000000178e+00 3.996800163725688838e-15
5.709999999999999964e+00 -2.109422307103941582e-15
5.719999999999999751e+00 9.436889261782378687e-16
5.730000000000000426e+00 -3.774755701976736938e-15
5.740000000000000213e+00 -3.330666793447528176e-16
5.750000000000000000e+00 6.661333582066453543e-16
5.759999999999999787e+00 -5.107022409215678462e-15
5.770000000000000462e+00 4.440889048272824192e-15
5.780000000000000249e+00 1.110222261263437368e-15
5.790000000000000036e+00 6.661333562752017652e-15
5.799999999999999822e+00 -2.220444519307805934e-16
5.810000000000000497e+00 1.776355614158616082e-15
5.820000000000000284e+00 6.772355774070650300e-15
5.830000000000000071e+00 2.220444514479198440e-16
5.839999999999999858e+00 9.853222525859132572e-16
5.850000000000000533e+00 1.110222255630065607e-16
5.860000000000000320e+00 2.664533411580714855e-15
5.870000000000000107e+00 3.108622311257482535e-15
5.879999999999999893e+00 1.110222253215763192e-15
5.889999999999999680e+00 -1.776355603857590115e-15
5.900000000000000355e+00 4.440889006424909541e-16
5.910000000000000142e+00 -2.664533401923500952e-15
5.919999999999999929e+00 6.661333499980149571e-16
5.929999999999999716e+00 2.664533398060614760e-15
5.940000000000000391e+00 1.887377822258164741e-15
5.950000000000000178e+00 1.554311146615342980e-15
5.959999999999999964e+00 -2.220444493555242249e-16
5.969999999999999751e+00 3.330666737918560859e-15
5.980000000000000426e+00 -1.332266694201703584e-15
5.990000000000000213e+00 1.776355590981308396e-15
6.000000000000000000e+00 -1.776355589693681308e-15
6.009999999999999787e+00 -4.440888971015131905e-15
6.020000000000000462e+00 -1.998400035508227075e-15
6.030000000000000249e+00 -3.330666723432742372e-15
6.040000000000000036e+00 1.110222240339479698e-15
6.049999999999999822e+00 -3.330666718604136801e-16
6.060000000000000497e+00 -4.440888954919779706e-16
6.070000000000000284e+00 -1.942888916369058734e-15
6.080000000000000071e+00 1.304511128616481707e-15
6.089999999999999858e+00 1.221244459947205766e-15
6.100000000000000533e+00 1.665333353266311486e-15
6.110000000000000320e+00 1.998400022470992290e-15
6.120000000000000107e+00 -8.881777871210707353e-16
6.129999999999999893e+00 1.110222233096571440e-15
6.140000000000000568e+00 2.220444464583607394e-16
6.150000000000000355e+00 -2.886577801866293106e-15
6.160000000000000142e+00 5.551111153411342782e-16
6.169999999999999929e+00 -1.998400013779501119e-15
6.179999999999999716e+00 3.386177798671833680e-15
6.190000000000000391e+00 -1.262877784654809582e-15
6.200000000000000178e+00 2.137177787866654418e-15
6.209999999999999964e+00 9.436888926596648152e-16
6.219999999999999751e+00 -1.998400006536593256e-15
6.230000000000000426e+00 1.776355560078232467e-15
6.240000000000000213e+00 -1.443288891517364714e-15
6.250000000000000000e+00 -3.108622225630206786e-15
6.259999999999999787e+00 6.661333335807545573e-16
6.270000000000000462e+00 2.775555554574559517e-15
6.280000000000000249e+00 -4.218844439895214548e-15
6.290000000000000036e+00 3.441688882682896144e-15
6.299999999999999822e+00 1.443288885240176624e-15
6.310000000000000497e+00 2.494530547441036423e-15
6.320000000000000284e+00 -2.220444435611975646e-15
6.330000000000000071e+00 -3.885777759504265227e-16
6.339999999999999858e+00 -1.887377767533965118e-15
6.350000000000000533e+00 -1.665333323087525831e-15
6.360000000000000320e+00 8.881777716695314890e-16
6.370000000000000107e+00 9.991999924039336500e-16
6.379999999999999893e+00 -3.330666638932141630e-16
6.390000000000000568e+00 1.443288875824395771e-15
6.400000000000000355e+00 -4.440888845471377698e-16
6.410000000000000142e+00 -1.110222210563077372e-16
6.419999999999999929e+00 4.107822176105745703e-15
6.429999999999999716e+00 -1.536963870520057858e-15
6.440000000000000391e+00 -1.276755539371090975e-15
6.450000000000000178e+00 -2.109422193953612561e-15
6.459999999999999964e+00 6.661333239235432186e-16
6.469999999999999751e+00 4.440888822937881978e-16
6.480000000000000426e+00 5.551111024648524604e-16
6.490000000000000213e+00 -1.221244424537429214e-15
6.500000000000000000e+00 -6.661333219921014044e-16
6.509999999999999787e+00 -6.661333215092405318e-16
6.520000000000000462e+00 -2.442488843763393267e-15
6.530000000000000249e+00 4.052311033306411466e-15
6.540000000000000036e+00 2.497999950227473143e-15
6.549999999999999822e+00 -1.679211076435702323e-15
6.560000000000000497e+00 1.193488863378430146e-15
6.570000000000000284e+00 -2.275955505257931119e-15
6.580000000000000071e+00 -1.665333295323041482e-15
6.589999999999999858e+00 -3.552711027447231428e-15
6.600000000000000533e+00 5.218044317780714077e-15
6.610000000000000320e+00 -8.326666458507931048e-15
6.620000000000000107e+00 4.440888774651828045e-15
6.629999999999999893e+00 1.776355508573104801e-15
6.640000000000000568e+00 -2.886577699338898746e-15
6.650000000000000355e+00 1.332266629498384913e-15
6.660000000000000142e+00 9.159333071162062239e-16
6.669999999999999929e+00 -1.484922178642321354e-15
6.679999999999999716e+00 -9.436888605091986358e-16
6.690000000000000391e+00 -1.332266625635500102e-15
6.700000000000000178e+00 -7.771555310573718091e-16
6.709999999999999964e+00 1.554311060988068413e-15
6.719999999999999751e+00 0.000000000000000000e+00
6.730000000000000426e+00 2.331466588102077793e-15
6.740000000000000213e+00 5.662133138429302004e-15
6.750000000000000000e+00 -5.551110916004888909e-16
6.759999999999999787e+00 -6.106222003179155681e-15
6.770000000000000462e+00 -1.165733290671014859e-15
6.780000000000000249e+00 3.066988774423189629e-15
6.790000000000000036e+00 6.522555307393710148e-16
6.799999999999999822e+00 3.830266518161131754e-15
6.810000000000000497e+00 4.662933149163965653e-15
6.820000000000000284e+00 1.776355484108168450e-15
6.830000000000000071e+00 3.663733183317366290e-15
6.839999999999999858e+00 -3.330666527874207488e-16
6.850000000000000533e+00 -9.991999576379719236e-16
6.860000000000000320e+00 -6.661333046091210343e-16
6.870000000000000107e+00 1.110222173543766049e-15
6.879999999999999893e+00 3.330666518216997234e-15
6.890000000000000568e+00 -2.497999886852022143e-16
6.900000000000000355e+00 3.608222056170758539e-16
6.910000000000000142e+00 -2.747799871553622331e-15
6.919999999999999929e+00 1.054711061043932907e-15
6.929999999999999716e+00 -1.831866578380018664e-15
6.940000000000000391e+00 5.551110839551965893e-16
6.950000000000000178e+00 3.441688718027441429e-15
6.959999999999999964e+00 4.440888665203432151e-16
6.969999999999999751e+00 5.551110827480452459e-16
6.980000000000000426e+00 -1.665333247036984000e-15
6.990000000000000213e+00 -4.218844222768907858e-15
7.000000000000000000e+00 5.995199680641654069e-15
7.009999999999999787e+00 -6.383777433092864309e-16
7.020000000000000462e+00 2.451162365875457465e-15
7.030000000000000249e+00 -6.106221883671168447e-16
7.040000000000000036e+00 1.221244375848989561e-15
7.049999999999999822e+00 8.881777272463601988e-16
7.060000000000000497e+00 -2.220444316506363926e-16
7.070000000000000284e+00 -3.330666472345241650e-16
7.080000000000000071e+00 -2.109422097622928871e-15
7.089999999999999858e+00 -1.443288802590542939e-15
7.100000000000000533e+00 -2.109422094564811753e-15
7.110000000000000320e+00 -4.773955263186180046e-15
7.120000000000000107e+00 -1.831866553150550864e-15
7.129999999999999893e+00 -1.165733260250799507e-15
7.140000000000000568e+00 2.581266502969968689e-15
7.150000000000000355e+00 2.442488732222603577e-15
7.160000000000000142e+00 4.995999675924780444e-16
7.169999999999999929e+00 -1.110222149400739329e-16
7.179999999999999716e+00 -2.664533156630328730e-15
7.190000000000000391e+00 -4.440888591164815174e-15
7.200000000000000178e+00 -6.217244023124042317e-15
7.209999999999999964e+00 2.220444292363337552e-16
7.219999999999999751e+00 -3.552710865206080781e-15
7.230000000000000426e+00 -5.551110722860660163e-16
7.240000000000000213e+00 4.440888575069465047e-16
7.250000000000000000e+00 1.790233205527190337e-15
7.259999999999999787e+00 -9.436888208341556934e-16
7.270000000000000462e+00 2.164933175638471356e-15
7.280000000000000249e+00 -1.609822103795027995e-15
7.290000000000000036e+00 1.498799888653762952e-15
7.299999999999999822e+00 -2.442488705665271854e-15
7.310000000000000497e+00 0.000000000000000000e+00
7.320000000000000284e+00 -1.887377633459681187e-15
7.330000000000000071e+00 1.110222136524457856e-15
7.339999999999999858e+00 -2.886577552871192293e-15
7.350000000000000533e+00 3.608221938473498369e-16
7.360000000000000320e+00 3.649855265887130663e-15
7.370000000000000107e+00 3.400055283247746297e-16
7.379999999999999893e+00 4.718444063127636342e-16
7.390000000000000568e+00 2.942088648994008577e-15
7.400000000000000355e+00 2.109422048693060902e-15
7.410000000000000142e+00 -3.719244135789161569e-15
7.419999999999999929e+00 -3.885777452485424089e-15
7.429999999999999716e+00 4.329866301059448247e-15
7.440000000000000391e+00 5.218044000058465591e-15
7.450000000000000178e+00 1.609822083957508890e-15
7.459999999999999964e+00 2.220444252124957253e-15
7.469999999999999751e+00 2.497999781829850142e-16
7.480000000000000426e+00 -2.123299813016254680e-15
7.490000000000000213e+00 -2.248199800387556875e-15
7.500000000000000000e+00 -4.607421809800145938e-15
7.509999999999999787e+00 1.665333183057961322e-15
7.520000000000000462e+00 1.776355393974197994e-15
7.530000000000000249e+00 -3.441688573330228358e-15
7.540000000000000036e+00 -7.771554837370366638e-16
7.549999999999999822e+00 9.436888009966352083e-16
7.560000000000000497e+00 -2.609021977334787658e-15
7.570000000000000284e+00 2.053910916838564697e-15
7.580000000000000071e+00 4.607421783081861740e-15
7.589999999999999858e+00 -2.359221995651063511e-16
7.600000000000000533e+00 2.699227516597125753e-15
7.610000000000000320e+00 4.440888455963862349e-16
7.620000000000000107e+00 -6.661332679117187756e-16
7.629999999999999893e+00 -3.386177442763360226e-15
7.640000000000000568e+00 9.436887948401633472e-16
7.650000000000000355e+00 -9.991998996947054692e-16
7.660000000000000142e+00 3.053110802409600760e-15
7.669999999999999929e+00 1.942888691034130128e-15
7.679999999999999716e+00 -2.720044165476098815e-15
7.690000000000000391e+00 -4.912732825921248274e-15
7.700000000000000178e+00 -2.359221976839622196e-15
7.709999999999999964e+00 -3.863009144019470929e-15
7.719999999999999751e+00 -2.664533052332452425e-15
7.730000000000000426e+00 -3.635977391693044642e-15
7.740000000000000213e+00 3.497199626116305804e-15
7.750000000000000000e+00 -1.221244312996640708e-15
7.759999999999999787e+00 5.551110509597259190e-15
7.770000000000000462e+00 2.220444202229369709e-15
7.780000000000000249e+00 4.440888401239663909e-15
7.790000000000000036e+00 -2.109421989059782232e-15
7.799999999999999822e+00 8.326665740252862312e-16
7.810000000000000497e+00 1.859622013975152996e-15
7.820000000000000284e+00 -1.471044278645371954e-15
7.830000000000000071e+00 -5.953565991334096475e-15
7.839999999999999858e+00 4.801710562956673923e-15
7.850000000000000533e+00 1.165733199410371170e-15
7.860000000000000320e+00 -2.275955292437140870e-15
7.870000000000000107e+00 6.661332558402051446e-16
7.879999999999999893e+00 -6.661332553573445678e-16
7.890000000000000568e+00 -4.052310633819777760e-15
7.900000000000000355e+00 -1.720844240511693245e-15
7.910000000000000142e+00 2.775555224619844827e-16
7.919999999999999929e+00 1.110222089043170434e-15
7.930000000000000604e+00 -3.552710682362889638e-15
7.940000000000000391e+00 -8.708304498307586788e-16
7.950000000000000178e+00 2.775555216572171649e-17
7.959999999999999964e+00 -3.608221778928324337e-16
7.969999999999999751e+00 -2.775555212548332873e-16
7.980000000000000426e+00 -1.110222084214564543e-16
7.990000000000000213e+00 1.665333125114695065e-16
8.000000000000000000e+00 -2.831066310642828892e-15
8.009999999999999787e+00 2.053910851330485037e-15
8.019999999999999574e+00 -3.941288387534006697e-15
8.029999999999999361e+00 8.326665601430455358e-16
8.040000000000000924e+00 -2.664532990526304117e-15
8.050000000000000711e+00 -1.457166478137815552e-15
8.060000000000000497e+00 -9.991998699987825602e-16
8.070000000000000284e+00 2.275955257791898725e-15
8.080000000000000071e+00 -2.775555190417228691e-15
8.089999999999999858e+00 1.776355320579398407e-15
8.099999999999999645e+00 2.775555186393389236e-16
8.109999999999999432e+00 -1.498799799565994028e-15
8.120000000000000995e+00 1.998399731306078288e-15
8.130000000000000782e+00 -3.275155112822006954e-15
8.140000000000000568e+00 2.081666383759285506e-15
8.150000000000000355e+00 3.247399556310538916e-15
8.160000000000000142e+00 8.298909971222409980e-15
8.169999999999999929e+00 -3.261277327464204354e-15
8.179999999999999716e+00 3.358421756060629729e-15
8.189999999999999503e+00 2.775555168286120564e-16
8.199999999999999289e+00 1.054710963184196772e-15
8.210000000000000853e+00 -1.498799788701633416e-15
8.220000000000000639e+00 9.991998584101316754e-16
8.230000000000000426e+00 -2.053910818576450532e-15
8.240000000000000213e+00 2.497999642403876933e-15
8.250000000000000000e+00 4.440888249943380974e-16
8.259999999999999787e+00 6.938887885506724425e-16
8.269999999999999574e+00 -1.679210867075418265e-15
8.279999999999999361e+00 3.417402278657716940e-16
8.290000000000000924e+00 -1.540433107232650601e-15
8.300000000000000711e+00 -1.804110845000762719e-15
8.310000000000000497e+00 -6.106221317114820135e-16
8.320000000000000284e+00 2.164933010862320134e-15
8.330000000000000071e+00 2.220444112095410888e-15
8.339999999999999858e+00 -3.108621754680224675e-15
8.349999999999999645e+00 1.720844184379162927e-15
8.359999999999999432e+00 -4.995999241350313788e-15
8.370000000000000995e+00 -1.054710950187203360e-15
8.380000000000000782e+00 -5.412332503616351061e-15
8.390000000000000568e+00 4.309049336294132823e-15
8.400000000000000355e+00 -3.719243868888013935e-15
8.410000000000000142e+00 1.235122030190642507e-15
8.419999999999999929e+00 -1.304510907345638070e-15
8.429999999999999716e+00 1.137977599200030792e-15
8.439999999999999503e+00 1.110222047195262859e-16
8.449999999999999289e+00 2.609021809017664658e-15
8.460000000000000853e+00 2.609021807126459384e-15
8.470000000000000639e+00 -6.550310064207663101e-15
8.480000000000000426e+00 -3.108621723133342204e-15
8.490000000000000213e+00 2.803310659007848918e-15
8.500000000000000000e+00 6.244998988312454842e-16
8.509999999999999787e+00 -2.716574557946750717e-15
8.519999999999999574e+00 -4.170271540593944753e-15
8.529999999999999361e+00 -1.096344264452952379e-15
8.540000000000000924e+00 4.718443666377254250e-16
8.550000000000000711e+00 -1.887377465182794431e-15
8.560000000000000497e+00 -1.276755343168760889e-15
8.570000000000000284e+00 -1.609821953263264972e-15
8.580000000000000071e+00 1.665333053892778329e-15
8.589999999999999858e+00 -3.746999368542661185e-15
8.599999999999999645e+00 3.746999365826569701e-15
8.609999999999999432e+00 -1.221244236865638023e-15
8.620000000000000995e+00 -3.372299424354950899e-15
8.630000000000000782e+00 -1.544553033839268356e-15
8.640000000000000568e+00 3.108621687079759701e-15
8.650000000000000355e+00 1.637577494685341267e-15
8.660000000000000142e+00 2.081666305294462484e-15
8.669999999999999929e+00 -1.110222028685611401e-16
8.679999999999999716e+00 -1.248999781365949953e-15
8.689999999999999503e+00 1.665333040614117397e-15
8.700000000000001066e+00 -4.163332598517411929e-16
8.710000000000000853e+00 2.248199601569748597e-15
8.720000000000000639e+00 1.831866340691930207e-15
8.730000000000000426e+00 -3.011477239712132312e-15
8.740000000000000213e+00 -2.699227293545758169e-15
8.750000000000000000e+00 8.170540194977496166e-16
8.759999999999999787e+00 2.914332806287100478e-16
8.769999999999999574e+00 4.440888082551754617e-16
8.779999999999999361e+00 -2.220444039666341231e-16
8.790000000000000924e+00 -2.359221790435357915e-15
8.800000000000000711e+00 3.996799265605087787e-15
8.810000000000000497e+00 5.273554582739624620e-16
8.820000000000000284e+00 1.471044172013684582e-15
8.830000000000000071e+00 -4.468643613632568109e-15
8.839999999999999858e+00 1.332266418005478902e-15
8.849999999999999645e+00 -3.427810468841879117e-15
8.859999999999999432e+00 -1.561249706336762799e-15
8.870000000000000995e+00 1.977582959926407896e-15
8.880000000000000782e+00 1.193488662669408705e-15
8.890000000000000568e+00 -1.360021963451393666e-15
8.900000000000000355e+00 1.748599666027139020e-15
8.910000000000000142e+00 3.858021482564900033e-15
8.919999999999999929e+00 -4.524154684908190699e-15
8.929999999999999716e+00 1.665333011642490579e-16
8.939999999999999503e+00 1.082466456782970661e-15
8.950000000000001066e+00 -1.054710905844518562e-15
8.960000000000000853e+00 4.718443522726265194e-16
8.970000000000000639e+00 2.262077334255526676e-15
8.980000000000000426e+00 -4.059249201166416625e-16
8.990000000000000213e+00 -1.734721879582899690e-17
9.000000000000000000e+00 3.746999257182975618e-16
9.009999999999999787e+00 1.332266401588224024e-15
9.019999999999999574e+00 1.304510850609535285e-15
9.029999999999999361e+00 -2.720043899299265514e-15
9.040000000000000924e+00 4.440887995636874459e-16
9.050000000000000711e+00 -5.606621090427477591e-15
9.060000000000000497e+00 -8.576464929140055266e-15
9.070000000000000284e+00 -1.887377394041357285e-15
9.080000000000000071e+00 6.106220976295814155e-16
9.089999999999999858e+00 2.220443989770762462e-15
9.099999999999999645e+00 -1.158794206321641264e-15
9.109999999999999432e+00 -1.269816404809249340e-15
9.120000000000000995e+00 1.401655265494737909e-15
9.130000000000000782e+00 6.522554201039578736e-16
9.140000000000000568e+00 2.442488379895399678e-15
9.150000000000000355e+00 4.329865761221429098e-15
9.160000000000000142e+00 -4.163332459695033572e-15
9.169999999999999929e+00 4.662932351478416640e-15
9.179999999999999716e+00 -4.440887950569899782e-16
9.189999999999999503e+00 -2.775554967094269609e-16
9.200000000000001066e+00 -6.938887412705877169e-17
9.210000000000000853e+00 1.235121958566342417e-15
9.220000000000000639e+00 8.673609253307852417e-16
9.230000000000000426e+00 -7.459303952437723197e-16
9.240000000000000213e+00 1.554310775939417440e-15
9.250000000000000000e+00 -1.942888468515931541e-15
9.259999999999999787e+00 1.248999728854877511e-15
9.269999999999999574e+00 -5.273554406897949509e-15
9.279999999999999361e+00 2.720043850007261875e-15
9.290000000000000924e+00 1.054710879850532132e-15
9.300000000000000711e+00 -2.831066043862427069e-15
9.310000000000000497e+00 7.771553840263487564e-16
9.320000000000000284e+00 3.608221423221126771e-16
9.330000000000000071e+00 -2.359221698088299129e-16
9.339999999999999858e+00 -1.786763490639348128e-15
9.349999999999999645e+00 2.914332681648751711e-15
9.359999999999999432e+00 -2.817188256885031499e-15
9.370000000000000995e+00 4.871098903693936651e-15
9.380000000000000782e+00 9.298109011707195299e-16
9.390000000000000568e+00 -2.803310476124458213e-15
9.400000000000000355e+00 -3.497199205303416271e-15
9.410000000000000142e+00 -3.469443653540080328e-15
9.419999999999999929e+00 -5.273554349558272285e-16
9.429999999999999716e+00 1.026955319959043606e-15
9.439999999999999503e+00 -1.568188527989912615e-15
9.450000000000001066e+00 -6.106220812525656422e-16
9.460000000000000853e+00 -1.519616314742927884e-15
9.470000000000000639e+00 -1.006138655150700054e-16
9.480000000000000426e+00 -1.838805127045970154e-16
9.490000000000000213e+00 3.358421437151427598e-15
9.500000000000000000e+00 1.512677423075013957e-15
9.509999999999999787e+00 -3.774754667689514762e-15
9.519999999999999574e+00 -8.382175800116903691e-15
9.529999999999999361e+00 -4.440887837902468513e-16
9.540000000000000924e+00 -4.246598991915998978e-15
9.550000000000000711e+00 -2.581266052038639191e-15
9.560000000000000497e+00 -1.054710859208248489e-15
9.570000000000000284e+00 -5.967443014878945391e-16
9.580000000000000071e+00 -2.858821535288332110e-15
9.589999999999999858e+00 4.163332329926296453e-17
9.599999999999999645e+00 -1.264612194298432719e-15
9.609999999999999432e+00 -2.504938281540809775e-15
9.620000000000000995e+00 3.642915780763579106e-15
9.630000000000000782e+00 -1.665332927141914588e-15
9.640000000000000568e+00 1.318388566365020824e-15
9.650000000000000355e+00 -2.109421704654977442e-15
9.660000000000000142e+00 -1.054710851562959244e-15
9.669999999999999929e+00 3.580465782973617839e-15
9.679999999999999716e+00 5.273554250169508356e-16
9.689999999999999503e+00 2.775554866498347829e-16
9.700000000000001066e+00 -4.413132234533420701e-15
9.710000000000000853e+00 9.020553303042156899e-16
9.720000000000000639e+00 -1.082466395580411189e-15
9.730000000000000426e+00 9.416069857293913648e-15
9.740000000000000213e+00 -2.532693806500364579e-16
9.750000000000000000e+00 -2.470243820439884406e-15
9.759999999999999787e+00 3.191888080277155368e-16
9.769999999999999574e+00 4.163332275604498327e-16
9.779999999999999361e+00 -3.885776787747511707e-16
9.790000000000000924e+00 -5.551109692758327734e-16
9.800000000000000711e+00 1.054710840859553276e-15
9.810000000000000497e+00 1.137977485365683241e-15
9.820000000000000284e+00 2.248199420678163440e-15
9.830000000000000071e+00 2.470243806115024704e-15
9.839999999999999858e+00 2.775554836319571270e-17
9.849999999999999645e+00 2.400854931676119442e-15
9.859999999999999432e+00 -3.261276927947488128e-16
9.870000000000000995e+00 -9.228719810693689808e-16
9.880000000000000782e+00 1.248999672722355279e-15
9.890000000000000568e+00 3.025354760623376105e-15
9.900000000000000355e+00 2.775554824248062705e-17
9.910000000000000142e+00 -1.665332893341686736e-16
9.919999999999999929e+00 -1.165733024494175445e-15
9.929999999999999716e+00 -2.053910565477106405e-15
9.939999999999999503e+00 9.436886375081317810e-16
9.950000000000001066e+00 -1.554310695945541974e-15
9.960000000000000853e+00 4.995998661917792028e-15
9.970000000000000639e+00 -1.970643915216889511e-15
9.980000000000000426e+00 -1.040833053057267551e-15
9.990000000000000213e+00 -2.164932748789818894e-15
