0.000000000000000000e+00 5.773170733311593361e-01
1.000000000000000021e-02 5.773170732840082753e-01
2.000000000000000042e-02 5.773170731431509495e-01
2.999999999999999889e-02 5.773170729133931811e-01
4.000000000000000083e-02 5.773170726151314325e-01
5.000000000000000278e-02 5.773170723017974071e-01
5.999999999999999778e-02 5.773170720848889159e-01
7.000000000000000666e-02 5.773170721660293436e-01
8.000000000000000167e-02 5.773170728760539383e-01
8.999999999999999667e-02 5.773170747210856213e-01
1.000000000000000056e-01 5.773170784355622365e-01
1.100000000000000006e-01 5.773170850421368572e-01
1.199999999999999956e-01 5.773170959183873130e-01
1.300000000000000044e-01 5.773171128702524468e-01
1.400000000000000133e-01 5.773171382121158324e-01
1.499999999999999944e-01 5.773171748534317027e-01
1.600000000000000033e-01 5.773172263918038283e-01
1.700000000000000122e-01 5.773172972124033242e-01
1.799999999999999933e-01 5.773173925936131434e-01
1.900000000000000022e-01 5.773175188187830154e-01
2.000000000000000111e-01 5.773176832939671543e-01
2.099999999999999922e-01 5.773178946715186166e-01
2.200000000000000011e-01 5.773181629794088554e-01
2.300000000000000100e-01 5.773184997561365828e-01
2.399999999999999911e-01 5.773189181910968193e-01
2.500000000000000000e-01 5.773194332702621390e-01
2.600000000000000089e-01 5.773200619270584255e-01
2.700000000000000178e-01 5.773208231982869254e-01
2.800000000000000266e-01 5.773217383849806872e-01
2.899999999999999800e-01 5.773228312180591626e-01
2.999999999999999889e-01 5.773241280286817156e-01
3.099999999999999978e-01 5.773256579231871299e-01
3.200000000000000067e-01 5.773274529625311846e-01
3.300000000000000155e-01 5.773295483461503563e-01
3.400000000000000244e-01 5.773319826001851451e-01
3.500000000000000333e-01 5.773347977700341582e-01
3.599999999999999867e-01 5.773380396172124174e-01
3.699999999999999956e-01 5.773417578205383149e-01
3.800000000000000044e-01 5.773460061816744204e-01
3.900000000000000133e-01 5.773508428351019628e-01
4.000000000000000222e-01 5.773563304626400106e-01
4.100000000000000311e-01 5.773625365126462405e-01
4.199999999999999845e-01 5.773695334240962485e-01
4.299999999999999933e-01 5.773773988557734382e-01
4.400000000000000022e-01 5.773862159208538181e-01
4.500000000000000111e-01 5.773960734272215456e-01
4.600000000000000200e-01 5.774070661239047997e-01
4.700000000000000289e-01 5.774192949540875031e-01
4.799999999999999822e-01 5.774328673151990499e-01
4.899999999999999911e-01 5.774478973266593540e-01
5.000000000000000000e-01 5.774645061059137108e-01
5.100000000000000089e-01 5.774828220534620193e-01
5.200000000000000178e-01 5.775029811476425357e-01
5.300000000000000266e-01 5.775251272500087074e-01
5.400000000000000355e-01 5.775494124221896008e-01
5.500000000000000444e-01 5.775759972551870458e-01
5.600000000000000533e-01 5.776050512121225777e-01
5.700000000000000622e-01 5.776367529854928851e-01
5.799999999999999600e-01 5.776712908700364357e-01
5.899999999999999689e-01 5.777088631523507045e-01
5.999999999999999778e-01 5.777496785184140782e-01
6.099999999999999867e-01 5.777939564801860550e-01
6.199999999999999956e-01 5.778419278224385947e-01
6.300000000000000044e-01 5.778938350709537097e-01
6.400000000000000133e-01 5.779499329831672139e-01
6.500000000000000222e-01 5.780104890622655978e-01
6.600000000000000311e-01 5.780757840956306515e-01
6.700000000000000400e-01 5.781461127184041038e-01
6.800000000000000488e-01 5.782217840027452649e-01
6.900000000000000577e-01 5.783031220731563726e-01
7.000000000000000666e-01 5.783904667479742301e-01
7.099999999999999645e-01 5.784841742068174142e-01
7.199999999999999734e-01 5.785846176833995269e-01
7.299999999999999822e-01 5.786921881826924130e-01
7.399999999999999911e-01 5.788072952209267763e-01
7.500000000000000000e-01 5.789303675863295418e-01
7.600000000000000089e-01 5.790618541178816914e-01
7.700000000000000178e-01 5.792022244986277935e-01
7.800000000000000266e-01 5.793519700592746347e-01
7.900000000000000355e-01 5.795116045869100896e-01
8.000000000000000444e-01 5.796816651326863745e-01
8.100000000000000533e-01 5.798627128112369133e-01
8.200000000000000622e-01 5.800553335834026658e-01
8.300000000000000711e-01 5.802601390125861069e-01
8.399999999999999689e-01 5.804777669836801435e-01
8.499999999999999778e-01 5.807088823720587545e-01
8.599999999999999867e-01 5.809541776485789288e-01
8.699999999999999956e-01 5.812143734049209920e-01
8.800000000000000044e-01 5.814902187818954404e-01
8.900000000000000133e-01 5.817824917816016850e-01
9.000000000000000222e-01 5.820919994425258759e-01
9.100000000000000311e-01 5.824195778548411084e-01
9.200000000000000400e-01 5.827660919913532078e-01
9.300000000000000488e-01 5.831324353277251848e-01
9.400000000000000577e-01 5.835195292238539722e-01
9.500000000000000666e-01 5.839283220365945049e-01
9.599999999999999645e-01 5.843597879324671229e-01
9.699999999999999734e-01 5.848149253675660741e-01
9.799999999999999822e-01 5.852947552006916299e-01
9.899999999999999911e-01 5.858003184047491096e-01
1.000000000000000000e+00 5.863326733408043001e-01
1.010000000000000009e+00 5.868928925588552392e-01
1.020000000000000018e+00 5.874820590894688221e-01
1.030000000000000027e+00 5.881012621909661453e-01
1.040000000000000036e+00 5.887515925179064302e-01
1.050000000000000044e+00 5.894341366782357428e-01
1.060000000000000053e+00 5.901499711487162569e-01
1.070000000000000062e+00 5.909001555211824686e-01
1.080000000000000071e+00 5.916857250557868708e-01
1.090000000000000080e+00 5.925076825218091869e-01
1.100000000000000089e+00 5.933669893117460292e-01
1.110000000000000098e+00 5.942645558203899503e-01
1.120000000000000107e+00 5.952012310873565637e-01
1.130000000000000115e+00 5.961777917090845813e-01
1.140000000000000124e+00 5.971949300346702794e-01
1.150000000000000133e+00 5.982532416689335664e-01
1.159999999999999920e+00 5.993532123158431535e-01
1.169999999999999929e+00 6.004952040057076612e-01
1.179999999999999938e+00 6.016794407603166528e-01
1.189999999999999947e+00 6.029059937613477915e-01
1.199999999999999956e+00 6.041747660986902524e-01
1.209999999999999964e+00 6.054854771867613783e-01
1.219999999999999973e+00 6.068376469481648883e-01
1.229999999999999982e+00 6.082305798750460291e-01
1.239999999999999991e+00 6.096633490890024376e-01
1.250000000000000000e+00 6.111347805302028702e-01
1.260000000000000009e+00 6.126434374152892604e-01
1.270000000000000018e+00 6.141876051114409929e-01
1.280000000000000027e+00 6.157652765805127215e-01
1.290000000000000036e+00 6.173741385522260039e-01
1.300000000000000044e+00 6.190115585888384953e-01
1.310000000000000053e+00 6.206745732054029796e-01
1.320000000000000062e+00 6.223598772095593201e-01
1.330000000000000071e+00 6.240638144226893225e-01
1.340000000000000080e+00 6.257823699401520168e-01
1.350000000000000089e+00 6.275111640822294001e-01
1.360000000000000098e+00 6.292454481793321452e-01
1.370000000000000107e+00 6.309801023250368734e-01
1.380000000000000115e+00 6.327096352187098205e-01
1.390000000000000124e+00 6.344281862059943933e-01
1.400000000000000133e+00 6.361295296103766095e-01
1.409999999999999920e+00 6.378070814326459725e-01
1.419999999999999929e+00 6.394539084774994997e-01
1.429999999999999938e+00 6.410627399479796873e-01
1.439999999999999947e+00 6.426259815291780475e-01
1.449999999999999956e+00 6.441357319628377986e-01
1.459999999999999964e+00 6.455838020943959199e-01
1.469999999999999973e+00 6.469617363538677779e-01
1.479999999999999982e+00 6.482608366119377852e-01
1.489999999999999991e+00 6.494721883329669376e-01
1.500000000000000000e+00 6.505866889274575238e-01
1.510000000000000009e+00 6.515950781880625042e-01
1.520000000000000018e+00 6.524879706756296915e-01
1.530000000000000027e+00 6.532558899051214008e-01
1.540000000000000036e+00 6.538893041657469762e-01
1.550000000000000044e+00 6.543786637953075136e-01
1.560000000000000053e+00 6.547144397157299567e-01
1.570000000000000062e+00 6.548871630250842069e-01
1.580000000000000071e+00 6.548874654311381827e-01
1.590000000000000080e+00 6.547061203027157994e-01
1.600000000000000089e+00 6.543340841078464365e-01
1.610000000000000098e+00 6.537625380019659316e-01
1.620000000000000107e+00 6.529829293252424893e-01
1.630000000000000115e+00 6.519870127655073011e-01
1.640000000000000124e+00 6.507668909422555936e-01
1.650000000000000133e+00 6.493150541677658039e-01
1.660000000000000142e+00 6.476244191435609476e-01
1.669999999999999929e+00 6.456883663542066776e-01
1.679999999999999938e+00 6.435007759257744819e-01
1.689999999999999947e+00 6.410560617232204939e-01
1.699999999999999956e+00 6.383492034693654116e-01
1.709999999999999964e+00 6.353757766781139571e-01
1.719999999999999973e+00 6.321319802059810478e-01
1.729999999999999982e+00 6.286146612388193722e-01
1.739999999999999991e+00 6.248213375448369300e-01
1.750000000000000000e+00 6.207502168404823717e-01
1.760000000000000009e+00 6.164002131324516354e-01
1.770000000000000018e+00 6.117709599168740242e-01
1.780000000000000027e+00 6.068628201355289464e-01
1.790000000000000036e+00 6.016768915116083027e-01
1.800000000000000044e+00 5.962150136220474295e-01
1.810000000000000053e+00 5.904797639742396242e-01
1.820000000000000062e+00 5.844744556197566387e-01
1.830000000000000071e+00 5.782031301047224625e-01
1.840000000000000080e+00 5.716705470129521682e-01
1.850000000000000089e+00 5.648821701487196645e-01
1.860000000000000098e+00 5.578441504293684128e-01
1.870000000000000107e+00 5.505633055793676123e-01
1.880000000000000115e+00 5.430470967382433622e-01
1.890000000000000124e+00 5.353036021148896983e-01
1.900000000000000133e+00 5.273414878399381722e-01
1.910000000000000142e+00 5.191699761859344120e-01
1.919999999999999929e+00 5.107988113418889808e-01
1.929999999999999938e+00 5.022382229442010626e-01
1.939999999999999947e+00 4.934988875798203001e-01
1.949999999999999956e+00 4.845918884897151280e-01
1.959999999999999964e+00 4.755286737111424356e-01
1.969999999999999973e+00 4.663210129057497322e-01
1.979999999999999982e+00 4.569809531271353253e-01
1.989999999999999991e+00 4.475207737860715795e-01
2.000000000000000000e+00 4.379529410741324069e-01
2.010000000000000231e+00 4.282900621069465896e-01
2.020000000000000018e+00 4.185448390467231272e-01
2.030000000000000249e+00 4.087300234601003446e-01
2.040000000000000036e+00 3.988583711618111649e-01
2.049999999999999822e+00 3.889425977871709961e-01
2.060000000000000053e+00 3.789953353271408032e-01
2.069999999999999840e+00 3.690290898487237348e-01
2.080000000000000071e+00 3.590562006109048743e-01
2.089999999999999858e+00 3.490888007723777497e-01
2.100000000000000089e+00 3.391387798720269520e-01
2.109999999999999876e+00 3.292177482468077176e-01
2.120000000000000107e+00 3.193370035343590096e-01
2.129999999999999893e+00 3.095074993897028448e-01
2.140000000000000124e+00 2.997398165267991521e-01
2.149999999999999911e+00 2.900441361768557602e-01
2.160000000000000142e+00 2.804302160362237561e-01
2.169999999999999929e+00 2.709073687577423506e-01
2.180000000000000160e+00 2.614844430206313963e-01
2.189999999999999947e+00 2.521698071957617082e-01
2.200000000000000178e+00 2.429713356054385431e-01
2.209999999999999964e+00 2.338963973600173274e-01
2.220000000000000195e+00 2.249518477377928094e-01
2.229999999999999982e+00 2.161440220249193911e-01
2.240000000000000213e+00 2.074787319200377955e-01
2.250000000000000000e+00 1.989612641146454308e-01
2.260000000000000231e+00 1.905963812654209721e-01
2.270000000000000018e+00 1.823883251247909176e-01
2.280000000000000249e+00 1.743408217591286558e-01
2.290000000000000036e+00 1.664570887535329335e-01
2.300000000000000266e+00 1.587398443013963711e-01
2.310000000000000053e+00 1.511913180795996237e-01
2.319999999999999840e+00 1.438132638167088639e-01
2.330000000000000071e+00 1.366069734730185614e-01
2.339999999999999858e+00 1.295732929688838131e-01
2.350000000000000089e+00 1.227126394234448747e-01
2.359999999999999876e+00 1.160250199022573314e-01
2.370000000000000107e+00 1.095100517234904036e-01
2.379999999999999893e+00 1.031669844442756057e-01
2.390000000000000124e+00 9.699472373092957178e-02
2.399999999999999911e+00 9.099185757276087583e-02
2.410000000000000142e+00 8.515668524833458486e-02
2.419999999999999929e+00 7.948725009586299350e-02
2.430000000000000160e+00 7.398137736899922101e-02
2.439999999999999947e+00 6.863671926525130584e-02
2.450000000000000178e+00 6.345081031940180694e-02
2.459999999999999964e+00 5.842113814877601674e-02
2.470000000000000195e+00 5.354523748398510447e-02
2.479999999999999982e+00 4.882082042204758526e-02
2.490000000000000213e+00 4.424596449190664610e-02
2.500000000000000000e+00 3.981939581049628168e-02
2.510000000000000231e+00 3.554093379311983741e-02
2.520000000000000018e+00 3.141222059159592961e-02
2.530000000000000249e+00 2.743797283788198052e-02
2.540000000000000036e+00 2.362823282502804489e-02
2.550000000000000266e+00 2.000260711622852544e-02
2.560000000000000053e+00 1.659851676487609021e-02
2.569999999999999840e+00 1.348677702195901634e-02
