0.000000000000000000e+00 0.000000000000000000e+00
1.000000000000000021e-02 -6.382745360022923364e-09
2.000000000000000042e-02 -1.276539124406284031e-08
2.999999999999999889e-02 -1.914786718071326277e-08
4.000000000000000083e-02 -2.553008260353095693e-08
5.000000000000000278e-02 -3.191194869467395279e-08
5.999999999999999778e-02 -3.829337363869811384e-08
7.000000000000000666e-02 -4.467426478749203511e-08
8.000000000000000167e-02 -5.105453143583460474e-08
8.999999999999999667e-02 -5.743408776348601918e-08
1.000000000000000056e-01 -6.381285776180245506e-08
1.100000000000000006e-01 -7.019078218650776080e-08
1.199999999999999956e-01 -7.656782641252135591e-08
1.300000000000000044e-01 -8.294399084229908681e-08
1.400000000000000133e-01 -8.931932332645331485e-08
1.499999999999999944e-01 -9.569393316644081438e-08
1.600000000000000033e-01 -1.020680077123969909e-07
1.700000000000000122e-01 -1.084418329022618366e-07
1.799999999999999933e-01 -1.148158121355713490e-07
1.900000000000000022e-01 -1.211904921416540049e-07
2.000000000000000111e-01 -1.275665887645605068e-07
2.099999999999999922e-01 -1.339450153015064870e-07
2.200000000000000011e-01 -1.403269143523955265e-07
2.300000000000000100e-01 -1.467136909460986516e-07
2.399999999999999911e-01 -1.531070487614805131e-07
2.500000000000000000e-01 -1.595090283190714331e-07
2.600000000000000089e-01 -1.659220468797073522e-07
2.700000000000000178e-01 -1.723489416183277001e-07
2.800000000000000266e-01 -1.787930125618508725e-07
2.899999999999999800e-01 -1.852580694960970220e-07
2.999999999999999889e-01 -1.917484787616885455e-07
3.099999999999999978e-01 -1.982692119650852902e-07
3.200000000000000067e-01 -2.048258956333093295e-07
3.300000000000000155e-01 -2.114248616458258567e-07
3.400000000000000244e-01 -2.180731983325578938e-07
3.500000000000000333e-01 -2.247788015719009991e-07
3.599999999999999867e-01 -2.315504262773160349e-07
3.699999999999999956e-01 -2.383977373288104218e-07
3.800000000000000044e-01 -2.453313593941963688e-07
3.900000000000000133e-01 -2.523629274442384940e-07
4.000000000000000222e-01 -2.595051337705989170e-07
4.100000000000000311e-01 -2.667717753923604107e-07
4.199999999999999845e-01 -2.741777979931026010e-07
4.299999999999999933e-01 -2.817393387199995658e-07
4.400000000000000022e-01 -2.894737660963375703e-07
4.500000000000000111e-01 -2.973997164645858504e-07
4.600000000000000200e-01 -3.055371282090213469e-07
4.700000000000000289e-01 -3.139072710656165555e-07
4.799999999999999822e-01 -3.225327727118809662e-07
4.899999999999999911e-01 -3.314376412211217371e-07
5.000000000000000000e-01 -3.406472810496552484e-07
5.100000000000000089e-01 -3.501885076362398763e-07
5.200000000000000178e-01 -3.600895531474801459e-07
5.300000000000000266e-01 -3.703800702109516507e-07
5.400000000000000355e-01 -3.810911277588036050e-07
5.500000000000000444e-01 -3.922552024582248720e-07
5.600000000000000533e-01 -4.039061635152663143e-07
5.700000000000000622e-01 -4.160792515528477509e-07
5.799999999999999600e-01 -4.288110509453879615e-07
5.899999999999999689e-01 -4.421394563247638132e-07
5.999999999999999778e-01 -4.561036314743027731e-07
6.099999999999999867e-01 -4.707439626994158743e-07
6.199999999999999956e-01 -4.861020044821806607e-07
6.300000000000000044e-01 -5.022204195848090080e-07
6.400000000000000133e-01 -5.191429108958312000e-07
6.500000000000000222e-01 -5.369141483774209078e-07
6.600000000000000311e-01 -5.555796877276808488e-07
6.700000000000000400e-01 -5.751858838110024408e-07
6.800000000000000488e-01 -5.957797969968758878e-07
6.900000000000000577e-01 -6.174090938504406267e-07
7.000000000000000666e-01 -6.401219406759750541e-07
7.099999999999999645e-01 -6.639668936880838146e-07
7.199999999999999734e-01 -6.889927817721464010e-07
7.299999999999999822e-01 -7.152485840822286889e-07
7.399999999999999911e-01 -7.427833051409926668e-07
7.500000000000000000e-01 -7.716458439617490672e-07
7.600000000000000089e-01 -8.018848600549466354e-07
7.700000000000000178e-01 -8.335486367805344798e-07
7.800000000000000266e-01 -8.666849422023226168e-07
7.900000000000000355e-01 -9.013408878155715342e-07
8.000000000000000444e-01 -9.375627877394876464e-07
8.100000000000000533e-01 -9.753960168445985346e-07
8.200000000000000622e-01 -1.014884870365051484e-06
8.300000000000000711e-01 -1.056072426897092242e-06
8.399999999999999689e-01 -1.099000412202455479e-06
8.499999999999999778e-01 -1.143709070963727648e-06
8.599999999999999867e-01 -1.190237042592023897e-06
8.699999999999999956e-01 -1.238621245736037935e-06
8.800000000000000044e-01 -1.288896772172476446e-06
8.900000000000000133e-01 -1.341096792506490942e-06
9.000000000000000222e-01 -1.395252474223340755e-06
9.100000000000000311e-01 -1.451392917739546817e-06
9.200000000000000400e-01 -1.509545107969412214e-06
9.300000000000000488e-01 -1.569733888040492076e-06
9.400000000000000577e-01 -1.631981957239680980e-06
9.500000000000000666e-01 -1.696309893495229204e-06
9.599999999999999645e-01 -1.762736207139292688e-06
9.699999999999999734e-01 -1.831277427186139839e-06
9.799999999999999822e-01 -1.901948224192206993e-06
9.899999999999999911e-01 -1.974761573930727820e-06
1.000000000000000000e+00 -2.049728964892416627e-06
1.010000000000000009e+00 -2.126860655926599009e-06
1.020000000000000018e+00 -2.206165984619534726e-06
1.030000000000000027e+00 -2.287653735721928427e-06
1.040000000000000036e+00 -2.371332569917061761e-06
1.050000000000000044e+00 -2.457211520368041135e-06
1.060000000000000053e+00 -2.545300561401786510e-06
1.070000000000000062e+00 -2.635611253069825022e-06
1.080000000000000071e+00 -2.728157467782321710e-06
1.090000000000000080e+00 -2.822956203157866995e-06
1.100000000000000089e+00 -2.920028485509096328e-06
1.110000000000000098e+00 -3.019400369452807098e-06
1.120000000000000107e+00 -3.121104036385435876e-06
1.130000000000000115e+00 -3.225178996257849207e-06
1.140000000000000124e+00 -3.331673396667067522e-06
1.150000000000000133e+00 -3.440645441277201400e-06
1.159999999999999920e+00 -3.552164919040645685e-06
1.169999999999999929e+00 -3.666314847328155935e-06
1.179999999999999938e+00 -3.783193228149017706e-06
1.189999999999999947e+00 -3.902914916933952760e-06
1.199999999999999956e+00 -4.025613602631761268e-06
1.209999999999999964e+00 -4.151443896038831127e-06
1.219999999999999973e+00 -4.280583521920622303e-06
1.229999999999999982e+00 -4.413235608180521297e-06
1.239999999999999991e+00 -4.549631067274351182e-06
1.250000000000000000e+00 -4.690031057075216836e-06
1.260000000000000009e+00 -4.834729512070978785e-06
1.270000000000000018e+00 -4.984055732265568750e-06
1.280000000000000027e+00 -5.138377013574890739e-06
1.290000000000000036e+00 -5.298101303131616535e-06
1.300000000000000044e+00 -5.463679860415182610e-06
1.310000000000000053e+00 -5.635609902993055087e-06
1.320000000000000062e+00 -5.814437213202960919e-06
1.330000000000000071e+00 -6.000758681234952263e-06
1.340000000000000080e+00 -6.195224756422312851e-06
1.350000000000000089e+00 -6.398541778640520761e-06
1.360000000000000098e+00 -6.611474159590180477e-06
1.370000000000000107e+00 -6.834846380282533218e-06
1.380000000000000115e+00 -7.069544774057634484e-06
1.390000000000000124e+00 -7.316519060607262759e-06
1.400000000000000133e+00 -7.576783596079106342e-06
1.409999999999999920e+00 -7.851418306420443471e-06
1.419999999999999929e+00 -8.141569269731752101e-06
1.429999999999999938e+00 -8.448448915676642912e-06
1.439999999999999947e+00 -8.773335809841853461e-06
1.449999999999999956e+00 -9.117573995798267106e-06
1.459999999999999964e+00 -9.482571867280853439e-06
1.469999999999999973e+00 -9.869800549122675903e-06
1.479999999999999982e+00 -1.028079176762508595e-05
1.489999999999999991e+00 -1.071713519709693863e-05
1.500000000000000000e+00 -1.118047527456922374e-05
1.510000000000000009e+00 -1.167250748038833885e-05
1.520000000000000018e+00 -1.219497409023218015e-05
1.530000000000000027e+00 -1.274965941075456577e-05
1.540000000000000036e+00 -1.333838451997304553e-05
1.550000000000000044e+00 -1.396300154202223531e-05
1.560000000000000053e+00 -1.462538749505415403e-05
1.570000000000000062e+00 -1.532743776119782630e-05
1.580000000000000071e+00 -1.607105923720486551e-05
1.590000000000000080e+00 -1.685816323569733211e-05
1.600000000000000089e+00 -1.769065821579512976e-05
1.610000000000000098e+00 -1.857044243443791570e-05
1.620000000000000107e+00 -1.949939661938238089e-05
1.630000000000000115e+00 -2.047937677476796559e-05
1.640000000000000124e+00 -2.151220724133651174e-05
1.650000000000000133e+00 -2.259967414205976688e-05
1.660000000000000142e+00 -2.374351935338636643e-05
1.669999999999999929e+00 -2.494543515024760794e-05
1.679999999999999938e+00 -2.620705968153780319e-05
1.689999999999999947e+00 -2.752997343719032486e-05
1.699999999999999956e+00 -2.891569687596406979e-05
1.709999999999999964e+00 -3.036568938577510757e-05
1.719999999999999973e+00 -3.188134975100342938e-05
1.729999999999999982e+00 -3.346401830598561000e-05
1.739999999999999991e+00 -3.511498095046250434e-05
1.750000000000000000e+00 -3.683547520537400199e-05
1.760000000000000009e+00 -3.862669848386790505e-05
1.770000000000000018e+00 -4.048981874926749214e-05
1.780000000000000027e+00 -4.242598772805084018e-05
1.790000000000000036e+00 -4.443663211262105506e-05
1.800000000000000044e+00 -4.652264579135811928e-05
1.810000000000000053e+00 -4.868523901287169497e-05
1.820000000000000062e+00 -5.092568739889545906e-05
1.830000000000000071e+00 -5.324536018456657582e-05
1.840000000000000080e+00 -5.564575192366916223e-05
1.850000000000000089e+00 -5.812851774009836214e-05
1.860000000000000098e+00 -6.069551223833458131e-05
1.870000000000000107e+00 -6.334883218213349654e-05
1.880000000000000115e+00 -6.609086304643074783e-05
1.890000000000000124e+00 -6.892432954434812853e-05
1.900000000000000133e+00 -7.185235023450531333e-05
1.910000000000000142e+00 -7.487849631343870827e-05
1.919999999999999929e+00 -7.800685470759662066e-05
1.929999999999999938e+00 -8.124209558800759429e-05
1.939999999999999947e+00 -8.458954444602942435e-05
1.949999999999999956e+00 -8.805525888784526689e-05
1.959999999999999964e+00 -9.164611033150166230e-05
1.969999999999999973e+00 -9.536987082091330503e-05
1.979999999999999982e+00 -9.923530521040169194e-05
1.989999999999999991e+00 -1.032522690196310822e-04
2.000000000000000000e+00 -1.074318123144880899e-04
2.010000000000000231e+00 -1.117862900341173860e-04
2.020000000000000018e+00 -1.163294792616287321e-04
2.030000000000000249e+00 -1.210767040248639237e-04
2.040000000000000036e+00 -1.260449683173191920e-04
2.049999999999999822e+00 -1.312530981499374083e-04
2.060000000000000053e+00 -1.367218935852190786e-04
2.069999999999999840e+00 -1.424742918652716073e-04
2.080000000000000071e+00 -1.485355429365689539e-04
2.089999999999999858e+00 -1.549333988916691551e-04
2.100000000000000089e+00 -1.616983191064513825e-04
2.109999999999999876e+00 -1.688636931501119598e-04
2.120000000000000107e+00 -1.764660839010320781e-04
2.129999999999999893e+00 -1.845454937165896814e-04
2.140000000000000124e+00 -1.931456570013821532e-04
2.149999999999999911e+00 -2.023143631075469476e-04
2.160000000000000142e+00 -2.121038142059855636e-04
2.169999999999999929e+00 -2.225710236143756127e-04
2.180000000000000160e+00 -2.337782610919297843e-04
2.189999999999999947e+00 -2.457935528522841445e-04
2.200000000000000178e+00 -2.586912455588823850e-04
2.209999999999999964e+00 -2.725526454189506134e-04
2.220000000000000195e+00 -2.874667457751778343e-04
2.229999999999999982e+00 -3.035315723352719538e-04
2.240000000000000213e+00 -3.208536957054891614e-04
2.250000000000000000e+00 -3.395507095734083720e-04
2.260000000000000231e+00 -3.597520790932233654e-04
2.270000000000000018e+00 -3.816006411815624395e-04
2.280000000000000249e+00 -4.052543656919713536e-04
2.290000000000000036e+00 -4.308884345303192094e-04
2.300000000000000266e+00 -4.586977104799319291e-04
2.310000000000000053e+00 -4.888996866380256219e-04
2.319999999999999840e+00 -5.217380324274161103e-04
2.330000000000000071e+00 -5.574868852520624592e-04
2.339999999999999858e+00 -5.964560809887387016e-04
2.350000000000000089e+00 -6.389975758860080238e-04
2.359999999999999876e+00 -6.855133931829017176e-04
2.370000000000000107e+00 -7.364655387845364665e-04
2.379999999999999893e+00 -7.923884848307360951e-04
2.390000000000000124e+00 -8.539049609064817189e-04
2.399999999999999911e+00 -9.217465324342644095e-04
2.410000000000000142e+00 -9.967798928555708822e-04
2.419999999999999929e+00 -1.080041727477276886e-03
2.430000000000000160e+00 -1.172785110349738869e-03
2.439999999999999947e+00 -1.276542274138869892e-03
2.450000000000000178e+00 -1.393210946574907627e-03
2.459999999999999964e+00 -1.525175313095150642e-03
2.470000000000000195e+00 -1.675479732129447896e-03
2.479999999999999982e+00 -1.848080638724714387e-03
2.490000000000000213e+00 -2.048229164799963975e-03
2.500000000000000000e+00 -2.283062226477339252e-03
2.510000000000000231e+00 -2.562553329968131344e-03
2.520000000000000018e+00 -2.901106636878702204e-03
2.530000000000000249e+00 -3.320362437550516965e-03
2.540000000000000036e+00 -3.854428999370717712e-03
2.550000000000000266e+00 -4.560271583177399023e-03
2.560000000000000053e+00 -5.539403485609993225e-03
2.569999999999999840e+00 -6.974998763273896826e-03
