0.000000000000000000e+00 9.070191232100706102e-01
1.000000000000000021e-02 9.070191475907775081e-01
2.000000000000000042e-02 9.070191486208052378e-01
2.999999999999999889e-02 9.070191496205834980e-01
4.000000000000000083e-02 9.070191504239080160e-01
5.000000000000000278e-02 9.070191506338831644e-01
5.999999999999999778e-02 9.070191494265907872e-01
7.000000000000000666e-02 9.070191453162974593e-01
8.000000000000000167e-02 9.070191358690316008e-01
8.999999999999999667e-02 9.070191173648218808e-01
1.000000000000000056e-01 9.070190844089610627e-01
1.100000000000000006e-01 9.070190294927213959e-01
1.199999999999999956e-01 9.070189425039953957e-01
1.300000000000000044e-01 9.070188101883983611e-01
1.400000000000000133e-01 9.070186155614186063e-01
1.499999999999999944e-01 9.070183372722572246e-01
1.600000000000000033e-01 9.070179489200527190e-01
1.700000000000000122e-01 9.070174183232403431e-01
1.799999999999999933e-01 9.070167067428493990e-01
1.900000000000000022e-01 9.070157680605921424e-01
2.000000000000000111e-01 9.070145479126565657e-01
2.099999999999999922e-01 9.070129827801626243e-01
2.200000000000000011e-01 9.070109990373008690e-01
2.300000000000000100e-01 9.070085119582204092e-01
2.399999999999999911e-01 9.070054246837914169e-01
2.500000000000000000e-01 9.070016271494195648e-01
2.600000000000000089e-01 9.069969949751472971e-01
2.700000000000000178e-01 9.069913883193330140e-01
2.800000000000000266e-01 9.069846506972547573e-01
2.899999999999999800e-01 9.069766077660461612e-01
2.999999999999999889e-01 9.069670660774350468e-01
3.099999999999999978e-01 9.069558117998147706e-01
3.200000000000000067e-01 9.069426094112414960e-01
3.300000000000000155e-01 9.069272003650280523e-01
3.400000000000000244e-01 9.069093017296627757e-01
3.500000000000000333e-01 9.068886048048631077e-01
3.599999999999999867e-01 9.068647737156489974e-01
3.699999999999999956e-01 9.068374439864012038e-01
3.800000000000000044e-01 9.068062210969560777e-01
3.900000000000000133e-01 9.067706790228717839e-01
4.000000000000000222e-01 9.067303587621011740e-01
4.100000000000000311e-01 9.066847668504053326e-01
4.199999999999999845e-01 9.066333738679379639e-01
4.299999999999999933e-01 9.065756129395445839e-01
4.400000000000000022e-01 9.065108782314433844e-01
4.500000000000000111e-01 9.064385234470601072e-01
4.600000000000000200e-01 9.063578603249270449e-01
4.700000000000000289e-01 9.062681571416922877e-01
4.799999999999999822e-01 9.061686372234150078e-01
4.899999999999999911e-01 9.060584774684805609e-01
5.000000000000000000e-01 9.059368068856137324e-01
5.100000000000000089e-01 9.058027051506429839e-01
5.200000000000000178e-01 9.056552011858126638e-01
5.300000000000000266e-01 9.054932717656453134e-01
5.400000000000000355e-01 9.053158401535081889e-01
5.500000000000000444e-01 9.051217747732436258e-01
5.600000000000000533e-01 9.049098879204141577e-01
5.700000000000000622e-01 9.046789345179024888e-01
5.799999999999999600e-01 9.044276109208293501e-01
5.899999999999999689e-01 9.041545537759448914e-01
5.999999999999999778e-01 9.038583389408756386e-01
6.099999999999999867e-01 9.035374804688238726e-01
6.199999999999999956e-01 9.031904296645375529e-01
6.300000000000000044e-01 9.028155742175933973e-01
6.400000000000000133e-01 9.024112374192599928e-01
6.500000000000000222e-01 9.019756774694345225e-01
6.600000000000000311e-01 9.015070868803684023e-01
6.700000000000000400e-01 9.010035919841206109e-01
6.800000000000000488e-01 9.004632525508915464e-01
6.900000000000000577e-01 8.998840615256072928e-01
7.000000000000000666e-01 8.992639448903240185e-01
7.099999999999999645e-01 8.986007616602175174e-01
7.199999999999999734e-01 8.978923040211154172e-01
7.299999999999999822e-01 8.971362976166801229e-01
7.399999999999999911e-01 8.963304019935358635e-01
7.500000000000000000e-01 8.954722112127360134e-01
7.600000000000000089e-01 8.945592546361129660e-01
7.700000000000000178e-01 8.935889978961245594e-01
7.800000000000000266e-01 8.925588440578867688e-01
7.900000000000000355e-01 8.914661349821200176e-01
8.000000000000000444e-01 8.903081528977379033e-01
8.100000000000000533e-01 8.890821221927763807e-01
8.200000000000000622e-01 8.877852114322960508e-01
8.300000000000000711e-01 8.864145356117753005e-01
8.399999999999999689e-01 8.849671586543568225e-01
8.499999999999999778e-01 8.834400961601002189e-01
8.599999999999999867e-01 8.818303184151446983e-01
8.699999999999999956e-01 8.801347536683588046e-01
8.800000000000000044e-01 8.783502916826897433e-01
8.900000000000000133e-01 8.764737875679872170e-01
9.000000000000000222e-01 8.745020659015675379e-01
9.100000000000000311e-01 8.724319251422205657e-01
9.200000000000000400e-01 8.702601423427122063e-01
9.300000000000000488e-01 8.679834781651148967e-01
9.400000000000000577e-01 8.655986822025059091e-01
9.500000000000000666e-01 8.631024986096863527e-01
9.599999999999999645e-01 8.604916720446220690e-01
9.699999999999999734e-01 8.577629539212545673e-01
9.799999999999999822e-01 8.549131089732062705e-01
9.899999999999999911e-01 8.519389221266814305e-01
1.000000000000000000e+00 8.488372056795633336e-01
1.010000000000000009e+00 8.456048067823147552e-01
1.020000000000000018e+00 8.422386152148203520e-01
1.030000000000000027e+00 8.387355714517340521e-01
1.040000000000000036e+00 8.350926750072681370e-01
1.050000000000000044e+00 8.313069930486259862e-01
1.060000000000000053e+00 8.273756692654911093e-01
1.070000000000000062e+00 8.232959329811139204e-01
1.080000000000000071e+00 8.190651084886015898e-01
1.090000000000000080e+00 8.146806245940341196e-01
1.100000000000000089e+00 8.101400243459750961e-01
1.110000000000000098e+00 8.054409749288713449e-01
1.120000000000000107e+00 8.005812776957070831e-01
1.130000000000000115e+00 7.955588783131527508e-01
1.140000000000000124e+00 7.903718769902776664e-01
1.150000000000000133e+00 7.850185387597662379e-01
1.159999999999999920e+00 7.794973037784316272e-01
1.169999999999999929e+00 7.738067976117256608e-01
1.179999999999999938e+00 7.679458414648829834e-01
1.189999999999999947e+00 7.619134623213505986e-01
1.199999999999999956e+00 7.557089029472385810e-01
1.209999999999999964e+00 7.493316317187111997e-01
1.219999999999999973e+00 7.427813522275596991e-01
1.229999999999999982e+00 7.360580126186188066e-01
1.239999999999999991e+00 7.291618146113088006e-01
1.250000000000000000e+00 7.220932221563621800e-01
1.260000000000000009e+00 7.148529696777604636e-01
1.270000000000000018e+00 7.074420698491261650e-01
1.280000000000000027e+00 6.998618208532396689e-01
1.290000000000000036e+00 6.921138130730493110e-01
1.300000000000000044e+00 6.841999351625370762e-01
1.310000000000000053e+00 6.761223794460571312e-01
1.320000000000000062e+00 6.678836465953763568e-01
1.330000000000000071e+00 6.594865495345595408e-01
1.340000000000000080e+00 6.509342165241128741e-01
1.350000000000000089e+00 6.422300933774351961e-01
1.360000000000000098e+00 6.333779447646186167e-01
1.370000000000000107e+00 6.243818545610241300e-01
1.380000000000000115e+00 6.152462252008158439e-01
1.390000000000000124e+00 6.059757759987876025e-01
1.400000000000000133e+00 5.965755404073571633e-01
1.409999999999999920e+00 5.870508621795091919e-01
1.419999999999999929e+00 5.774073904127861034e-01
1.429999999999999938e+00 5.676510734540693992e-01
1.439999999999999947e+00 5.577881516499240133e-01
1.449999999999999956e+00 5.478251489326231294e-01
1.459999999999999964e+00 5.377688632376362854e-01
1.469999999999999973e+00 5.276263557543110494e-01
1.479999999999999982e+00 5.174049390176904684e-01
1.489999999999999991e+00 5.071121638558342415e-01
1.500000000000000000e+00 4.967558052136292757e-01
1.510000000000000009e+00 4.863438468808299331e-01
1.520000000000000018e+00 4.758844651589373420e-01
1.530000000000000027e+00 4.653860115084229587e-01
1.540000000000000036e+00 4.548569942247241982e-01
1.550000000000000044e+00 4.443060591982898044e-01
1.560000000000000053e+00 4.337419698207042318e-01
1.570000000000000062e+00 4.231735861055017089e-01
1.580000000000000071e+00 4.126098430986414045e-01
1.590000000000000080e+00 4.020597286596859221e-01
1.600000000000000089e+00 3.915322607004622091e-01
1.610000000000000098e+00 3.810364639733149206e-01
1.620000000000000107e+00 3.705813465059323297e-01
1.630000000000000115e+00 3.601758757840902159e-01
1.640000000000000124e+00 3.498289547874493532e-01
1.650000000000000133e+00 3.395493979867202916e-01
1.660000000000000142e+00 3.293459074130276054e-01
1.669999999999999929e+00 3.192270489121170063e-01
1.679999999999999938e+00 3.092012286971250190e-01
1.689999999999999947e+00 2.992766703139406181e-01
1.699999999999999956e+00 2.894613921326961714e-01
1.709999999999999964e+00 2.797631854776374549e-01
1.719999999999999973e+00 2.701895935055071418e-01
1.729999999999999982e+00 2.607478909396393485e-01
1.739999999999999991e+00 2.514450647632205937e-01
1.750000000000000000e+00 2.422877959706159767e-01
1.760000000000000009e+00 2.332824424703394128e-01
1.770000000000000018e+00 2.244350232271625778e-01
1.780000000000000027e+00 2.157512037240794378e-01
1.790000000000000036e+00 2.072362828173859861e-01
1.800000000000000044e+00 1.988951810500830808e-01
1.810000000000000053e+00 1.907324304801950310e-01
1.820000000000000062e+00 1.827521660715119012e-01
1.830000000000000071e+00 1.749581186847612158e-01
1.840000000000000080e+00 1.673536096973910758e-01
1.850000000000000089e+00 1.599415472700650431e-01
1.860000000000000098e+00 1.527244242677405495e-01
1.870000000000000107e+00 1.457043178328904232e-01
1.880000000000000115e+00 1.388828905981407125e-01
1.890000000000000124e+00 1.322613935154185461e-01
1.900000000000000133e+00 1.258406702687277223e-01
1.910000000000000142e+00 1.196211632279793602e-01
1.919999999999999929e+00 1.136029208919929895e-01
1.929999999999999938e+00 1.077856067599292644e-01
1.939999999999999947e+00 1.021685095620991079e-01
1.949999999999999956e+00 9.675055477337897447e-02
1.959999999999999964e+00 9.153031732543362442e-02
1.969999999999999973e+00 8.650603542763944664e-02
1.979999999999999982e+00 8.167562540108393165e-02
1.989999999999999991e+00 7.703669742532147369e-02
2.000000000000000000e+00 7.258657209372709751e-02
2.010000000000000231e+00 6.832229767033481949e-02
2.020000000000000018e+00 6.424066793898311478e-02
2.030000000000000249e+00 6.033824053442618518e-02
2.040000000000000036e+00 5.661135564480142962e-02
2.049999999999999822e+00 5.305615497544265841e-02
2.060000000000000053e+00 4.966860086549525211e-02
2.069999999999999840e+00 4.644449545106171112e-02
2.080000000000000071e+00 4.337949977166263849e-02
2.089999999999999858e+00 4.046915272058822927e-02
2.100000000000000089e+00 3.770888974416552325e-02
2.109999999999999876e+00 3.509406120004550378e-02
2.120000000000000107e+00 3.261995029021977355e-02
2.129999999999999893e+00 3.028179049057333483e-02
2.140000000000000124e+00 2.807478240526048441e-02
2.149999999999999911e+00 2.599410998101078438e-02
2.160000000000000142e+00 2.403495602352439045e-02
2.169999999999999929e+00 2.219251696535280358e-02
2.180000000000000160e+00 2.046201684197828871e-02
2.189999999999999947e+00 1.883872044015578659e-02
2.200000000000000178e+00 1.731794558986798210e-02
2.209999999999999964e+00 1.589507457842465749e-02
2.220000000000000195e+00 1.456556467222418563e-02
2.229999999999999982e+00 1.332495773845259433e-02
2.240000000000000213e+00 1.216888896545007329e-02
2.250000000000000000e+00 1.109309468659859521e-02
2.260000000000000231e+00 1.009341931831954017e-02
2.270000000000000018e+00 9.165821428098358190e-03
2.280000000000000249e+00 8.306378953332917495e-03
2.290000000000000036e+00 7.511293596225090616e-03
2.300000000000000266e+00 6.776894423875330989e-03
2.310000000000000053e+00 6.099640706200077506e-03
2.319999999999999840e+00 5.476124027259991756e-03
2.330000000000000071e+00 4.903069708075641006e-03
2.339999999999999858e+00 4.377337581018044682e-03
2.350000000000000089e+00 3.895922157412482368e-03
2.359999999999999876e+00 3.455952231102414965e-03
2.370000000000000107e+00 3.054689961405012213e-03
2.379999999999999893e+00 2.689529479180270081e-03
2.390000000000000124e+00 2.357995059653844681e-03
2.399999999999999911e+00 2.057738905213931085e-03
2.410000000000000142e+00 1.786538580670849787e-03
2.419999999999999929e+00 1.542294142460074596e-03
2.430000000000000160e+00 1.323025002013453882e-03
2.439999999999999947e+00 1.126866562054610775e-03
2.450000000000000178e+00 9.520666629209479552e-04
2.459999999999999964e+00 7.969818742097454925e-04
2.470000000000000195e+00 6.600736651159420931e-04
2.479999999999999982e+00 5.399044848043773204e-04
2.490000000000000213e+00 4.351337820633942245e-04
2.500000000000000000e+00 3.445139913456637211e-04
2.510000000000000231e+00 2.668865101363543618e-04
2.520000000000000018e+00 2.011776904198058283e-04
2.530000000000000249e+00 1.463948648604003315e-04
2.540000000000000036e+00 1.016224261883851986e-04
2.550000000000000266e+00 6.601797619999897140e-05
2.560000000000000053e+00 3.880855875627391399e-05
2.569999999999999840e+00 1.928698920590891195e-05
2.580000000000000071e+00 6.808290773835652198e-06
2.589999999999999858e+00 7.862466552091887941e-07
2.600000000000000089e+00 6.900748405773514928e-07
2.609999999999999876e+00 6.041231076337177067e-06
2.620000000000000107e+00 1.641034383874434568e-05
2.629999999999999893e+00 3.141428377229906285e-05
2.640000000000000124e+00 5.071336871601893299e-05
2.649999999999999911e+00 7.400870421498584502e-05
2.660000000000000142e+00 1.010396582902182272e-04
2.669999999999999929e+00 1.315814682172720550e-04
2.680000000000000160e+00 1.654429761428325189e-04
2.689999999999999947e+00 2.024644895479649827e-04
2.700000000000000178e+00 2.425157618459044824e-04
2.709999999999999964e+00 2.854940877796312347e-04
2.720000000000000195e+00 3.313225077587916064e-04
2.729999999999999982e+00 3.799481148445163449e-04
2.740000000000000213e+00 4.313404577526655254e-04
2.750000000000000000e+00 4.854900329980923112e-04
2.760000000000000231e+00 5.424068591424424613e-04
2.770000000000000018e+00 6.021191260321692110e-04
2.780000000000000249e+00 6.646719119190207985e-04
2.790000000000000036e+00 7.301259614378179021e-04
2.800000000000000266e+00 7.985565175723937596e-04
2.810000000000000053e+00 8.700522009648383685e-04
2.819999999999999840e+00 9.447139302114448923e-04
2.830000000000000071e+00 1.022653877134954399e-03
2.839999999999999858e+00 1.103994451421740335e-03
2.850000000000000089e+00 1.188867309458071500e-03
2.859999999999999876e+00 1.277412382685161243e-03
2.870000000000000107e+00 1.369776921312217989e-03
2.879999999999999893e+00 1.466114549772563761e-03
2.890000000000000124e+00 1.566584330874133853e-03
2.899999999999999911e+00 1.671349836174221802e-03
2.910000000000000142e+00 1.780578220693246339e-03
2.919999999999999929e+00 1.894439300665606276e-03
2.930000000000000160e+00 2.013104633601588232e-03
2.939999999999999947e+00 2.136746600495165009e-03
2.950000000000000178e+00 2.265537490553244052e-03
2.959999999999999964e+00 2.399648589335387234e-03
2.970000000000000195e+00 2.539249271675056950e-03
2.979999999999999982e+00 2.684506101197783358e-03
2.990000000000000213e+00 2.835581938655247925e-03
3.000000000000000000e+00 2.992635061652006850e-03
3.010000000000000231e+00 3.155818298651677078e-03
3.020000000000000018e+00 3.325278180407945181e-03
3.030000000000000249e+00 3.501154112172557946e-03
3.040000000000000036e+00 3.683577570184619517e-03
3.050000000000000266e+00 3.872671326044670268e-03
3.060000000000000053e+00 4.068548702621237190e-03
3.070000000000000284e+00 4.271312865130065875e-03
3.080000000000000071e+00 4.481056150966286969e-03
3.089999999999999858e+00 4.697859441761776007e-03
3.100000000000000089e+00 4.921791580984432452e-03
3.109999999999999876e+00 5.152908840198025184e-03
3.120000000000000107e+00 5.391254436863131445e-03
3.129999999999999893e+00 5.636858106285436848e-03
3.140000000000000124e+00 5.889735730012707511e-03
3.149999999999999911e+00 6.149889022648608213e-03
3.160000000000000142e+00 6.417305278697144240e-03
3.169999999999999929e+00 6.691957180678246783e-03
3.180000000000000160e+00 6.973802669370066619e-03
3.189999999999999947e+00 7.262784876639159261e-03
3.200000000000000178e+00 7.558832120923187833e-03
3.209999999999999964e+00 7.861857965033830498e-03
3.220000000000000195e+00 8.171761335557416531e-03
3.229999999999999982e+00 8.488426702748590527e-03
3.240000000000000213e+00 8.811724319444736234e-03
3.250000000000000000e+00 9.141510517176643785e-03
3.260000000000000231e+00 9.477628057319794838e-03
3.270000000000000018e+00 9.819906534820881799e-03
3.280000000000000249e+00 1.016816283175083629e-02
3.290000000000000036e+00 1.052220161767773374e-02
3.300000000000000266e+00 1.088181589362559321e-02
3.310000000000000053e+00 1.124678757618560385e-02
3.320000000000000284e+00 1.161688811817977209e-02
3.330000000000000071e+00 1.199187916213936833e-02
3.339999999999999858e+00 1.237151322275682058e-02
3.350000000000000089e+00 1.275553439439469118e-02
3.359999999999999876e+00 1.314367907969294161e-02
3.370000000000000107e+00 1.353567673530219236e-02
3.379999999999999893e+00 1.393125063078556880e-02
3.390000000000000124e+00 1.433011861677543040e-02
3.399999999999999911e+00 1.473199389853886362e-02
3.410000000000000142e+00 1.513658581119998667e-02
3.419999999999999929e+00 1.554360059298100574e-02
3.430000000000000160e+00 1.595274215296101084e-02
3.439999999999999947e+00 1.636371283000400897e-02
3.450000000000000178e+00 1.677621413967938027e-02
3.459999999999999964e+00 1.718994750618066739e-02
3.470000000000000195e+00 1.760461497644604661e-02
3.479999999999999982e+00 1.801991991388871700e-02
3.490000000000000213e+00 1.843556766935989383e-02
3.500000000000000000e+00 1.885126622718516151e-02
3.510000000000000231e+00 1.926672682433908101e-02
3.520000000000000018e+00 1.968166454104582769e-02
3.530000000000000249e+00 2.009579886131987458e-02
3.540000000000000036e+00 2.050885420218171926e-02
3.550000000000000266e+00 2.092056041050461418e-02
3.560000000000000053e+00 2.133065322666164235e-02
3.570000000000000284e+00 2.173887471435265867e-02
3.580000000000000071e+00 2.214497365619057592e-02
3.589999999999999858e+00 2.254870591482154019e-02
3.600000000000000089e+00 2.294983475953638052e-02
3.609999999999999876e+00 2.334813115850639664e-02
3.620000000000000107e+00 2.374337403694002507e-02
3.629999999999999893e+00 2.413535050161019074e-02
3.640000000000000124e+00 2.452385603234425934e-02
3.649999999999999911e+00 2.490869464119858934e-02
3.660000000000000142e+00 2.528967900015871920e-02
3.669999999999999929e+00 2.566663053831254662e-02
3.680000000000000160e+00 2.603937950954003308e-02
3.689999999999999947e+00 2.640776503184571328e-02
3.700000000000000178e+00 2.677163509953379289e-02
3.709999999999999964e+00 2.713084656948588219e-02
3.720000000000000195e+00 2.748526512285342366e-02
3.729999999999999982e+00 2.783476520351606601e-02
3.740000000000000213e+00 2.817922993468919071e-02
3.750000000000000000e+00 2.851855101508381923e-02
3.760000000000000231e+00 2.885262859603598962e-02
3.770000000000000018e+00 2.918137114102572691e-02
3.780000000000000249e+00 2.950469526900320952e-02
3.790000000000000036e+00 2.982252558292854475e-02
3.800000000000000266e+00 3.013479448491485427e-02
3.810000000000000053e+00 3.044144197934070886e-02
3.820000000000000284e+00 3.074241546527016131e-02
3.830000000000000071e+00 3.103766951948425459e-02
3.839999999999999858e+00 3.132716567139131464e-02
3.850000000000000089e+00 3.161087217104075614e-02
3.859999999999999876e+00 3.188876375142141867e-02
3.870000000000000107e+00 3.216082138617740172e-02
3.879999999999999893e+00 3.242703204382479942e-02
3.890000000000000124e+00 3.268738843950156486e-02
3.899999999999999911e+00 3.294188878522923830e-02
3.910000000000000142e+00 3.319053653961176464e-02
3.919999999999999929e+00 3.343334015784218266e-02
3.930000000000000160e+00 3.367031284283290155e-02
3.939999999999999947e+00 3.390147229823020636e-02
3.950000000000000178e+00 3.412684048402032239e-02
3.959999999999999964e+00 3.434644337537901687e-02
3.970000000000000195e+00 3.456031072536477899e-02
3.979999999999999982e+00 3.476847583200314007e-02
3.990000000000000213e+00 3.497097531025902817e-02
4.000000000000000000e+00 3.516784886934444521e-02
4.009999999999999787e+00 3.535913909576118147e-02
4.020000000000000462e+00 3.554489124243179199e-02
4.030000000000000249e+00 3.572515302422761552e-02
4.040000000000000036e+00 3.589997442015986640e-02
4.049999999999999822e+00 3.606940748245917455e-02
4.060000000000000497e+00 3.623350615272979275e-02
4.070000000000000284e+00 3.639232608532790014e-02
4.080000000000000071e+00 3.654592447807864658e-02
4.089999999999999858e+00 3.669435991041318512e-02
4.099999999999999645e+00 3.683769218897608999e-02
4.110000000000000320e+00 3.697598220072476072e-02
4.120000000000000107e+00 3.710929177351477565e-02
4.129999999999999893e+00 3.723768354414038612e-02
4.139999999999999680e+00 3.736122083377548669e-02
4.150000000000000355e+00 3.747996753073917081e-02
4.160000000000000142e+00 3.759398798048989299e-02
4.169999999999999929e+00 3.770334688273436347e-02
4.179999999999999716e+00 3.780810919552036325e-02
4.190000000000000391e+00 3.790834004616810277e-02
4.200000000000000178e+00 3.800410464888129974e-02
4.209999999999999964e+00 3.809546822886680090e-02
4.219999999999999751e+00 3.818249595278130903e-02
4.230000000000000426e+00 3.826525286531434755e-02
4.240000000000000213e+00 3.834380383170850337e-02
4.250000000000000000e+00 3.841821348601108521e-02
4.259999999999999787e+00 3.848854618484558177e-02
4.270000000000000462e+00 3.855486596648647485e-02
4.280000000000000249e+00 3.861723651501736826e-02
4.290000000000000036e+00 3.867572112934929834e-02
4.299999999999999822e+00 3.873038269687448937e-02
4.310000000000000497e+00 3.878128367152899880e-02
4.320000000000000284e+00 3.882848605603805153e-02
4.330000000000000071e+00 3.887205138811745259e-02
4.339999999999999858e+00 3.891204073040568923e-02
4.350000000000000533e+00 3.894851466390281819e-02
4.360000000000000320e+00 3.898153328469408652e-02
4.370000000000000107e+00 3.901115620373889897e-02
4.379999999999999893e+00 3.903744254950892306e-02
4.389999999999999680e+00 3.906045097326200921e-02
4.400000000000000355e+00 3.908023965674304462e-02
4.410000000000000142e+00 3.909686632210643276e-02
4.419999999999999929e+00 3.911038824385981022e-02
4.429999999999999716e+00 3.912086226263312982e-02
4.440000000000000391e+00 3.912834480058201281e-02
4.450000000000000178e+00 3.913289187824015025e-02
4.459999999999999964e+00 3.913455913264020369e-02
4.469999999999999751e+00 3.913340183652882359e-02
4.480000000000000426e+00 3.912947491850672643e-02
4.490000000000000213e+00 3.912283298393099545e-02
4.500000000000000000e+00 3.911353033642273741e-02
4.509999999999999787e+00 3.910162099982884831e-02
4.520000000000000462e+00 3.908715874049362854e-02
4.530000000000000249e+00 3.907019708970132371e-02
4.540000000000000036e+00 3.905078936615775931e-02
4.549999999999999822e+00 3.902898869838486440e-02
4.560000000000000497e+00 3.900484804690867308e-02
4.570000000000000284e+00 3.897842022612744983e-02
4.580000000000000071e+00 3.894975792575305212e-02
4.589999999999999858e+00 3.891891373172475660e-02
4.600000000000000533e+00 3.888594014650139513e-02
4.610000000000000320e+00 3.885088960864332280e-02
4.620000000000000107e+00 3.881381451160260260e-02
4.629999999999999893e+00 3.877476722164513445e-02
4.639999999999999680e+00 3.873380009483529812e-02
4.650000000000000355e+00 3.869096549301899446e-02
4.660000000000000142e+00 3.864631579874715228e-02
4.669999999999999929e+00 3.859990342908763833e-02
4.679999999999999716e+00 3.855178084827878132e-02
4.690000000000000391e+00 3.850200057918402169e-02
4.700000000000000178e+00 3.845061521351152145e-02
4.709999999999999964e+00 3.839767742076934109e-02
4.719999999999999751e+00 3.834323995593057893e-02
4.730000000000000426e+00 3.828735566578884281e-02
4.740000000000000213e+00 3.823007749398905225e-02
4.750000000000000000e+00 3.817145848472316971e-02
4.759999999999999787e+00 3.811155178508529584e-02
4.770000000000000462e+00 3.805041064608487289e-02
4.780000000000000249e+00 3.798808842232116734e-02
4.790000000000000036e+00 3.792463857032569302e-02
4.799999999999999822e+00 3.786011464558442646e-02
4.810000000000000497e+00 3.779457029825378928e-02
4.820000000000000284e+00 3.772805926758924372e-02
4.830000000000000071e+00 3.766063537510790787e-02
4.839999999999999858e+00 3.759235251651030923e-02
4.850000000000000533e+00 3.752326465238872699e-02
4.860000000000000320e+00 3.745342579775313291e-02
4.870000000000000107e+00 3.738289001040755871e-02
4.879999999999999893e+00 3.731171137821268774e-02
4.889999999999999680e+00 3.723994400527228660e-02
4.900000000000000355e+00 3.716764199708312566e-02
4.910000000000000142e+00 3.709485944469002872e-02
4.919999999999999929e+00 3.702165040788894107e-02
4.929999999999999716e+00 3.694806889752257767e-02
4.940000000000000391e+00 3.687416885691430224e-02
4.950000000000000178e+00 3.680000414248666557e-02
4.959999999999999964e+00 3.672562850361229397e-02
4.969999999999999751e+00 3.665109556174492300e-02
4.980000000000000426e+00 3.657645878887930829e-02
4.990000000000000213e+00 3.650177148538855804e-02
5.000000000000000000e+00 3.642708675728784096e-02
5.009999999999999787e+00 3.635245159367213319e-02
5.020000000000000462e+00 3.627788922245927389e-02
5.030000000000000249e+00 3.620341692745927126e-02
5.040000000000000036e+00 3.612905196205919156e-02
5.049999999999999822e+00 3.605481154472619382e-02
5.060000000000000497e+00 3.598071285462934449e-02
5.070000000000000284e+00 3.590677302724257919e-02
5.080000000000000071e+00 3.583300914993275965e-02
5.089999999999999858e+00 3.575943825753606642e-02
5.100000000000000533e+00 3.568607732792690446e-02
5.110000000000000320e+00 3.561294327758290218e-02
5.120000000000000107e+00 3.554005295714969537e-02
5.129999999999999893e+00 3.546742314700951360e-02
5.139999999999999680e+00 3.539507055285739945e-02
5.150000000000000355e+00 3.532301180128864099e-02
5.160000000000000142e+00 3.525126343540155305e-02
5.169999999999999929e+00 3.517984191041910458e-02
5.179999999999999716e+00 3.510876358933343044e-02
5.190000000000000391e+00 3.503804473857661389e-02
5.200000000000000178e+00 3.496770152372181278e-02
5.209999999999999964e+00 3.489775000521786602e-02
5.219999999999999751e+00 3.482820613416142547e-02
5.230000000000000426e+00 3.475908574810958329e-02
5.240000000000000213e+00 3.469040456693683883e-02
5.250000000000000000e+00 3.462217818873939562e-02
5.259999999999999787e+00 3.455442208579007080e-02
5.270000000000000462e+00 3.448715160054695306e-02
5.280000000000000249e+00 3.442038194171875148e-02
5.290000000000000036e+00 3.435412818038968696e-02
5.299999999999999822e+00 3.428840524620675040e-02
5.310000000000000497e+00 3.422322792363181876e-02
5.320000000000000284e+00 3.415861084826123800e-02
5.330000000000000071e+00 3.409456850321514187e-02
5.339999999999999858e+00 3.403111521559866459e-02
5.350000000000000533e+00 3.396826515303726785e-02
5.360000000000000320e+00 3.390603232028793768e-02
5.370000000000000107e+00 3.384443055592809696e-02
5.379999999999999893e+00 3.378347352912371149e-02
5.389999999999999680e+00 3.372317473647833130e-02
5.400000000000000355e+00 3.366354749896405263e-02
5.410000000000000142e+00 3.360460495893568406e-02
5.419999999999999929e+00 3.354636007722911623e-02
5.429999999999999716e+00 3.348882563034474846e-02
5.440000000000000391e+00 3.343201420771658300e-02
5.450000000000000178e+00 3.337593820906752801e-02
5.459999999999999964e+00 3.332060984185129804e-02
5.469999999999999751e+00 3.326604111878119635e-02
5.480000000000000426e+00 3.321224385544580687e-02
5.490000000000000213e+00 3.315922966801138766e-02
5.500000000000000000e+00 3.310700997101114623e-02
5.509999999999999787e+00 3.305559597522057108e-02
5.520000000000000462e+00 3.300499868561872219e-02
5.530000000000000249e+00 3.295522889943476585e-02
5.540000000000000036e+00 3.290629720427890731e-02
5.549999999999999822e+00 3.285821397635699248e-02
5.560000000000000497e+00 3.281098937876791855e-02
5.570000000000000284e+00 3.276463335988253484e-02
5.580000000000000071e+00 3.271915565180307656e-02
5.589999999999999858e+00 3.267456576890183373e-02
5.600000000000000533e+00 3.263087300643753574e-02
5.610000000000000320e+00 3.258808643924830661e-02
5.620000000000000107e+00 3.254621492051940068e-02
5.629999999999999893e+00 3.250526708062439346e-02
5.639999999999999680e+00 3.246525132603782920e-02
5.650000000000000355e+00 3.242617583831806927e-02
5.660000000000000142e+00 3.238804857315817631e-02
5.669999999999999929e+00 3.235087725950340498e-02
5.679999999999999716e+00 3.231466939873307159e-02
5.690000000000000391e+00 3.227943226390530412e-02
5.700000000000000178e+00 3.224517289906266709e-02
5.709999999999999964e+00 3.221189811859666990e-02
5.719999999999999751e+00 3.217961450666930595e-02
5.730000000000000426e+00 3.214832841668991553e-02
5.740000000000000213e+00 3.211804597084514518e-02
5.750000000000000000e+00 3.208877305968034499e-02
5.759999999999999787e+00 3.206051534173062073e-02
5.770000000000000462e+00 3.203327824319926465e-02
5.780000000000000249e+00 3.200706695768240628e-02
5.790000000000000036e+00 3.198188644593753099e-02
5.799999999999999822e+00 3.195774143569449222e-02
5.810000000000000497e+00 3.193463642150727588e-02
5.820000000000000284e+00 3.191257566464471285e-02
5.830000000000000071e+00 3.189156319301891113e-02
5.839999999999999858e+00 3.187160280114955530e-02
5.850000000000000533e+00 3.185269805016296280e-02
5.860000000000000320e+00 3.183485226782427346e-02
5.870000000000000107e+00 3.181806854860175920e-02
5.879999999999999893e+00 3.180234975376175499e-02
5.889999999999999680e+00 3.178769851149338549e-02
5.900000000000000355e+00 3.177411721706185216e-02
5.910000000000000142e+00 3.176160803298946900e-02
5.919999999999999929e+00 3.175017288926353792e-02
5.929999999999999716e+00 3.173981348357020338e-02
5.940000000000000391e+00 3.173053128155392533e-02
5.950000000000000178e+00 3.172232751710158533e-02
5.959999999999999964e+00 3.171520319265107996e-02
5.969999999999999751e+00 3.170915907952383955e-02
5.980000000000000426e+00 3.170419571828099470e-02
5.990000000000000213e+00 3.170031341910312106e-02
6.000000000000000000e+00 3.169751226219318790e-02
6.009999999999999787e+00 3.169579209820304333e-02
6.020000000000000462e+00 3.169515254868305459e-02
6.030000000000000249e+00 3.169559300655551415e-02
6.040000000000000036e+00 3.169711263661174894e-02
6.049999999999999822e+00 3.169971037603326602e-02
6.060000000000000497e+00 3.170338493493747578e-02
6.070000000000000284e+00 3.170813479694827020e-02
6.080000000000000071e+00 3.171395821979210855e-02
6.089999999999999858e+00 3.172085323592011702e-02
6.100000000000000533e+00 3.172881765315697239e-02
6.110000000000000320e+00 3.173784905537706258e-02
6.120000000000000107e+00 3.174794480320891621e-02
6.129999999999999893e+00 3.175910203476851879e-02
6.140000000000000568e+00 3.177131766642248695e-02
6.150000000000000355e+00 3.178458839358189875e-02
6.160000000000000142e+00 3.179891069152763344e-02
6.169999999999999929e+00 3.181428081626828941e-02
6.179999999999999716e+00 3.183069480543160995e-02
6.190000000000000391e+00 3.184814847919010400e-02
6.200000000000000178e+00 3.186663744122225639e-02
6.209999999999999964e+00 3.188615707970998692e-02
6.219999999999999751e+00 3.190670256837338514e-02
6.230000000000000426e+00 3.192826886754373400e-02
6.240000000000000213e+00 3.195085072527584918e-02
6.250000000000000000e+00 3.197444267850028249e-02
6.259999999999999787e+00 3.199903905421683237e-02
6.270000000000000462e+00 3.202463397072975032e-02
6.280000000000000249e+00 3.205122133892578107e-02
6.290000000000000036e+00 3.207879486359564714e-02
6.299999999999999822e+00 3.210734804479999788e-02
6.310000000000000497e+00 3.213687417928010742e-02
6.320000000000000284e+00 3.216736636191444565e-02
6.330000000000000071e+00 3.219881748722142750e-02
6.339999999999999858e+00 3.223122025090901371e-02
6.350000000000000533e+00 3.226456715147157234e-02
6.360000000000000320e+00 3.229885049183458395e-02
6.370000000000000107e+00 3.233406238104740565e-02
6.379999999999999893e+00 3.237019473602455871e-02
6.390000000000000568e+00 3.240723928333544279e-02
6.400000000000000355e+00 3.244518756104313589e-02
6.410000000000000142e+00 3.248403092059196778e-02
6.419999999999999929e+00 3.252376052874409590e-02
6.429999999999999716e+00 3.256436736956487554e-02
6.440000000000000391e+00 3.260584224645710072e-02
6.450000000000000178e+00 3.264817578424376865e-02
6.459999999999999964e+00 3.269135843129916674e-02
6.469999999999999751e+00 3.273538046172796284e-02
6.480000000000000426e+00 3.278023197759168811e-02
6.490000000000000213e+00 3.282590291118248071e-02
6.500000000000000000e+00 3.287238302734331319e-02
6.509999999999999787e+00 3.291966192583399564e-02
6.520000000000000462e+00 3.296772904374255936e-02
6.530000000000000249e+00 3.301657365794098686e-02
6.540000000000000036e+00 3.306618488758464314e-02
6.549999999999999822e+00 3.311655169665453369e-02
6.560000000000000497e+00 3.316766289654131394e-02
6.570000000000000284e+00 3.321950714867021037e-02
6.580000000000000071e+00 3.327207296716582635e-02
6.589999999999999858e+00 3.332534872155559769e-02
6.600000000000000533e+00 3.337932263951093326e-02
6.610000000000000320e+00 3.343398280962467384e-02
6.620000000000000107e+00 3.348931718422393233e-02
6.629999999999999893e+00 3.354531358221673337e-02
6.640000000000000568e+00 3.360195969197139754e-02
6.650000000000000355e+00 3.365924307422728246e-02
6.660000000000000142e+00 3.371715116503551379e-02
6.669999999999999929e+00 3.377567127872839470e-02
6.679999999999999716e+00 3.383479061091601570e-02
6.690000000000000391e+00 3.389449624150881607e-02
6.700000000000000178e+00 3.395477513776449380e-02
6.709999999999999964e+00 3.401561415735804283e-02
6.719999999999999751e+00 3.407700005147340505e-02
6.730000000000000426e+00 3.413891946791523108e-02
6.740000000000000213e+00 3.420135895423945249e-02
6.750000000000000000e+00 3.426430496090136779e-02
6.759999999999999787e+00 3.432774384441945881e-02
6.770000000000000462e+00 3.439166187055396617e-02
6.780000000000000249e+00 3.445604521749864868e-02
6.790000000000000036e+00 3.452087997908435957e-02
6.799999999999999822e+00 3.458615216799337116e-02
6.810000000000000497e+00 3.465184771898272009e-02
6.820000000000000284e+00 3.471795249211576118e-02
6.830000000000000071e+00 3.478445227600051454e-02
6.839999999999999858e+00 3.485133279103351522e-02
6.850000000000000533e+00 3.491857969264818007e-02
6.860000000000000320e+00 3.498617857456663011e-02
6.870000000000000107e+00 3.505411497205365712e-02
6.879999999999999893e+00 3.512237436517214040e-02
6.890000000000000568e+00 3.519094218203874802e-02
6.900000000000000355e+00 3.525980380207899278e-02
6.910000000000000142e+00 3.532894455928096283e-02
6.919999999999999929e+00 3.539834974544683877e-02
6.929999999999999716e+00 3.546800461344123967e-02
6.940000000000000391e+00 3.553789438043620380e-02
6.950000000000000178e+00 3.560800423115154101e-02
6.959999999999999964e+00 3.567831932109054305e-02
6.969999999999999751e+00 3.574882477977017053e-02
6.980000000000000426e+00 3.581950571394535571e-02
6.990000000000000213e+00 3.589034721082712959e-02
7.000000000000000000e+00 3.596133434129399759e-02
7.009999999999999787e+00 3.603245216309645949e-02
7.020000000000000462e+00 3.610368572405434767e-02
7.030000000000000249e+00 3.617502006524682401e-02
7.040000000000000036e+00 3.624644022419482026e-02
7.049999999999999822e+00 3.631793123803605389e-02
7.060000000000000497e+00 3.638947814669220987e-02
7.070000000000000284e+00 3.646106599602867010e-02
7.080000000000000071e+00 3.653267984100663085e-02
7.089999999999999858e+00 3.660430474882775398e-02
7.100000000000000533e+00 3.667592580207137271e-02
7.110000000000000320e+00 3.674752810182468216e-02
7.120000000000000107e+00 3.681909677080573429e-02
7.129999999999999893e+00 3.689061695647982003e-02
7.140000000000000568e+00 3.696207383416910686e-02
7.150000000000000355e+00 3.703345261015614232e-02
7.160000000000000142e+00 3.710473852478129303e-02
7.169999999999999929e+00 3.717591685553437580e-02
7.179999999999999716e+00 3.724697292014095967e-02
7.190000000000000391e+00 3.731789207964336663e-02
7.200000000000000178e+00 3.738865974147700943e-02
7.209999999999999964e+00 3.745926136254194849e-02
7.219999999999999751e+00 3.752968245227024380e-02
7.230000000000000426e+00 3.759990857568930311e-02
7.240000000000000213e+00 3.766992535648134438e-02
7.250000000000000000e+00 3.773971848003924295e-02
7.259999999999999787e+00 3.780927369651913839e-02
7.270000000000000462e+00 3.787857682388957870e-02
7.280000000000000249e+00 3.794761375097768785e-02
7.290000000000000036e+00 3.801637044051213443e-02
7.299999999999999822e+00 3.808483293216322757e-02
7.310000000000000497e+00 3.815298734557977939e-02
7.320000000000000284e+00 3.822081988342295594e-02
7.330000000000000071e+00 3.828831683439685996e-02
7.339999999999999858e+00 3.835546457627556777e-02
7.350000000000000533e+00 3.842224957892660664e-02
7.360000000000000320e+00 3.848865840733023402e-02
7.370000000000000107e+00 3.855467772459443554e-02
7.379999999999999893e+00 3.862029429496501715e-02
7.390000000000000568e+00 3.868549498683029192e-02
7.400000000000000355e+00 3.875026677571970918e-02
7.410000000000000142e+00 3.881459674729585696e-02
7.419999999999999929e+00 3.887847210033894274e-02
7.429999999999999716e+00 3.894188014972319034e-02
7.440000000000000391e+00 3.900480832938369585e-02
7.450000000000000178e+00 3.906724419527333320e-02
7.459999999999999964e+00 3.912917542830849499e-02
7.469999999999999751e+00 3.919058983730207280e-02
7.480000000000000426e+00 3.925147536188313552e-02
7.490000000000000213e+00 3.931182007540155038e-02
7.500000000000000000e+00 3.937161218781634608e-02
7.509999999999999787e+00 3.943084004856628466e-02
7.520000000000000462e+00 3.948949214942129582e-02
7.530000000000000249e+00 3.954755712731301831e-02
7.540000000000000036e+00 3.960502376714292866e-02
7.549999999999999822e+00 3.966188100456629478e-02
7.560000000000000497e+00 3.971811792875042102e-02
7.570000000000000284e+00 3.977372378510488776e-02
7.580000000000000071e+00 3.982868797798264776e-02
7.589999999999999858e+00 3.988300007334941166e-02
7.600000000000000533e+00 3.993664980141988646e-02
7.610000000000000320e+00 3.998962705925866723e-02
7.620000000000000107e+00 4.004192191334390860e-02
7.629999999999999893e+00 4.009352460209168745e-02
7.640000000000000568e+00 4.014442553833919014e-02
7.650000000000000355e+00 4.019461531178448316e-02
7.660000000000000142e+00 4.024408469138121558e-02
7.669999999999999929e+00 4.029282462768559586e-02
7.679999999999999716e+00 4.034082625515446330e-02
7.690000000000000391e+00 4.038808089439166471e-02
7.700000000000000178e+00 4.043458005434136943e-02
7.709999999999999964e+00 4.048031543442594249e-02
7.719999999999999751e+00 4.052527892662673159e-02
7.730000000000000426e+00 4.056946261750579708e-02
7.740000000000000213e+00 4.061285879016660050e-02
7.750000000000000000e+00 4.065545992615232640e-02
7.759999999999999787e+00 4.069725870727947808e-02
7.770000000000000462e+00 4.073824801740568574e-02
7.780000000000000249e+00 4.077842094412966606e-02
7.790000000000000036e+00 4.081777078042213985e-02
7.799999999999999822e+00 4.085629102618605624e-02
7.810000000000000497e+00 4.089397538974484658e-02
7.820000000000000284e+00 4.093081778925741071e-02
7.830000000000000071e+00 4.096681235405867649e-02
7.839999999999999858e+00 4.100195342592450470e-02
7.850000000000000533e+00 4.103623556026010644e-02
7.860000000000000320e+00 4.106965352721103635e-02
7.870000000000000107e+00 4.110220231269574864e-02
7.879999999999999893e+00 4.113387711935938273e-02
7.890000000000000568e+00 4.116467336744785571e-02
7.900000000000000355e+00 4.119458669560202568e-02
7.910000000000000142e+00 4.122361296157128763e-02
7.919999999999999929e+00 4.125174824284665726e-02
7.930000000000000604e+00 4.127898883721290574e-02
7.940000000000000391e+00 4.130533126321996040e-02
7.950000000000000178e+00 4.133077226057330078e-02
7.959999999999999964e+00 4.135530879044398145e-02
7.969999999999999751e+00 4.137893803569814982e-02
7.980000000000000426e+00 4.140165740104673198e-02
7.990000000000000213e+00 4.142346451311570282e-02
8.000000000000000000e+00 4.144435722043758596e-02
8.009999999999999787e+00 4.146433359336484242e-02
8.019999999999999574e+00 4.148339192390609886e-02
8.029999999999999361e+00 4.150153072548607575e-02
8.040000000000000924e+00 4.151874873263006888e-02
8.050000000000000711e+00 4.153504490057458726e-02
8.060000000000000497e+00 4.155041840480474397e-02
8.070000000000000284e+00 4.156486864052023888e-02
8.080000000000000071e+00 4.157839522203102267e-02
8.089999999999999858e+00 4.159099798208414078e-02
8.099999999999999645e+00 4.160267697112352697e-02
8.109999999999999432e+00 4.161343245648396749e-02
8.120000000000000995e+00 4.162326492152141483e-02
8.130000000000000782e+00 4.163217506468101098e-02
8.140000000000000568e+00 4.164016379850482563e-02
8.150000000000000355e+00 4.164723224858125905e-02
8.160000000000000142e+00 4.165338175243780972e-02
8.169999999999999929e+00 4.165861385837935082e-02
8.179999999999999716e+00 4.166293032427395571e-02
8.189999999999999503e+00 4.166633311628820113e-02
8.199999999999999289e+00 4.166882440757405798e-02
8.210000000000000853e+00 4.167040657690958272e-02
8.220000000000000639e+00 4.167108220729541512e-02
8.230000000000000426e+00 4.167085408450925399e-02
8.240000000000000213e+00 4.166972519562049670e-02
8.250000000000000000e+00 4.166769872746717979e-02
8.259999999999999787e+00 4.166477806509727433e-02
8.269999999999999574e+00 4.166096679017664700e-02
8.279999999999999361e+00 4.165626867936567113e-02
8.290000000000000924e+00 4.165068770266654868e-02
8.300000000000000711e+00 4.164422802174364696e-02
8.310000000000000497e+00 4.163689398821864701e-02
8.320000000000000284e+00 4.162869014194255091e-02
8.330000000000000071e+00 4.161962120924665720e-02
8.339999999999999858e+00 4.160969210117417688e-02
8.349999999999999645e+00 4.159890791169465474e-02
8.359999999999999432e+00 4.158727391590252842e-02
8.370000000000000995e+00 4.157479556820203870e-02
8.380000000000000782e+00 4.156147850047990644e-02
8.390000000000000568e+00 4.154732852026710166e-02
8.400000000000000355e+00 4.153235160889184874e-02
8.410000000000000142e+00 4.151655391962455477e-02
8.419999999999999929e+00 4.149994177581649291e-02
8.429999999999999716e+00 4.148252166903315663e-02
8.439999999999999503e+00 4.146430025718361723e-02
8.449999999999999289e+00 4.144528436264669630e-02
8.460000000000000853e+00 4.142548097039509825e-02
8.470000000000000639e+00 4.140489722611807866e-02
8.480000000000000426e+00 4.138354043434345347e-02
8.490000000000000213e+00 4.136141805655971226e-02
8.500000000000000000e+00 4.133853770933819394e-02
8.509999999999999787e+00 4.131490716245627554e-02
8.519999999999999574e+00 4.129053433702142145e-02
8.529999999999999361e+00 4.126542730359630123e-02
8.540000000000000924e+00 4.123959428032503149e-02
8.550000000000000711e+00 4.121304363106041008e-02
8.560000000000000497e+00 4.118578386349178860e-02
8.570000000000000284e+00 4.115782362727342381e-02
8.580000000000000071e+00 4.112917171215273171e-02
8.589999999999999858e+00 4.109983704609790345e-02
8.599999999999999645e+00 4.106982869342420961e-02
8.609999999999999432e+00 4.103915585291811191e-02
8.620000000000000995e+00 4.100782785595862012e-02
8.630000000000000782e+00 4.097585416463440239e-02
8.640000000000000568e+00 4.094324436985611465e-02
8.650000000000000355e+00 4.091000818946245038e-02
8.660000000000000142e+00 4.087615546631870322e-02
8.669999999999999929e+00 4.084169616640680178e-02
8.679999999999999716e+00 4.080664037690508172e-02
8.689999999999999503e+00 4.077099830425658794e-02
8.700000000000001066e+00 4.073478027222430381e-02
8.710000000000000853e+00 4.069799671993189205e-02
8.720000000000000639e+00 4.066065819988817776e-02
8.730000000000000426e+00 4.062277537599383315e-02
8.740000000000000213e+00 4.058435902152886937e-02
8.750000000000000000e+00 4.054542001711869403e-02
8.759999999999999787e+00 4.050596934867772836e-02
8.769999999999999574e+00 4.046601810532846066e-02
8.779999999999999361e+00 4.042557747729438183e-02
8.790000000000000924e+00 4.038465875376524850e-02
8.800000000000000711e+00 4.034327332073299466e-02
8.810000000000000497e+00 4.030143265879656406e-02
8.820000000000000284e+00 4.025914834093428929e-02
8.830000000000000071e+00 4.021643203024220098e-02
8.839999999999999858e+00 4.017329547763682368e-02
8.849999999999999645e+00 4.012975051952108463e-02
8.859999999999999432e+00 4.008580907541181571e-02
8.870000000000000995e+00 4.004148314552801596e-02
8.880000000000000782e+00 3.999678480833809835e-02
8.890000000000000568e+00 3.995172621806557245e-02
8.900000000000000355e+00 3.990631960215180324e-02
8.910000000000000142e+00 3.986057725867513113e-02
8.919999999999999929e+00 3.981451155372549289e-02
8.929999999999999716e+00 3.976813491873369688e-02
8.939999999999999503e+00 3.972145984775513755e-02
8.950000000000001066e+00 3.967449889470713031e-02
8.960000000000000853e+00 3.962726467055964485e-02
8.970000000000000639e+00 3.957976984047929109e-02
8.980000000000000426e+00 3.953202712092626636e-02
8.990000000000000213e+00 3.948404927670459003e-02
9.000000000000000000e+00 3.943584911796552128e-02
9.009999999999999787e+00 3.938743949716445175e-02
9.019999999999999574e+00 3.933883330597196665e-02
9.029999999999999361e+00 3.929004347213926190e-02
9.040000000000000924e+00 3.924108295631886095e-02
9.050000000000000711e+00 3.919196474884146381e-02
9.060000000000000497e+00 3.914270186644956684e-02
9.070000000000000284e+00 3.909330734898928267e-02
9.080000000000000071e+00 3.904379425606147036e-02
9.089999999999999858e+00 3.899417566363329313e-02
9.099999999999999645e+00 3.894446466061195211e-02
9.109999999999999432e+00 3.889467434538201179e-02
9.120000000000000995e+00 3.884481782230802399e-02
9.130000000000000782e+00 3.879490819820431008e-02
9.140000000000000568e+00 3.874495857877369859e-02
9.150000000000000355e+00 3.869498206501740395e-02
9.160000000000000142e+00 3.864499174961803785e-02
9.169999999999999929e+00 3.859500071329811932e-02
9.179999999999999716e+00 3.854502202115610981e-02
9.189999999999999503e+00 3.849506871898283888e-02
9.200000000000001066e+00 3.844515382956023575e-02
9.210000000000000853e+00 3.839529034894550996e-02
9.220000000000000639e+00 3.834549124274292536e-02
9.230000000000000426e+00 3.829576944236613711e-02
9.240000000000000213e+00 3.824613784129374944e-02
9.250000000000000000e+00 3.819660929132093208e-02
9.259999999999999787e+00 3.814719659880989183e-02
9.269999999999999574e+00 3.809791252094206493e-02
9.279999999999999361e+00 3.804876976197512500e-02
9.290000000000000924e+00 3.799978096950747813e-02
9.300000000000000711e+00 3.795095873075336051e-02
9.310000000000000497e+00 3.790231556883154329e-02
9.320000000000000284e+00 3.785386393907035768e-02
9.330000000000000071e+00 3.780561622533247512e-02
9.339999999999999858e+00 3.775758473636175311e-02
9.349999999999999645e+00 3.770978170215570635e-02
9.359999999999999432e+00 3.766221927036604578e-02
9.370000000000000995e+00 3.761490950273039396e-02
9.380000000000000782e+00 3.756786437153789709e-02
9.390000000000000568e+00 3.752109575613151587e-02
9.400000000000000355e+00 3.747461543944986817e-02
9.410000000000000142e+00 3.742843510461096868e-02
9.419999999999999929e+00 3.738256633154081465e-02
9.429999999999999716e+00 3.733702059364899656e-02
9.439999999999999503e+00 3.729180925455401197e-02
9.450000000000001066e+00 3.724694356486048935e-02
9.460000000000000853e+00 3.720243465899063240e-02
9.470000000000000639e+00 3.715829355207195955e-02
9.480000000000000426e+00 3.711453113688335803e-02
9.490000000000000213e+00 3.707115818086158254e-02
9.500000000000000000e+00 3.702818532316971833e-02
9.509999999999999787e+00 3.698562307182946124e-02
9.519999999999999574e+00 3.694348180091872741e-02
9.529999999999999361e+00 3.690177174783616093e-02
9.540000000000000924e+00 3.686050301063346912e-02
9.550000000000000711e+00 3.681968554541732719e-02
9.560000000000000497e+00 3.677932916382121303e-02
9.570000000000000284e+00 3.673944353054865719e-02
9.580000000000000071e+00 3.670003816098823396e-02
9.589999999999999858e+00 3.666112241890105011e-02
9.599999999999999645e+00 3.662270551418135567e-02
9.609999999999999432e+00 3.658479650069013100e-02
9.620000000000000995e+00 3.654740427416235810e-02
9.630000000000000782e+00 3.651053757018761503e-02
9.640000000000000568e+00 3.647420496226400077e-02
9.650000000000000355e+00 3.643841485992524443e-02
9.660000000000000142e+00 3.640317550694029125e-02
9.669999999999999929e+00 3.636849497958530297e-02
9.679999999999999716e+00 3.633438118498687891e-02
9.689999999999999503e+00 3.630084185953618564e-02
9.700000000000001066e+00 3.626788456737265604e-02
9.710000000000000853e+00 3.623551669893664701e-02
9.720000000000000639e+00 3.620374546958945311e-02
9.730000000000000426e+00 3.617257791829980862e-02
9.740000000000000213e+00 3.614202090639523357e-02
9.750000000000000000e+00 3.611208111637692619e-02
9.759999999999999787e+00 3.608276505079655028e-02
9.769999999999999574e+00 3.605407903119332846e-02
9.779999999999999361e+00 3.602602919708968593e-02
9.790000000000000924e+00 3.599862150504367503e-02
9.800000000000000711e+00 3.597186172775638374e-02
9.810000000000000497e+00 3.594575545323225318e-02
9.820000000000000284e+00 3.592030808399050007e-02
9.830000000000000071e+00 3.589552483632569430e-02
9.839999999999999858e+00 3.587141073961527121e-02
9.849999999999999645e+00 3.584797063567203568e-02
9.859999999999999432e+00 3.582520917813976358e-02
9.870000000000000995e+00 3.580313083192942364e-02
9.880000000000000782e+00 3.578173987269447215e-02
9.890000000000000568e+00 3.576104038634266707e-02
9.900000000000000355e+00 3.574103626858274319e-02
9.910000000000000142e+00 3.572173122450380406e-02
9.919999999999999929e+00 3.570312876818529380e-02
9.929999999999999716e+00 3.568523222233599412e-02
9.939999999999999503e+00 3.566804471795984727e-02
9.950000000000001066e+00 3.565156919404682129e-02
9.960000000000000853e+00 3.563580839728725663e-02
9.970000000000000639e+00 3.562076488180785511e-02
9.980000000000000426e+00 3.560644100892764591e-02
9.990000000000000213e+00 3.559283894693265893e-02
