0.000000000000000000e+00 0.000000000000000000e+00
1.000000000000000021e-02 1.260054153269377693e-17
2.000000000000000042e-02 5.408750060516016173e-17
2.999999999999999889e-02 1.989718509582977940e-16
4.000000000000000083e-02 6.683632054922672427e-16
5.000000000000000278e-02 1.888439627112728503e-15
5.999999999999999778e-02 4.554445335409537665e-15
7.000000000000000666e-02 9.695586347668871952e-15
8.000000000000000167e-02 1.873804930663247603e-14
8.999999999999999667e-02 3.356729228343874327e-14
1.000000000000000056e-01 5.658959357970200221e-14
1.100000000000000006e-01 9.079610435898388676e-14
1.199999999999999956e-01 1.398315870645289172e-13
1.300000000000000044e-01 2.080749309830987048e-13
1.400000000000000133e-01 3.007317160054479022e-13
1.499999999999999944e-01 4.239633275525400702e-13
1.600000000000000033e-01 5.850476895476186545e-13
1.700000000000000122e-01 7.926094676424799701e-13
1.799999999999999933e-01 1.056927657373807339e-12
1.900000000000000022e-01 1.390364169281954609e-12
2.000000000000000111e-01 1.807947454940395104e-12
2.099999999999999922e-01 2.328154813033278536e-12
2.200000000000000011e-01 2.973960053914703749e-12
2.300000000000000100e-01 3.774221603650151913e-12
2.399999999999999911e-01 4.765499193176703230e-12
2.500000000000000000e-01 5.994343476450891828e-12
2.600000000000000089e-01 7.520294066296062674e-12
2.700000000000000178e-01 9.419600949939210821e-12
2.800000000000000266e-01 1.178990282138525636e-11
2.899999999999999800e-01 1.475600544531552316e-11
2.999999999999999889e-01 1.847698209711534645e-11
3.099999999999999978e-01 2.315482180992312067e-11
3.200000000000000067e-01 2.904486373633829999e-11
3.300000000000000155e-01 3.646831708142839190e-11
3.400000000000000244e-01 4.582721094964492536e-11
3.500000000000000333e-01 5.762204081938282485e-11
3.599999999999999867e-01 7.247251496839135498e-11
3.699999999999999956e-01 9.114194295112287847e-11
3.800000000000000044e-01 1.145653962322801256e-10
3.900000000000000133e-01 1.438825213487260335e-10
4.000000000000000222e-01 1.804751643269542072e-10
4.100000000000000311e-01 2.260104256524009259e-10
4.199999999999999845e-01 2.824899966724636613e-10
4.299999999999999933e-01 3.523059378951476361e-10
4.400000000000000022e-01 4.383037578714610305e-10
4.500000000000000111e-01 5.438536461455090176e-10
4.600000000000000200e-01 6.729300189994846804e-10
4.700000000000000289e-01 8.302006460764177476e-10
4.799999999999999822e-01 1.021125703090652870e-09
4.899999999999999911e-01 1.252067687376734462e-09
5.000000000000000000e-01 1.530412779143786040e-09
5.100000000000000089e-01 1.864704633758318408e-09
5.200000000000000178e-01 2.264791005776589650e-09
5.300000000000000266e-01 2.741984559545551647e-09
5.400000000000000355e-01 3.309237807391784969e-09
5.500000000000000444e-01 3.981333693281463582e-09
5.600000000000000533e-01 4.775091901748629297e-09
5.700000000000000622e-01 5.709592212216341167e-09
5.799999999999999600e-01 6.806414570847962864e-09
5.899999999999999689e-01 8.089898091701019922e-09
5.999999999999999778e-01 9.587417471035308836e-09
6.099999999999999867e-01 1.132967929196038170e-08
6.199999999999999956e-01 1.335103715430219218e-08
6.300000000000000044e-01 1.568982715971500852e-08
6.400000000000000133e-01 1.838872301304639301e-08
6.500000000000000222e-01 2.149511176344209851e-08
6.600000000000000311e-01 2.506149015396585966e-08
6.700000000000000400e-01 2.914588041746934977e-08
6.800000000000000488e-01 3.381226792997793495e-08
6.900000000000000577e-01 3.913105735969812926e-08
7.000000000000000666e-01 4.517954980270966203e-08
7.099999999999999645e-01 5.204243876122394141e-08
7.199999999999999734e-01 5.981232466256702907e-08
7.299999999999999822e-01 6.859024737765340163e-08
7.399999999999999911e-01 7.848623627404460734e-08
7.500000000000000000e-01 8.961987590927478209e-08
7.600000000000000089e-01 1.021208860807476526e-07
7.700000000000000178e-01 1.161297170856889771e-07
7.800000000000000266e-01 1.317981552367841758e-07
7.900000000000000355e-01 1.492899398478075845e-07
8.000000000000000444e-01 1.687813886985800593e-07
8.100000000000000533e-01 1.904620306261706197e-07
8.200000000000000622e-01 2.145352420573898300e-07
8.300000000000000711e-01 2.412188868372577844e-07
8.399999999999999689e-01 2.707459555370550497e-07
8.499999999999999778e-01 3.033652042419565653e-07
8.599999999999999867e-01 3.393417855601654765e-07
8.699999999999999956e-01 3.789578748303323863e-07
8.800000000000000044e-01 4.225132852059276800e-07
8.900000000000000133e-01 4.703260687161092690e-07
9.000000000000000222e-01 5.227331029977744237e-07
9.100000000000000311e-01 5.800906575925690589e-07
9.200000000000000400e-01 6.427749389553705228e-07
9.300000000000000488e-01 7.111826094974293966e-07
9.400000000000000577e-01 7.857312802617144598e-07
9.500000000000000666e-01 8.668599708189228537e-07
9.599999999999999645e-01 9.550295348853543587e-07
9.699999999999999734e-01 1.050723050399771097e-06
9.799999999999999822e-01 1.154446168355471869e-06
9.899999999999999911e-01 1.266727419818591827e-06
1.000000000000000000e+00 1.388118476372546262e-06
1.010000000000000009e+00 1.519194364210663117e-06
1.020000000000000018e+00 1.660553626686711581e-06
1.030000000000000027e+00 1.812818437460506082e-06
1.040000000000000036e+00 1.976634655925790796e-06
1.050000000000000044e+00 2.152671828903329754e-06
1.060000000000000053e+00 2.341623137280812728e-06
1.070000000000000062e+00 2.544205282090095110e-06
1.080000000000000071e+00 2.761158313394074248e-06
1.090000000000000080e+00 2.993245399304789167e-06
1.100000000000000089e+00 3.241252540003847216e-06
1.110000000000000098e+00 3.505988218605038398e-06
1.120000000000000107e+00 3.788283000738523754e-06
1.130000000000000115e+00 4.088989074169102622e-06
1.140000000000000124e+00 4.408979738051987951e-06
1.150000000000000133e+00 4.749148839550132450e-06
1.159999999999999920e+00 5.110410165654055703e-06
1.169999999999999929e+00 5.493696787983726182e-06
1.179999999999999938e+00 5.899960370342460791e-06
1.189999999999999947e+00 6.330170440105309382e-06
1.199999999999999956e+00 6.785313632517997462e-06
1.209999999999999964e+00 7.266392910487695644e-06
1.219999999999999973e+00 7.774426768553110989e-06
1.229999999999999982e+00 8.310448428167083179e-06
1.239999999999999991e+00 8.875505036143316318e-06
1.250000000000000000e+00 9.470656864241089323e-06
1.260000000000000009e+00 1.009697653595043043e-05
1.270000000000000018e+00 1.075554827173474948e-05
1.280000000000000027e+00 1.144746718337308344e-05
1.290000000000000036e+00 1.217383860749321478e-05
1.300000000000000044e+00 1.293577751268482068e-05
1.310000000000000053e+00 1.373440797064473529e-05
1.320000000000000062e+00 1.457086272546592731e-05
1.330000000000000071e+00 1.544628285421456582e-05
1.340000000000000080e+00 1.636181755060306386e-05
1.350000000000000089e+00 1.731862403431261299e-05
1.360000000000000098e+00 1.831786760783660206e-05
1.370000000000000107e+00 1.936072186592419087e-05
1.380000000000000115e+00 2.044836908920988350e-05
1.390000000000000124e+00 2.158200081867067688e-05
1.400000000000000133e+00 2.276281863838880426e-05
1.409999999999999920e+00 2.399203517738923708e-05
1.419999999999999929e+00 2.527087534565097826e-05
1.429999999999999938e+00 2.660057781778135677e-05
1.439999999999999947e+00 2.798239677798131098e-05
1.449999999999999956e+00 2.941760394434278503e-05
1.459999999999999964e+00 3.090749087367172798e-05
1.469999999999999973e+00 3.245337157092853531e-05
1.479999999999999982e+00 3.405658540328593276e-05
1.489999999999999991e+00 3.571850033382006906e-05
1.500000000000000000e+00 3.744051647180945963e-05
1.510000000000000009e+00 3.922406996320626504e-05
1.520000000000000018e+00 4.107063719832604320e-05
1.530000000000000027e+00 4.298173936406746165e-05
1.540000000000000036e+00 4.495894731171290459e-05
1.550000000000000044e+00 4.700388675765720947e-05
1.560000000000000053e+00 4.911824379530416174e-05
1.570000000000000062e+00 5.130377070711178433e-05
1.580000000000000071e+00 5.356229206096574380e-05
1.590000000000000080e+00 5.589571107331159361e-05
1.600000000000000089e+00 5.830601620893105519e-05
1.610000000000000098e+00 6.079528798449973515e-05
1.620000000000000107e+00 6.336570594334123285e-05
1.630000000000000115e+00 6.601955575680218402e-05
1.640000000000000124e+00 6.875923639498848772e-05
1.650000000000000133e+00 7.158726732531262016e-05
1.660000000000000142e+00 7.450629565150523881e-05
1.669999999999999929e+00 7.751910314049426098e-05
1.679999999999999938e+00 8.062861303159696291e-05
1.689999999999999947e+00 8.383789656075946173e-05
1.699999999999999956e+00 8.715017906542332771e-05
1.709999999999999964e+00 9.056884558150679609e-05
1.719999999999999973e+00 9.409744578563195017e-05
1.729999999999999982e+00 9.773969814286243007e-05
1.739999999999999991e+00 1.014994931178569981e-04
1.750000000000000000e+00 1.053808952500845386e-04
1.760000000000000009e+00 1.093881439319377424e-04
1.770000000000000018e+00 1.135256526640371355e-04
1.780000000000000027e+00 1.177980065588529746e-04
1.790000000000000036e+00 1.222125488818809336e-04
1.800000000000000044e+00 1.267718696172648318e-04
1.810000000000000053e+00 1.314810511003211557e-04
1.820000000000000062e+00 1.363453127862235270e-04
1.830000000000000071e+00 1.413699980270244350e-04
1.840000000000000080e+00 1.465605549540172081e-04
1.850000000000000089e+00 1.519225132911167231e-04
1.860000000000000098e+00 1.574614566242776847e-04
1.870000000000000107e+00 1.631829896316522310e-04
1.880000000000000115e+00 1.690926996767427859e-04
1.890000000000000124e+00 1.751961121778111696e-04
1.900000000000000133e+00 1.814986390493988910e-04
1.910000000000000142e+00 1.880055194691671039e-04
1.919999999999999929e+00 1.947217521361399584e-04
1.929999999999999938e+00 2.016520180902273141e-04
1.939999999999999947e+00 2.088005930782552144e-04
1.949999999999999956e+00 2.161712483058977896e-04
1.959999999999999964e+00 2.237671383110498291e-04
1.969999999999999973e+00 2.315906745168350156e-04
1.979999999999999982e+00 2.396433828593808046e-04
1.989999999999999991e+00 2.479257436717036134e-04
2.000000000000000000e+00 2.564370117643030578e-04
2.010000000000000231e+00 2.651750143818007444e-04
2.020000000000000018e+00 2.741359243675356439e-04
2.030000000000000249e+00 2.833140055043675831e-04
2.040000000000000036e+00 2.927013265396211095e-04
2.049999999999999822e+00 3.022874398966035603e-04
2.060000000000000053e+00 3.120590204179762850e-04
2.069999999999999840e+00 3.219994587782826212e-04
2.080000000000000071e+00 3.320884033015392145e-04
2.089999999999999858e+00 3.423012428615951341e-04
2.100000000000000089e+00 3.526085222947811237e-04
2.109999999999999876e+00 3.629752802220692631e-04
2.120000000000000107e+00 3.733602973188532292e-04
2.129999999999999893e+00 3.837152408783101043e-04
2.140000000000000124e+00 3.939836887638659135e-04
2.149999999999999911e+00 4.041000125101501528e-04
2.160000000000000142e+00 4.139880953073493686e-04
2.169999999999999929e+00 4.235598554908903690e-04
2.180000000000000160e+00 4.327135399733311738e-04
2.189999999999999947e+00 4.413317442585884542e-04
2.200000000000000178e+00 4.492791059625134142e-04
2.209999999999999964e+00 4.563996065130998536e-04
2.220000000000000195e+00 4.625134002503028530e-04
2.229999999999999982e+00 4.674131811156223559e-04
2.240000000000000213e+00 4.708594744817495847e-04
2.250000000000000000e+00 4.725755587725866125e-04
2.260000000000000231e+00 4.722410502135399035e-04
2.270000000000000018e+00 4.694842372634511207e-04
2.280000000000000249e+00 4.638727773086936956e-04
2.290000000000000036e+00 4.549023335694291070e-04
2.300000000000000266e+00 4.419826029316009652e-04
2.310000000000000053e+00 4.244200139772447145e-04
2.319999999999999840e+00 4.013961414975619757e-04
2.330000000000000071e+00 3.719405639544259845e-04
2.339999999999999858e+00 3.348964466560744313e-04
2.350000000000000089e+00 2.888765110385937973e-04
2.359999999999999876e+00 2.322061666210628594e-04
2.370000000000000107e+00 1.628493106705375393e-04
2.379999999999999893e+00 7.831044542810916553e-05
2.390000000000000124e+00 -2.449517563996028713e-05
2.399999999999999911e+00 -1.494203130602000940e-04
2.410000000000000142e+00 -3.013261308710268871e-04
2.419999999999999929e+00 -4.864201705059301162e-04
2.430000000000000160e+00 -7.127342948230475095e-04
2.439999999999999947e+00 -9.908146335027012697e-04
2.450000000000000178e+00 -1.334738818363323531e-03
2.459999999999999964e+00 -1.763651824407297397e-03
2.470000000000000195e+00 -2.304145598490570102e-03
2.479999999999999982e+00 -2.994074482244646340e-03
2.490000000000000213e+00 -3.888866007964508764e-03
2.500000000000000000e+00 -5.072434396909242249e-03
2.510000000000000231e+00 -6.676987433335113131e-03
2.520000000000000018e+00 -8.921174818216415225e-03
2.530000000000000249e+00 -1.218908563122939048e-02
2.540000000000000036e+00 -1.720938557385237599e-02
2.550000000000000266e+00 -2.551188028730100310e-02
2.560000000000000053e+00 -4.078348891544392174e-02
2.569999999999999840e+00 -7.375656762946430911e-02
