0.000000000000000000e+00 4.847193550971516307e-17
1.000000000000000021e-02 7.029755177227449782e-10
2.000000000000000042e-02 1.124751936994110013e-08
2.999999999999999889e-02 5.693439329288890044e-08
4.000000000000000083e-02 1.799119197916924208e-07
5.000000000000000278e-02 4.391537085049719420e-07
5.999999999999999778e-02 9.104224409048469487e-07
7.000000000000000666e-02 1.686224555884674959e-06
8.000000000000000167e-02 2.875755054259994509e-06
8.999999999999999667e-02 4.604832465172188957e-06
1.000000000000000056e-01 7.015824084500142817e-06
1.100000000000000006e-01 1.026756160386510049e-05
1.199999999999999956e-01 1.453524726364704953e-05
1.300000000000000044e-01 2.001035067857834552e-05
1.400000000000000133e-01 2.690049649938238232e-05
1.499999999999999944e-01 3.542934308860588795e-05
1.600000000000000033e-01 4.583645240324506025e-05
1.700000000000000122e-01 5.837715129096658487e-05
1.799999999999999933e-01 7.332238442066824481e-05
1.900000000000000022e-01 9.095855908178551155e-05
2.000000000000000111e-01 1.115873821001265372e-04
2.099999999999999922e-01 1.355256891310902467e-04
2.200000000000000011e-01 1.631052666038848608e-04
2.300000000000000100e-01 1.946726666027967338e-04
2.399999999999999911e-01 2.305890149836710261e-04
2.500000000000000000e-01 2.712298130355250280e-04
2.600000000000000089e-01 3.169847330086326596e-04
2.700000000000000178e-01 3.682574078414810000e-04
2.800000000000000266e-01 4.254652154297002627e-04
2.899999999999999800e-01 4.890390577903952225e-04
2.999999999999999889e-01 5.594231354852760747e-04
3.099999999999999978e-01 6.370747176755699659e-04
3.200000000000000067e-01 7.224639081908899082e-04
3.300000000000000155e-01 8.160734080030684554e-04
3.400000000000000244e-01 9.183982745043890120e-04
3.500000000000000333e-01 1.029945677997680994e-03
3.599999999999999867e-01 1.151234655813394587e-03
3.699999999999999956e-01 1.282795864475994680e-03
3.800000000000000044e-01 1.425171330348867435e-03
3.900000000000000133e-01 1.578914199193313375e-03
4.000000000000000222e-01 1.744588485083235340e-03
4.100000000000000311e-01 1.922768819122678153e-03
4.199999999999999845e-01 2.114040198418510978e-03
4.299999999999999933e-01 2.318997735765227983e-03
4.400000000000000022e-01 2.538246410503077789e-03
4.500000000000000111e-01 2.772400821014475540e-03
4.600000000000000200e-01 3.022084939326919600e-03
4.700000000000000289e-01 3.287931868293405072e-03
4.799999999999999822e-01 3.570583601823532419e-03
4.899999999999999911e-01 3.870690788640255512e-03
5.000000000000000000e-01 4.188912500038274173e-03
5.100000000000000089e-01 4.525916002120625344e-03
5.200000000000000178e-01 4.882376532989923801e-03
5.300000000000000266e-01 5.258977085369933094e-03
5.400000000000000355e-01 5.656408195131684170e-03
5.500000000000000444e-01 6.075367736196178592e-03
5.600000000000000533e-01 6.516560722282686152e-03
5.700000000000000622e-01 6.980699115967988616e-03
5.799999999999999600e-01 7.468501645517051056e-03
5.899999999999999689e-01 7.980693629940260186e-03
5.999999999999999778e-01 8.518006812725589794e-03
6.099999999999999867e-01 9.081179204686597520e-03
6.199999999999999956e-01 9.670954936358434201e-03
6.300000000000000044e-01 1.028808412036414516e-02
6.400000000000000133e-01 1.093332272416245449e-02
6.500000000000000222e-01 1.160743245357591727e-02
6.600000000000000311e-01 1.231118064748442861e-02
6.700000000000000400e-01 1.304534018405385278e-02
6.800000000000000488e-01 1.381068939885289962e-02
6.900000000000000577e-01 1.460801201519272216e-02
7.000000000000000666e-01 1.543809708700382560e-02
7.099999999999999645e-01 1.630173895454277433e-02
7.199999999999999734e-01 1.719973721319760507e-02
7.299999999999999822e-01 1.813289669563460452e-02
7.399999999999999911e-01 1.910202746750191277e-02
7.500000000000000000e-01 2.010794483687471795e-02
7.600000000000000089e-01 2.115146937759484341e-02
7.700000000000000178e-01 2.223342696662286566e-02
7.800000000000000266e-01 2.335464883548360460e-02
7.900000000000000355e-01 2.451597163584627245e-02
8.000000000000000444e-01 2.571823751923841064e-02
8.100000000000000533e-01 2.696229423084738411e-02
8.200000000000000622e-01 2.824899521731575464e-02
8.300000000000000711e-01 2.957919974838602029e-02
8.399999999999999689e-01 3.095377305219651487e-02
8.499999999999999778e-01 3.237358646397388295e-02
8.599999999999999867e-01 3.383951758780739949e-02
8.699999999999999956e-01 3.535245047112813011e-02
8.800000000000000044e-01 3.691327579144962345e-02
8.900000000000000133e-01 3.852289105485769138e-02
9.000000000000000222e-01 4.018220080566463348e-02
9.100000000000000311e-01 4.189211684656771878e-02
9.200000000000000400e-01 4.365355846857281452e-02
9.300000000000000488e-01 4.546745268986267935e-02
9.400000000000000577e-01 4.733473450270374305e-02
9.500000000000000666e-01 4.925634712739800081e-02
9.599999999999999645e-01 5.123324227219512583e-02
9.699999999999999734e-01 5.326638039798644447e-02
9.799999999999999822e-01 5.535673098650555068e-02
9.899999999999999911e-01 5.750527281066199897e-02
1.000000000000000000e+00 5.971299420553215914e-02
1.010000000000000009e+00 6.198089333842871779e-02
1.020000000000000018e+00 6.430997847636396592e-02
1.030000000000000027e+00 6.670126824911544461e-02
1.040000000000000036e+00 6.915579190599374648e-02
1.050000000000000044e+00 7.167458956430287909e-02
1.060000000000000053e+00 7.425871244737300425e-02
1.070000000000000062e+00 7.690922310993567046e-02
1.080000000000000071e+00 7.962719564850025133e-02
1.090000000000000080e+00 8.241371589428179989e-02
1.100000000000000089e+00 8.526988158612039403e-02
1.110000000000000098e+00 8.819680252072709115e-02
1.120000000000000107e+00 9.119560067748443133e-02
1.130000000000000115e+00 9.426741031492991141e-02
1.140000000000000124e+00 9.741337803595002953e-02
1.150000000000000133e+00 1.006346628186199910e-01
1.159999999999999920e+00 1.039324360095328637e-01
1.169999999999999929e+00 1.073078812763793854e-01
1.179999999999999938e+00 1.107621945164596333e-01
1.189999999999999947e+00 1.142965837177390420e-01
1.199999999999999956e+00 1.179122687689969085e-01
1.209999999999999964e+00 1.216104812155605480e-01
1.219999999999999973e+00 1.253924639570750121e-01
1.229999999999999982e+00 1.292594708837210282e-01
1.239999999999999991e+00 1.332127664472728124e-01
1.250000000000000000e+00 1.372536251633733329e-01
1.260000000000000009e+00 1.413833310414078226e-01
1.270000000000000018e+00 1.456031769383690777e-01
1.280000000000000027e+00 1.499144638331397217e-01
1.290000000000000036e+00 1.543185000176591770e-01
1.300000000000000044e+00 1.588166002015049538e-01
1.310000000000000053e+00 1.634100845264959412e-01
1.320000000000000062e+00 1.681002774880188955e-01
1.330000000000000071e+00 1.728885067598946168e-01
1.340000000000000080e+00 1.777761019197328096e-01
1.350000000000000089e+00 1.827643930718745313e-01
1.360000000000000098e+00 1.878547093651962152e-01
1.370000000000000107e+00 1.930483774032399347e-01
1.380000000000000115e+00 1.983467195443488762e-01
1.390000000000000124e+00 2.037510520897215516e-01
1.400000000000000133e+00 2.092626833575562673e-01
1.409999999999999920e+00 2.148829116417315110e-01
1.419999999999999929e+00 2.206130230537739212e-01
1.429999999999999938e+00 2.264542892471796964e-01
1.439999999999999947e+00 2.324079650235043037e-01
1.449999999999999956e+00 2.384752858199974956e-01
1.459999999999999964e+00 2.446574650789429262e-01
1.469999999999999973e+00 2.509556914992727150e-01
1.479999999999999982e+00 2.573711261714480836e-01
1.489999999999999991e+00 2.639048995970436629e-01
1.500000000000000000e+00 2.705581085949354536e-01
1.510000000000000009e+00 2.773318130964738115e-01
1.520000000000000018e+00 2.842270328325139372e-01
1.530000000000000027e+00 2.912447439156968798e-01
1.540000000000000036e+00 2.983858753218875948e-01
1.550000000000000044e+00 3.056513052752238280e-01
1.560000000000000053e+00 3.130418575417699412e-01
1.570000000000000062e+00 3.205582976373297921e-01
1.580000000000000071e+00 3.282013289555364421e-01
1.590000000000000080e+00 3.359715888229027891e-01
1.600000000000000089e+00 3.438696444880903202e-01
1.610000000000000098e+00 3.518959890532267765e-01
1.620000000000000107e+00 3.600510373556712884e-01
1.630000000000000115e+00 3.683351218091977519e-01
1.640000000000000124e+00 3.767484882141195479e-01
1.650000000000000133e+00 3.852912915464435373e-01
1.660000000000000142e+00 3.939635917366658968e-01
1.669999999999999929e+00 4.027653494493638742e-01
1.679999999999999938e+00 4.116964218752323101e-01
1.689999999999999947e+00 4.207565585477107684e-01
1.699999999999999956e+00 4.299453971968107413e-01
1.709999999999999964e+00 4.392624596531868875e-01
1.719999999999999973e+00 4.487071478159100346e-01
1.729999999999999982e+00 4.582787396977727190e-01
1.739999999999999991e+00 4.679763855623005897e-01
1.750000000000000000e+00 4.777991041669414352e-01
1.760000000000000009e+00 4.877457791271645471e-01
1.770000000000000018e+00 4.978151554164109149e-01
1.780000000000000027e+00 5.080058360170036647e-01
1.790000000000000036e+00 5.183162800509319990e-01
1.800000000000000044e+00 5.287447958791501312e-01
1.810000000000000053e+00 5.392895421549430690e-01
1.820000000000000062e+00 5.499485239560962802e-01
1.830000000000000071e+00 5.607195904210982018e-01
1.840000000000000080e+00 5.716004326250448964e-01
1.850000000000000089e+00 5.825885817119449417e-01
1.860000000000000098e+00 5.936814072976474010e-01
1.870000000000000107e+00 6.048761161571951650e-01
1.880000000000000115e+00 6.161697512098854856e-01
1.890000000000000124e+00 6.275591908147415410e-01
1.900000000000000133e+00 6.390411483883967625e-01
1.910000000000000142e+00 6.506121723566501425e-01
1.919999999999999929e+00 6.622686464500737724e-01
1.929999999999999938e+00 6.740067903531150595e-01
1.939999999999999947e+00 6.858226607150886833e-01
1.949999999999999956e+00 6.977121525303091598e-01
1.959999999999999964e+00 7.096710008933893032e-01
1.969999999999999973e+00 7.216947831343784037e-01
1.979999999999999982e+00 7.337789213369857455e-01
1.989999999999999991e+00 7.459186852415892188e-01
2.000000000000000000e+00 7.581091955330828691e-01
2.010000000000000231e+00 7.703454275118521988e-01
2.020000000000000018e+00 7.826222151443005259e-01
2.030000000000000249e+00 7.949342554873535249e-01
2.040000000000000036e+00 8.072761134792375559e-01
2.049999999999999822e+00 8.196422270865877380e-01
2.060000000000000053e+00 8.320269127955016719e-01
2.069999999999999840e+00 8.444243714315959881e-01
2.080000000000000071e+00 8.568286942913401205e-01
2.089999999999999858e+00 8.692338695639241219e-01
2.100000000000000089e+00 8.816337890197010196e-01
2.109999999999999876e+00 8.940222549376162231e-01
2.120000000000000107e+00 9.063929872401388366e-01
2.129999999999999893e+00 9.187396307997505174e-01
2.140000000000000124e+00 9.310557628760998128e-01
2.149999999999999911e+00 9.433349006372008239e-01
2.160000000000000142e+00 9.555705087114920726e-01
2.169999999999999929e+00 9.677560067098092134e-01
2.180000000000000160e+00 9.798847766472007503e-01
2.189999999999999947e+00 9.919501701834574359e-01
2.200000000000000178e+00 1.003945515587887582e+00
2.209999999999999964e+00 1.015864124317373607e+00
2.220000000000000195e+00 1.027699297076336560e+00
2.229999999999999982e+00 1.039444330586902110e+00
2.240000000000000213e+00 1.051092518323842206e+00
2.250000000000000000e+00 1.062637157461287396e+00
2.260000000000000231e+00 1.074071549827642968e+00
2.270000000000000018e+00 1.085389002224554700e+00
2.280000000000000249e+00 1.096582824566534331e+00
2.290000000000000036e+00 1.107646325272999110e+00
2.300000000000000266e+00 1.118572803180846398e+00
2.310000000000000053e+00 1.129355535024219481e+00
2.319999999999999840e+00 1.139987757225290776e+00
2.330000000000000071e+00 1.150462640321070040e+00
2.339999999999999858e+00 1.160773253765434276e+00
2.350000000000000089e+00 1.170912518015818193e+00
2.359999999999999876e+00 1.180873139623045631e+00
2.370000000000000107e+00 1.190647523308878242e+00
2.379999999999999893e+00 1.200227652452034555e+00
2.390000000000000124e+00 1.209604925900185313e+00
2.399999999999999911e+00 1.218769931192267286e+00
2.410000000000000142e+00 1.227712129537057884e+00
2.419999999999999929e+00 1.236419407594536946e+00
2.430000000000000160e+00 1.244877430984583144e+00
2.439999999999999947e+00 1.253068692551349894e+00
2.450000000000000178e+00 1.260971078745732221e+00
2.459999999999999964e+00 1.268555652468283501e+00
2.470000000000000195e+00 1.275783124204908470e+00
2.479999999999999982e+00 1.282598005662219043e+00
2.490000000000000213e+00 1.288918585021205043e+00
2.500000000000000000e+00 1.294618815478910223e+00
2.510000000000000231e+00 1.299493699783798473e+00
2.520000000000000018e+00 1.303188322739089244e+00
2.530000000000000249e+00 1.305039100456098833e+00
2.540000000000000036e+00 1.303676646186163302e+00
2.550000000000000266e+00 1.295871516250817423e+00
2.560000000000000053e+00 1.272379665204363075e+00
2.569999999999999840e+00 1.196872699954180108e+00
