0.000000000000000000e+00 0.000000000000000000e+00
1.000000000000000021e-02 -1.303913574335346937e-11
2.000000000000000042e-02 -2.603693649572136337e-11
2.999999999999999889e-02 -3.896445666118353301e-11
4.000000000000000083e-02 -5.178743545108943636e-11
5.000000000000000278e-02 -6.447142819610007791e-11
5.999999999999999778e-02 -7.698250370502535134e-11
7.000000000000000666e-02 -8.928704997579473002e-11
8.000000000000000167e-02 -1.013520378734256155e-10
8.999999999999999667e-02 -1.131448823521452596e-10
1.000000000000000056e-01 -1.246335257221176107e-10
1.100000000000000006e-01 -1.357871037832580896e-10
1.199999999999999956e-01 -1.465749188689358107e-10
1.300000000000000044e-01 -1.569274710178092391e-10
1.400000000000000133e-01 -1.668531424137142949e-10
1.499999999999999944e-01 -1.763250101483038179e-10
1.600000000000000033e-01 -1.853173725585577358e-10
1.700000000000000122e-01 -1.938062488271441453e-10
1.799999999999999933e-01 -2.017690459155119242e-10
1.900000000000000022e-01 -2.091843920304370386e-10
2.000000000000000111e-01 -2.160328582689885479e-10
2.099999999999999922e-01 -2.222965145293187561e-10
2.200000000000000011e-01 -2.279590960441169045e-10
2.300000000000000100e-01 -2.330065029809702537e-10
2.399999999999999911e-01 -2.374264118643054644e-10
2.500000000000000000e-01 -2.412086641534472164e-10
2.600000000000000089e-01 -2.443452662426182087e-10
2.700000000000000178e-01 -2.468302229274854653e-10
2.800000000000000266e-01 -2.486602590501263421e-10
2.899999999999999800e-01 -2.498340978540625201e-10
2.999999999999999889e-01 -2.503531826292260121e-10
3.099999999999999978e-01 -2.502212881339005435e-10
3.200000000000000067e-01 -2.494449091727801715e-10
3.300000000000000155e-01 -2.480325944631545099e-10
3.400000000000000244e-01 -2.459960013467821227e-10
3.500000000000000333e-01 -2.433485635222609744e-10
3.599999999999999867e-01 -2.401068788238092111e-10
3.699999999999999956e-01 -2.362889883755769915e-10
3.800000000000000044e-01 -2.319155978369735749e-10
3.900000000000000133e-01 -2.270089116684914643e-10
4.000000000000000222e-01 -2.215933547766724132e-10
4.100000000000000311e-01 -2.156945178022340315e-10
4.199999999999999845e-01 -2.093393791646747104e-10
4.299999999999999933e-01 -2.025559164842150039e-10
4.400000000000000022e-01 -1.953732731152513225e-10
4.500000000000000111e-01 -1.878201760785458418e-10
4.600000000000000200e-01 -1.799264626178853632e-10
4.700000000000000289e-01 -1.717213593543931438e-10
4.799999999999999822e-01 -1.632341206647680565e-10
4.899999999999999911e-01 -1.544931682584405053e-10
5.000000000000000000e-01 -1.455263964889041972e-10
5.100000000000000089e-01 -1.363607143867184845e-10
5.200000000000000178e-01 -1.270218652482668631e-10
5.300000000000000266e-01 -1.175343850023935488e-10
5.400000000000000355e-01 -1.079215015964418711e-10
5.500000000000000444e-01 -9.820503351493092836e-11
5.600000000000000533e-01 -8.840539758581122953e-11
5.700000000000000622e-01 -7.854157602071865085e-11
5.799999999999999600e-01 -6.863118406918999881e-11
5.899999999999999689e-01 -5.869048302908907999e-11
5.999999999999999778e-01 -4.873458581133860434e-11
6.099999999999999867e-01 -3.877755061498788791e-11
6.199999999999999956e-01 -2.883270011633243257e-11
6.300000000000000044e-01 -1.891270473564077292e-11
6.400000000000000133e-01 -9.030415304422945155e-12
6.500000000000000222e-01 8.012479568719754752e-13
6.600000000000000311e-01 1.056815746025563385e-11
6.700000000000000400e-01 2.025457579435396838e-11
6.800000000000000488e-01 2.984254510174366715e-11
6.900000000000000577e-01 3.931110992283493033e-11
7.000000000000000666e-01 4.863578983993477323e-11
7.099999999999999645e-01 5.778855172167141063e-11
7.199999999999999734e-01 6.673771257847960214e-11
7.299999999999999822e-01 7.544857794083981162e-11
7.399999999999999911e-01 8.388443412110646591e-11
7.500000000000000000e-01 9.161277639280207552e-11
7.600000000000000089e-01 9.889769298637718364e-11
7.700000000000000178e-01 1.056882290018101855e-10
7.800000000000000266e-01 1.119365850010822783e-10
7.900000000000000355e-01 1.176014841064443317e-10
8.000000000000000444e-01 1.226520551789178626e-10
8.100000000000000533e-01 1.270722138624336139e-10
8.200000000000000622e-01 1.308646524478263018e-10
8.300000000000000711e-01 1.340542121752719140e-10
8.399999999999999689e-01 1.366894930576734168e-10
8.499999999999999778e-01 1.388411607905482015e-10
8.599999999999999867e-01 1.405975336155051991e-10
8.699999999999999956e-01 1.420560336029552673e-10
8.800000000000000044e-01 1.433119178884112443e-10
8.900000000000000133e-01 1.444458441746121480e-10
9.000000000000000222e-01 1.455144893469650924e-10
9.100000000000000311e-01 1.465442767134561564e-10
9.200000000000000400e-01 1.475384814320079840e-10
9.300000000000000488e-01 1.484892764302969681e-10
9.400000000000000577e-01 1.494021573122950031e-10
9.500000000000000666e-01 1.503217550435920202e-10
9.599999999999999645e-01 1.513239533679211490e-10
9.699999999999999734e-01 1.524833592725372000e-10
9.799999999999999822e-01 1.538564831093935936e-10
9.899999999999999911e-01 1.554483486376767587e-10
1.000000000000000000e+00 1.571898722296793949e-10
1.010000000000000009e+00 1.589427617298966311e-10
1.020000000000000018e+00 1.605417929671781874e-10
1.030000000000000027e+00 1.618593592489503408e-10
1.040000000000000036e+00 1.628638057749043355e-10
1.050000000000000044e+00 1.636412672034737170e-10
1.060000000000000053e+00 1.643679081730908820e-10
1.070000000000000062e+00 1.652373793348260733e-10
1.080000000000000071e+00 1.663697513087925017e-10
1.090000000000000080e+00 1.677512573294848153e-10
1.100000000000000089e+00 1.692549433940371273e-10
1.110000000000000098e+00 1.707388119775998803e-10
1.120000000000000107e+00 1.721584541591880679e-10
1.130000000000000115e+00 1.736138455221691856e-10
1.140000000000000124e+00 1.752821776612734084e-10
1.150000000000000133e+00 1.772664237620347194e-10
1.159999999999999920e+00 1.794739357130481494e-10
1.169999999999999929e+00 1.816585215586030699e-10
1.179999999999999938e+00 1.836260640070142003e-10
1.189999999999999947e+00 1.854110337484726756e-10
1.199999999999999956e+00 1.878485422768250146e-10
1.209999999999999964e+00 1.904487123560727468e-10
1.219999999999999973e+00 1.932842219609653966e-10
1.229999999999999982e+00 1.962326967586136561e-10
1.239999999999999991e+00 1.989735043395057801e-10
1.250000000000000000e+00 2.011202315799209828e-10
1.260000000000000009e+00 2.024187484295225659e-10
1.270000000000000018e+00 2.028854306779237504e-10
1.280000000000000027e+00 2.027752410427297036e-10
1.290000000000000036e+00 2.024070355766127705e-10
1.300000000000000044e+00 2.020134615143831525e-10
1.310000000000000053e+00 2.017177397339864342e-10
1.320000000000000062e+00 2.010847027084095018e-10
1.330000000000000071e+00 2.009016841775235207e-10
1.340000000000000080e+00 2.014281241802251543e-10
1.350000000000000089e+00 2.027321088782230163e-10
1.360000000000000098e+00 2.046982583436829373e-10
1.370000000000000107e+00 2.070555393807183009e-10
1.380000000000000115e+00 2.094392437257397432e-10
1.390000000000000124e+00 2.114987629475706399e-10
1.400000000000000133e+00 2.129962872743362823e-10
1.409999999999999920e+00 2.138457744216282208e-10
1.419999999999999929e+00 2.140931321115147057e-10
1.429999999999999938e+00 2.138648702576517735e-10
1.439999999999999947e+00 2.133165311057894087e-10
1.449999999999999956e+00 2.125986608980667825e-10
1.459999999999999964e+00 2.118427377961751290e-10
1.469999999999999973e+00 2.111605335031185859e-10
1.479999999999999982e+00 2.106477769991954574e-10
1.489999999999999991e+00 2.103909060857667157e-10
1.500000000000000000e+00 2.104715186856953579e-10
1.510000000000000009e+00 2.098474866096822211e-10
1.520000000000000018e+00 2.099467821814471336e-10
1.530000000000000027e+00 2.107951868612900626e-10
1.540000000000000036e+00 2.123375364426749456e-10
1.550000000000000044e+00 2.144873167964078675e-10
1.560000000000000053e+00 2.171521296112643995e-10
1.570000000000000062e+00 2.202432680675769916e-10
1.580000000000000071e+00 2.236782981057672259e-10
1.590000000000000080e+00 2.273838894950586109e-10
1.600000000000000089e+00 2.312975366791647502e-10
1.610000000000000098e+00 2.353696682000361307e-10
1.620000000000000107e+00 2.395634801644064282e-10
1.630000000000000115e+00 2.438544921545826583e-10
1.640000000000000124e+00 2.438204083077266660e-10
1.650000000000000133e+00 2.481979621826724269e-10
1.660000000000000142e+00 2.526356346344016401e-10
1.669999999999999929e+00 2.571227675218779041e-10
1.679999999999999938e+00 2.616408756317412099e-10
1.689999999999999947e+00 2.661572073847651154e-10
1.699999999999999956e+00 2.706197488322459321e-10
1.709999999999999964e+00 2.749537264534751557e-10
1.719999999999999973e+00 2.790616626668906974e-10
1.729999999999999982e+00 2.828293155232586287e-10
1.739999999999999991e+00 2.861382242258514452e-10
1.750000000000000000e+00 2.888846384330179262e-10
1.760000000000000009e+00 2.910703900127487032e-10
1.770000000000000018e+00 2.926746622833320544e-10
1.780000000000000027e+00 2.937802223712537852e-10
1.790000000000000036e+00 2.945198529502590645e-10
1.800000000000000044e+00 2.950345523444752871e-10
1.810000000000000053e+00 2.954252953379921109e-10
1.820000000000000062e+00 2.957384892532388676e-10
1.830000000000000071e+00 2.960263700835241707e-10
1.840000000000000080e+00 2.964754552969850465e-10
1.850000000000000089e+00 2.974664958799166925e-10
1.860000000000000098e+00 2.997488923739410893e-10
1.870000000000000107e+00 3.029820283551032389e-10
1.880000000000000115e+00 3.067007203760852008e-10
1.890000000000000124e+00 3.101307544106646219e-10
1.900000000000000133e+00 3.125875114307063996e-10
1.910000000000000142e+00 3.139308257793516077e-10
1.919999999999999929e+00 3.146209404114586050e-10
1.929999999999999938e+00 3.151978122950538364e-10
1.939999999999999947e+00 3.160797179546648294e-10
1.949999999999999956e+00 3.178926011315752476e-10
1.959999999999999964e+00 3.207049070752532316e-10
1.969999999999999973e+00 3.245632096415818069e-10
1.979999999999999982e+00 3.288022076830543483e-10
1.989999999999999991e+00 3.324923114611522124e-10
2.000000000000000000e+00 3.353691768737121492e-10
2.010000000000000231e+00 3.380604962632816068e-10
2.020000000000000018e+00 3.407172044500583752e-10
2.030000000000000249e+00 3.433960754639642232e-10
2.040000000000000036e+00 3.463155318073063427e-10
2.049999999999999822e+00 3.495384190421724213e-10
2.060000000000000053e+00 3.527964665198113359e-10
2.069999999999999840e+00 3.549637875299715972e-10
2.080000000000000071e+00 3.569174261697227735e-10
2.089999999999999858e+00 3.589670227732710828e-10
2.100000000000000089e+00 3.613169485827683047e-10
2.109999999999999876e+00 3.642527945935114531e-10
2.120000000000000107e+00 3.676230431182148095e-10
2.129999999999999893e+00 3.711818075124995175e-10
2.140000000000000124e+00 3.749746624315264398e-10
2.149999999999999911e+00 3.798606984517505225e-10
2.160000000000000142e+00 3.846897800308113347e-10
2.169999999999999929e+00 3.888001032237298205e-10
2.180000000000000160e+00 3.918025903715260938e-10
2.189999999999999947e+00 3.937408177279166921e-10
2.200000000000000178e+00 3.957916772101555125e-10
2.209999999999999964e+00 3.984842456006276734e-10
2.220000000000000195e+00 4.019337085381380348e-10
2.229999999999999982e+00 4.052144730870566036e-10
2.240000000000000213e+00 4.084536042725517291e-10
2.250000000000000000e+00 4.112895579666542289e-10
2.260000000000000231e+00 4.142903797799135646e-10
2.270000000000000018e+00 4.186738178368898389e-10
2.280000000000000249e+00 4.255303887035211119e-10
2.290000000000000036e+00 4.325301783403290301e-10
2.300000000000000266e+00 4.381203733139216183e-10
2.310000000000000053e+00 4.413839294059584972e-10
2.319999999999999840e+00 4.428521438448740355e-10
2.330000000000000071e+00 4.445375179074062544e-10
2.339999999999999858e+00 4.475320669605764579e-10
2.350000000000000089e+00 4.523083851903919594e-10
2.359999999999999876e+00 4.570883116450374928e-10
2.370000000000000107e+00 4.611721837743942842e-10
2.379999999999999893e+00 4.639217621171809469e-10
2.390000000000000124e+00 4.660550001478469540e-10
2.399999999999999911e+00 4.693727836957428678e-10
2.410000000000000142e+00 4.746659836019073708e-10
2.419999999999999929e+00 4.828651090083013742e-10
2.430000000000000160e+00 4.925321817061956153e-10
2.439999999999999947e+00 5.013183479452010261e-10
2.450000000000000178e+00 5.074573261598658291e-10
2.459999999999999964e+00 5.108946043996809294e-10
2.470000000000000195e+00 5.127361035750510609e-10
2.479999999999999982e+00 5.142996029050550533e-10
2.490000000000000213e+00 5.162313909679028257e-10
2.500000000000000000e+00 5.194185637158454938e-10
2.510000000000000231e+00 5.245963108357898363e-10
2.520000000000000018e+00 5.313430251341344501e-10
2.530000000000000249e+00 5.383852808016342806e-10
2.540000000000000036e+00 5.443660522352899989e-10
2.550000000000000266e+00 5.486189835757215860e-10
2.560000000000000053e+00 5.513399181644729197e-10
2.569999999999999840e+00 5.531595737018335512e-10
2.580000000000000071e+00 5.547441950248810372e-10
2.589999999999999858e+00 5.558526972038180247e-10
2.600000000000000089e+00 5.579617878836984346e-10
2.609999999999999876e+00 5.615046760887310029e-10
2.620000000000000107e+00 5.667284974641972894e-10
2.629999999999999893e+00 5.737059161070590108e-10
2.640000000000000124e+00 5.823369009227974402e-10
2.649999999999999911e+00 5.923756485337605682e-10
2.660000000000000142e+00 6.054208800954086200e-10
2.669999999999999929e+00 6.188808354679053991e-10
2.680000000000000160e+00 6.324923362832635121e-10
2.689999999999999947e+00 6.459981438666773101e-10
2.700000000000000178e+00 6.592670298566360998e-10
2.709999999999999964e+00 6.723234746708328657e-10
2.720000000000000195e+00 6.852740597196316230e-10
2.729999999999999982e+00 6.981918376780527069e-10
2.740000000000000213e+00 7.110039224045294759e-10
2.750000000000000000e+00 7.233985077625959548e-10
2.760000000000000231e+00 7.347435437843330419e-10
2.770000000000000018e+00 7.440102978151230673e-10
2.780000000000000249e+00 7.497136800260761902e-10
2.790000000000000036e+00 7.499477150396671732e-10
2.800000000000000266e+00 7.426497194984449379e-10
2.810000000000000053e+00 7.262647705452707214e-10
2.819999999999999840e+00 7.008298386068645414e-10
2.830000000000000071e+00 7.087577191811078592e-10
2.839999999999999858e+00 7.156977371858275205e-10
2.850000000000000089e+00 7.212983335613820657e-10
2.859999999999999876e+00 7.249734805536700577e-10
2.870000000000000107e+00 7.261901774358037187e-10
2.879999999999999893e+00 7.254599421191443298e-10
2.890000000000000124e+00 7.254885581176040432e-10
2.899999999999999911e+00 7.300027249357299297e-10
2.910000000000000142e+00 7.378053168416442986e-10
2.919999999999999929e+00 7.412658264982496803e-10
2.930000000000000160e+00 7.488049069692692683e-10
2.939999999999999947e+00 7.657413592099260313e-10
2.950000000000000178e+00 7.971208693113851496e-10
2.959999999999999964e+00 8.390708683414516145e-10
2.970000000000000195e+00 8.740923818084667118e-10
2.979999999999999982e+00 8.844806970165208782e-10
2.990000000000000213e+00 8.744160395757205606e-10
3.000000000000000000e+00 8.745748014682419580e-10
3.010000000000000231e+00 9.163103609211020739e-10
3.020000000000000018e+00 9.205364248643377323e-10
3.030000000000000249e+00 9.318812943526211257e-10
3.040000000000000036e+00 9.599547823313514527e-10
3.050000000000000266e+00 1.017465778296866574e-09
3.060000000000000053e+00 1.092692658577476550e-09
3.070000000000000284e+00 1.149998632779536401e-09
3.080000000000000071e+00 1.171097330221471111e-09
3.089999999999999858e+00 1.166250096495957678e-09
3.100000000000000089e+00 1.150585737796916419e-09
3.109999999999999876e+00 1.120451176284120720e-09
3.120000000000000107e+00 1.088794610026866394e-09
3.129999999999999893e+00 1.099590807296380035e-09
3.140000000000000124e+00 1.165819885073915430e-09
3.149999999999999911e+00 1.221321391242646826e-09
3.160000000000000142e+00 1.222924650434720206e-09
3.169999999999999929e+00 1.199284449526771823e-09
3.180000000000000160e+00 1.190595289024543035e-09
3.189999999999999947e+00 1.189573328730375579e-09
3.200000000000000178e+00 1.208524835760727001e-09
3.209999999999999964e+00 1.298552820827580945e-09
3.220000000000000195e+00 1.441797480017381616e-09
3.229999999999999982e+00 1.539501942593446415e-09
3.240000000000000213e+00 1.557941831098474950e-09
3.250000000000000000e+00 1.535867710789062812e-09
3.260000000000000231e+00 1.496767432218604199e-09
3.270000000000000018e+00 1.433951402063371461e-09
3.280000000000000249e+00 1.383401948551465921e-09
3.290000000000000036e+00 1.398902098326271215e-09
3.300000000000000266e+00 1.466286342344247373e-09
3.310000000000000053e+00 1.514386227530195583e-09
3.320000000000000284e+00 1.519261050297870952e-09
3.330000000000000071e+00 1.503507540689952293e-09
3.339999999999999858e+00 1.490440715290475282e-09
3.350000000000000089e+00 1.479625588718391782e-09
3.359999999999999876e+00 1.480330663605755603e-09
3.370000000000000107e+00 1.512871536379911674e-09
3.379999999999999893e+00 1.576193314756224595e-09
3.390000000000000124e+00 1.637576352297998028e-09
3.399999999999999911e+00 1.671437765971006684e-09
3.410000000000000142e+00 1.676212224577255938e-09
3.419999999999999929e+00 1.664321847005822974e-09
3.430000000000000160e+00 1.722465226006164585e-09
3.439999999999999947e+00 1.739029115155332761e-09
3.450000000000000178e+00 1.726902031096155810e-09
3.459999999999999964e+00 1.738670568629530067e-09
3.470000000000000195e+00 1.791704284936912472e-09
3.479999999999999982e+00 1.854800257827804444e-09
3.490000000000000213e+00 1.890982870289548146e-09
3.500000000000000000e+00 1.896900858611161311e-09
3.510000000000000231e+00 1.893983692102807481e-09
3.520000000000000018e+00 1.898771473385352238e-09
3.530000000000000249e+00 1.912209501853112670e-09
3.540000000000000036e+00 1.927307424764990174e-09
3.550000000000000266e+00 1.939084698365789450e-09
3.560000000000000053e+00 1.947578279204442708e-09
3.570000000000000284e+00 2.074392657647194937e-09
3.580000000000000071e+00 2.171906654524491387e-09
3.589999999999999858e+00 2.253902120497031092e-09
3.600000000000000089e+00 2.327623038755888274e-09
3.609999999999999876e+00 2.391570552706667740e-09
3.620000000000000107e+00 2.440599611297500360e-09
3.629999999999999893e+00 2.471339077825263075e-09
3.640000000000000124e+00 2.484522865220384347e-09
3.649999999999999911e+00 2.484185857021259380e-09
3.660000000000000142e+00 2.475476379437679952e-09
3.669999999999999929e+00 2.462805959169145353e-09
3.680000000000000160e+00 2.535009979709457184e-09
3.689999999999999947e+00 2.577558277927494146e-09
3.700000000000000178e+00 2.604225723956687943e-09
3.709999999999999964e+00 2.622212086356157101e-09
3.720000000000000195e+00 2.634273521540109186e-09
3.729999999999999982e+00 2.641251925505905263e-09
3.740000000000000213e+00 2.643743404317361323e-09
3.750000000000000000e+00 2.642659410745373805e-09
3.760000000000000231e+00 2.639120109948489556e-09
3.770000000000000018e+00 2.634167425852318445e-09
3.780000000000000249e+00 2.628568876450465552e-09
3.790000000000000036e+00 2.622775288618761635e-09
3.800000000000000266e+00 2.616986113923580604e-09
3.810000000000000053e+00 2.611258473339539421e-09
3.820000000000000284e+00 2.605613266815076656e-09
3.830000000000000071e+00 2.600117725293227267e-09
3.839999999999999858e+00 2.594941313910359426e-09
3.850000000000000089e+00 2.590388584189362575e-09
3.859999999999999876e+00 2.586914057967071301e-09
3.870000000000000107e+00 2.585121477993723715e-09
3.879999999999999893e+00 2.585747019279160952e-09
3.890000000000000124e+00 2.589621850290768634e-09
3.899999999999999911e+00 2.597608850241073242e-09
3.910000000000000142e+00 2.610511223855027652e-09
3.919999999999999929e+00 2.628955941830213305e-09
3.930000000000000160e+00 2.653272879182821953e-09
3.939999999999999947e+00 2.683403665937333926e-09
3.950000000000000178e+00 2.718904879017713938e-09
3.959999999999999964e+00 2.759119099859930202e-09
3.970000000000000195e+00 2.803591525601945023e-09
3.979999999999999982e+00 2.852778624440333033e-09
3.990000000000000213e+00 2.909014917840124781e-09
4.000000000000000000e+00 2.977580515484135049e-09
4.009999999999999787e+00 3.067568088432892637e-09
4.020000000000000462e+00 3.192134445662020426e-09
4.030000000000000249e+00 3.196163278484931425e-09
4.040000000000000036e+00 3.196948289430068257e-09
4.049999999999999822e+00 3.194042273724218006e-09
4.060000000000000497e+00 3.186801419974294447e-09
4.070000000000000284e+00 3.174496027158468792e-09
4.080000000000000071e+00 3.156455097297339307e-09
4.089999999999999858e+00 3.132260117943985733e-09
4.099999999999999645e+00 3.101932932736417570e-09
4.110000000000000320e+00 3.066051301736649748e-09
4.120000000000000107e+00 3.025740213935534939e-09
4.129999999999999893e+00 2.982510349802680594e-09
4.139999999999999680e+00 2.937969700855802557e-09
4.150000000000000355e+00 2.893488171284985810e-09
4.160000000000000142e+00 2.849936703297473173e-09
4.169999999999999929e+00 2.807611421129507789e-09
4.179999999999999716e+00 2.766390193309486989e-09
4.190000000000000391e+00 2.726067274694266018e-09
4.200000000000000178e+00 2.686733141521457924e-09
4.209999999999999964e+00 2.649047592395703532e-09
4.219999999999999751e+00 2.614304606129991271e-09
4.230000000000000426e+00 2.584270131222865530e-09
4.240000000000000213e+00 2.560849032828826921e-09
4.250000000000000000e+00 2.545683885912808364e-09
4.259999999999999787e+00 2.539785937116789682e-09
4.270000000000000462e+00 2.543285415601559407e-09
4.280000000000000249e+00 2.555354178257474018e-09
4.290000000000000036e+00 2.574315011161232292e-09
4.299999999999999822e+00 2.597913502377924289e-09
4.310000000000000497e+00 2.623688474812091442e-09
4.320000000000000284e+00 2.649349864491945539e-09
4.330000000000000071e+00 2.673078702830622433e-09
4.339999999999999858e+00 2.693690825950056933e-09
4.350000000000000533e+00 2.710650925941138212e-09
4.360000000000000320e+00 2.805858267951322205e-09
4.370000000000000107e+00 2.892111883312509235e-09
4.379999999999999893e+00 2.961307754567599204e-09
4.389999999999999680e+00 3.009580751278662092e-09
4.400000000000000355e+00 3.036769946618278482e-09
4.410000000000000142e+00 3.045275809299141656e-09
4.419999999999999929e+00 3.038869544891298347e-09
4.429999999999999716e+00 3.021700667460436307e-09
4.440000000000000391e+00 2.997606524113294313e-09
4.450000000000000178e+00 2.969731655033669426e-09
4.459999999999999964e+00 2.940395371631154831e-09
4.469999999999999751e+00 2.911133528682441352e-09
4.480000000000000426e+00 2.882831716399802957e-09
4.490000000000000213e+00 2.855894014330839781e-09
4.500000000000000000e+00 2.830404036147093905e-09
4.509999999999999787e+00 2.806258753151880114e-09
4.520000000000000462e+00 2.783267005757039669e-09
4.530000000000000249e+00 2.761214729085637032e-09
4.540000000000000036e+00 2.739902166259966521e-09
4.549999999999999822e+00 2.723849312769033304e-09
4.560000000000000497e+00 2.699433343522628093e-09
4.570000000000000284e+00 2.671161347667094788e-09
4.580000000000000071e+00 2.641400820291295304e-09
4.589999999999999858e+00 2.611482807779452742e-09
4.600000000000000533e+00 2.582084435154285984e-09
4.610000000000000320e+00 2.553495803692129584e-09
4.620000000000000107e+00 2.525793241225926522e-09
4.629999999999999893e+00 2.498946993778616843e-09
4.639999999999999680e+00 2.472881455162223574e-09
4.650000000000000355e+00 2.447509139802406253e-09
4.660000000000000142e+00 2.422744949104327361e-09
4.669999999999999929e+00 2.398512388701590226e-09
4.679999999999999716e+00 2.374745511346532112e-09
4.690000000000000391e+00 2.351386918508779900e-09
4.700000000000000178e+00 2.328386206063015607e-09
4.709999999999999964e+00 2.305700241844732545e-09
4.719999999999999751e+00 2.283290778670732379e-09
4.730000000000000426e+00 2.261124676383730048e-09
4.740000000000000213e+00 2.239173346740841453e-09
4.750000000000000000e+00 2.217413030969339616e-09
4.759999999999999787e+00 2.195823856077083747e-09
4.770000000000000462e+00 2.174390889564392637e-09
4.780000000000000249e+00 2.153103306756776192e-09
4.790000000000000036e+00 2.131954279782632966e-09
4.799999999999999822e+00 2.110940922062098934e-09
4.810000000000000497e+00 2.090063844217837641e-09
4.820000000000000284e+00 2.069326487941225423e-09
4.830000000000000071e+00 2.048735237014653876e-09
4.839999999999999858e+00 2.028298307088505226e-09
4.850000000000000533e+00 2.008025967725757255e-09
4.860000000000000320e+00 1.987929432178958677e-09
4.870000000000000107e+00 1.968020746367926677e-09
4.879999999999999893e+00 1.948312622346293210e-09
4.889999999999999680e+00 1.928817661145387774e-09
4.900000000000000355e+00 1.909548852374598482e-09
4.910000000000000142e+00 1.890518186442591286e-09
4.919999999999999929e+00 1.871738541936451838e-09
4.929999999999999716e+00 1.853221520686787471e-09
4.940000000000000391e+00 1.834979168613415368e-09
4.950000000000000178e+00 1.817023420613850249e-09
4.959999999999999964e+00 1.799366100563304371e-09
4.969999999999999751e+00 1.782019365403897382e-09
4.980000000000000426e+00 1.764995760655807544e-09
4.990000000000000213e+00 1.748307998372666816e-09
5.000000000000000000e+00 1.731969928586707397e-09
5.009999999999999787e+00 1.715944192293150650e-09
5.020000000000000462e+00 1.742984256924984265e-09
5.030000000000000249e+00 1.775325664254978619e-09
5.040000000000000036e+00 1.808783262058355490e-09
5.049999999999999822e+00 1.843415642355239470e-09
5.060000000000000497e+00 1.879021049866480553e-09
5.070000000000000284e+00 1.915370057004039950e-09
5.080000000000000071e+00 1.952232819846244638e-09
5.089999999999999858e+00 1.989380327138690063e-09
5.100000000000000533e+00 2.026585843584172153e-09
5.110000000000000320e+00 2.063626852732980410e-09
5.120000000000000107e+00 2.100286625172920196e-09
5.129999999999999893e+00 2.136355745085971591e-09
5.139999999999999680e+00 2.171633428638131136e-09
5.150000000000000355e+00 2.205928870124829189e-09
5.160000000000000142e+00 2.239062116271561820e-09
5.169999999999999929e+00 2.270865107067976396e-09
5.179999999999999716e+00 2.301182210062702183e-09
5.190000000000000391e+00 2.329870976702785867e-09
5.200000000000000178e+00 2.356802190905948891e-09
5.209999999999999964e+00 2.381860295802562533e-09
5.219999999999999751e+00 2.404943246284152458e-09
5.230000000000000426e+00 2.425962451540683573e-09
5.240000000000000213e+00 2.444842486445941709e-09
5.250000000000000000e+00 2.461520633156855098e-09
5.259999999999999787e+00 2.475946420110730628e-09
5.270000000000000462e+00 2.488081032869793319e-09
5.280000000000000249e+00 2.497896597897231175e-09
5.290000000000000036e+00 2.505375351624650193e-09
5.299999999999999822e+00 2.510508897990426647e-09
5.310000000000000497e+00 2.513297542305892307e-09
5.320000000000000284e+00 2.513748972865492703e-09
5.330000000000000071e+00 2.511877997268818774e-09
5.339999999999999858e+00 2.507705154641826084e-09
5.350000000000000533e+00 2.501256091136383475e-09
5.360000000000000320e+00 2.492560796651943633e-09
5.370000000000000107e+00 2.481652633390396545e-09
5.379999999999999893e+00 2.468567766866769375e-09
5.389999999999999680e+00 2.453344333241957997e-09
5.400000000000000355e+00 2.436021717677760989e-09
5.410000000000000142e+00 2.416640193514396628e-09
5.419999999999999929e+00 2.395240061847658808e-09
5.429999999999999716e+00 2.371861401728736496e-09
5.440000000000000391e+00 2.346543487297125807e-09
5.450000000000000178e+00 2.319324704513903157e-09
5.459999999999999964e+00 2.290241690738881175e-09
5.469999999999999751e+00 2.259329501264062401e-09
5.480000000000000426e+00 2.226621720335941745e-09
5.490000000000000213e+00 2.192149572977086791e-09
5.500000000000000000e+00 2.155942757653406261e-09
5.509999999999999787e+00 2.118028474829003471e-09
5.520000000000000462e+00 2.078432315144596032e-09
5.530000000000000249e+00 2.037178259417515847e-09
5.540000000000000036e+00 1.994288678641709112e-09
5.549999999999999822e+00 1.949784445010038780e-09
5.560000000000000497e+00 1.903685598048099337e-09
5.570000000000000284e+00 1.856011844214577877e-09
5.580000000000000071e+00 1.806782445878951648e-09
5.589999999999999858e+00 1.756016998477605284e-09
5.600000000000000533e+00 1.703736096647645581e-09
5.610000000000000320e+00 1.649961778316111349e-09
5.620000000000000107e+00 1.594718246344939416e-09
5.629999999999999893e+00 1.538032590175930636e-09
5.639999999999999680e+00 1.479935063386506044e-09
5.650000000000000355e+00 1.420460638001941334e-09
5.660000000000000142e+00 1.359649226539971778e-09
5.669999999999999929e+00 1.297546459166909472e-09
5.679999999999999716e+00 1.234204682898365490e-09
5.690000000000000391e+00 1.169684460400333137e-09
5.700000000000000178e+00 1.104054181411129321e-09
5.709999999999999964e+00 1.037391506031326571e-09
5.719999999999999751e+00 9.697845859690801262e-10
5.730000000000000426e+00 9.013325086293377808e-10
5.740000000000000213e+00 8.321457967142009693e-10
5.750000000000000000e+00 7.623475184459493903e-10
5.759999999999999787e+00 6.920738981897045505e-10
5.770000000000000462e+00 6.214749825872445399e-10
5.780000000000000249e+00 5.507146960681552628e-10
5.790000000000000036e+00 4.799713404501915193e-10
5.799999999999999822e+00 4.094386496511503992e-10
5.810000000000000497e+00 3.393244019100905007e-10
5.820000000000000284e+00 2.698514744992053238e-10
5.830000000000000071e+00 2.012573441234621896e-10
5.839999999999999858e+00 1.337935873202411585e-10
5.850000000000000533e+00 6.772465921400794286e-11
5.860000000000000320e+00 3.328282094372525535e-12
5.870000000000000107e+00 -5.910694156341378402e-11
5.879999999999999893e+00 -1.192822507434243562e-10
5.889999999999999680e+00 -1.768907798016527977e-10
5.900000000000000355e+00 -2.316188352224912705e-10
5.910000000000000142e+00 -2.831487821985945175e-10
5.919999999999999929e+00 -3.311610985434754184e-10
5.929999999999999716e+00 -3.753370392267640909e-10
5.940000000000000391e+00 -4.153615784652231468e-10
5.950000000000000178e+00 -4.509267959029727990e-10
5.959999999999999964e+00 -4.817345411467499616e-10
5.969999999999999751e+00 -5.075012077249141385e-10
5.980000000000000426e+00 -5.279593429108331293e-10
5.990000000000000213e+00 -5.428634208826110807e-10
6.000000000000000000e+00 -5.519919521468352741e-10
6.009999999999999787e+00 -5.551518689195233947e-10
6.020000000000000462e+00 -5.521819113063486384e-10
6.030000000000000249e+00 -5.429558469494111250e-10
6.040000000000000036e+00 -5.273855796517068484e-10
6.049999999999999822e+00 -5.054243690238990894e-10
6.060000000000000497e+00 -4.770684958188553537e-10
6.070000000000000284e+00 -4.423597876890283942e-10
6.080000000000000071e+00 -4.013871179875394546e-10
6.089999999999999858e+00 -3.542868776129637354e-10
6.100000000000000533e+00 -3.012435578764183219e-10
6.110000000000000320e+00 -2.424893619235035658e-10
6.120000000000000107e+00 -1.783032610447321531e-10
6.129999999999999893e+00 -1.090090240296603952e-10
6.140000000000000568e+00 -3.497327427659513432e-11
6.150000000000000355e+00 4.339778536532890030e-11
6.160000000000000142e+00 1.256620085765547401e-10
6.169999999999999929e+00 2.113453578811430589e-10
6.179999999999999716e+00 2.999464565611731359e-10
6.190000000000000391e+00 3.909418067049585943e-10
6.200000000000000178e+00 4.837909933774753313e-10
6.209999999999999964e+00 5.779426243135432628e-10
6.219999999999999751e+00 6.728394785771030229e-10
6.230000000000000426e+00 7.679248209546685189e-10
6.240000000000000213e+00 8.626476893924817091e-10
6.250000000000000000e+00 9.564684183560601127e-10
6.259999999999999787e+00 1.048863877695094260e-09
6.270000000000000462e+00 1.139332225785771868e-09
6.280000000000000249e+00 1.227397249808914736e-09
6.290000000000000036e+00 1.312612303572269212e-09
6.299999999999999822e+00 1.394563488993361133e-09
6.310000000000000497e+00 1.472872481964038194e-09
6.320000000000000284e+00 1.547198615753364592e-09
6.330000000000000071e+00 1.617240480422665883e-09
6.339999999999999858e+00 1.682736554264874229e-09
6.350000000000000533e+00 1.743465913306430082e-09
6.360000000000000320e+00 1.799247834055606177e-09
6.370000000000000107e+00 1.849941089204776290e-09
6.379999999999999893e+00 1.895442844346284517e-09
6.390000000000000568e+00 1.935687138354680314e-09
6.400000000000000355e+00 1.970642815596335140e-09
6.410000000000000142e+00 2.000311666305876201e-09
6.419999999999999929e+00 2.024725803684290781e-09
6.429999999999999716e+00 2.043945040997030560e-09
6.440000000000000391e+00 2.058054615616811134e-09
6.450000000000000178e+00 2.067161913865689371e-09
6.459999999999999964e+00 2.071394333835741008e-09
6.469999999999999751e+00 2.070896037986713623e-09
6.480000000000000426e+00 2.065825593922099301e-09
6.490000000000000213e+00 2.056353448631753622e-09
6.500000000000000000e+00 2.042659291712212166e-09
6.509999999999999787e+00 2.024930167987548657e-09
6.520000000000000462e+00 2.003357590929510934e-09
6.530000000000000249e+00 1.978136598967950022e-09
6.540000000000000036e+00 1.949462924422107335e-09
6.549999999999999822e+00 1.917531966544316901e-09
6.560000000000000497e+00 1.882537126185468424e-09
6.570000000000000284e+00 1.844668584549680190e-09
6.580000000000000071e+00 1.804111748882064603e-09
6.589999999999999858e+00 1.761046974912972019e-09
6.600000000000000533e+00 1.715648012545756274e-09
6.610000000000000320e+00 1.668081728301018529e-09
6.620000000000000107e+00 1.618507328160490033e-09
6.629999999999999893e+00 1.567076080011275963e-09
6.640000000000000568e+00 1.513930147911679569e-09
6.650000000000000355e+00 1.459203979869982959e-09
6.660000000000000142e+00 1.403022031887246612e-09
6.669999999999999929e+00 1.345500710847602477e-09
6.679999999999999716e+00 1.286746986739473186e-09
6.690000000000000391e+00 1.226858836744781911e-09
6.700000000000000178e+00 1.165925911372767132e-09
6.709999999999999964e+00 1.104028979348470330e-09
6.719999999999999751e+00 1.041240482724248295e-09
6.730000000000000426e+00 9.776250364801342130e-10
6.740000000000000213e+00 9.132398171018962785e-10
6.750000000000000000e+00 8.481346736033401612e-10
6.759999999999999787e+00 7.823527381489725485e-10
6.770000000000000462e+00 7.159311476989671519e-10
6.780000000000000249e+00 6.489013770760720945e-10
6.790000000000000036e+00 5.812897385659709926e-10
6.799999999999999822e+00 5.131188252072149680e-10
6.810000000000000497e+00 4.444069001685591047e-10
6.820000000000000284e+00 3.751696175946506173e-10
6.830000000000000071e+00 3.054204666952387015e-10
6.839999999999999858e+00 2.351716044124430027e-10
6.850000000000000533e+00 1.644345215545683914e-10
6.860000000000000320e+00 9.322081995222220030e-11
6.870000000000000107e+00 2.154354472594377512e-11
6.879999999999999893e+00 -5.058264918034183211e-11
6.890000000000000568e+00 -1.231402757539967752e-10
6.900000000000000355e+00 -1.961077966683433260e-10
6.910000000000000142e+00 -2.694595102603614123e-10
6.919999999999999929e+00 -3.431643302853615296e-10
6.929999999999999716e+00 -4.171849532497162727e-10
6.940000000000000391e+00 -4.914768592101381728e-10
6.950000000000000178e+00 -5.659880342179235413e-10
6.959999999999999964e+00 -6.406579156070790759e-10
6.969999999999999751e+00 -7.154167258605070856e-10
6.980000000000000426e+00 -7.901851395430981029e-10
6.990000000000000213e+00 -8.648735616567648776e-10
7.000000000000000000e+00 -9.393815725289300644e-10
7.009999999999999787e+00 -1.013598038834828685e-09
7.020000000000000462e+00 -1.087400114396785966e-09
7.030000000000000249e+00 -1.160654294896090732e-09
7.040000000000000036e+00 -1.233214974583063395e-09
7.049999999999999822e+00 -1.304925778544685500e-09
7.060000000000000497e+00 -1.375619451682297267e-09
7.070000000000000284e+00 -1.445117858711597592e-09
7.080000000000000071e+00 -1.513233205407971127e-09
7.089999999999999858e+00 -1.579768538206849371e-09
7.100000000000000533e+00 -1.644518576870979132e-09
7.110000000000000320e+00 -1.707270880224598386e-09
7.120000000000000107e+00 -1.767807178421065828e-09
7.129999999999999893e+00 -1.825904372143583032e-09
7.140000000000000568e+00 -1.881336642028941242e-09
7.150000000000000355e+00 -1.933876836446302150e-09
7.160000000000000142e+00 -1.983298664187671534e-09
7.169999999999999929e+00 -2.029377943468801959e-09
7.179999999999999716e+00 -2.071895710553661729e-09
7.190000000000000391e+00 -2.110639524266488820e-09
7.200000000000000178e+00 -2.145406297060503675e-09
7.209999999999999964e+00 -2.176004376686080377e-09
7.219999999999999751e+00 -2.202255988681400822e-09
7.230000000000000426e+00 -2.223999456818503972e-09
7.240000000000000213e+00 -2.241091229260305795e-09
7.250000000000000000e+00 -2.253408820651614519e-09
7.259999999999999787e+00 -2.260852116631184572e-09
7.270000000000000462e+00 -2.263345622033341442e-09
7.280000000000000249e+00 -2.260840306633760122e-09
7.290000000000000036e+00 -2.253314895783731231e-09
7.299999999999999822e+00 -2.240777480233546726e-09
7.310000000000000497e+00 -2.223266112877375633e-09
7.320000000000000284e+00 -2.200849877342925254e-09
7.330000000000000071e+00 -2.173629110036046086e-09
7.339999999999999858e+00 -2.141735372385156211e-09
7.350000000000000533e+00 -2.105331235735530271e-09
7.360000000000000320e+00 -2.064609521540416992e-09
7.370000000000000107e+00 -2.019792333385339589e-09
7.379999999999999893e+00 -1.971129661403059341e-09
7.390000000000000568e+00 -1.918897583365331005e-09
7.400000000000000355e+00 -1.863396232454350709e-09
7.410000000000000142e+00 -1.804947611511176220e-09
7.419999999999999929e+00 -1.743892842631655782e-09
7.429999999999999716e+00 -1.680589459263082119e-09
7.440000000000000391e+00 -1.615408459776368488e-09
7.450000000000000178e+00 -1.548730990674762609e-09
7.459999999999999964e+00 -1.480945491239005207e-09
7.469999999999999751e+00 -1.412444286530423199e-09
7.480000000000000426e+00 -1.343620312233007041e-09
7.490000000000000213e+00 -1.274864047662305211e-09
7.500000000000000000e+00 -1.206560518163257711e-09
7.509999999999999787e+00 -1.139086436285907666e-09
7.520000000000000462e+00 -1.072807120916507984e-09
7.530000000000000249e+00 -1.008074568265016069e-09
7.540000000000000036e+00 -9.452247040631078789e-10
7.549999999999999822e+00 -8.845755516961872900e-10
7.560000000000000497e+00 -8.264257334023028534e-10
7.570000000000000284e+00 -7.710526106485815490e-10
7.580000000000000071e+00 -7.187114514639603158e-10
7.589999999999999858e+00 -6.696345422607663522e-10
7.600000000000000533e+00 -6.240306882343560346e-10
7.610000000000000320e+00 -5.820845749848757578e-10
7.620000000000000107e+00 -5.439572126064717850e-10
7.629999999999999893e+00 -5.097858801761390168e-10
7.640000000000000568e+00 -4.796849584209894601e-10
7.650000000000000355e+00 -4.537457631847985340e-10
7.660000000000000142e+00 -4.320382940292688545e-10
7.669999999999999929e+00 -4.146114007674839286e-10
7.679999999999999716e+00 -4.014943377761426291e-10
7.690000000000000391e+00 -3.926979852408862826e-10
7.700000000000000178e+00 -3.882160148904745256e-10
7.709999999999999964e+00 -3.880257781752050050e-10
7.719999999999999751e+00 -3.920904156906601656e-10
7.730000000000000426e+00 -4.003595788226732566e-10
7.740000000000000213e+00 -4.127709840595628066e-10
7.750000000000000000e+00 -4.292519673043670991e-10
7.759999999999999787e+00 -4.497200389863564851e-10
7.770000000000000462e+00 -4.740851045070826331e-10
7.780000000000000249e+00 -5.022497417961346855e-10
7.790000000000000036e+00 -5.341105890899200404e-10
7.799999999999999822e+00 -5.695596216881426699e-10
7.810000000000000497e+00 -6.084843184872568145e-10
7.820000000000000284e+00 -6.507694938484576141e-10
7.830000000000000071e+00 -6.962972420865298773e-10
7.839999999999999858e+00 -7.449475480925116244e-10
7.850000000000000533e+00 -7.965990644898113260e-10
7.860000000000000320e+00 -8.511301663460812961e-10
7.870000000000000107e+00 -9.084180074836467611e-10
7.879999999999999893e+00 -9.683395196802280225e-10
7.890000000000000568e+00 -1.030771523691242919e-09
7.900000000000000355e+00 -1.095590784760958059e-09
7.910000000000000142e+00 -1.162674123644791280e-09
7.919999999999999929e+00 -1.231898028031253034e-09
7.930000000000000604e+00 -1.303138486008492691e-09
7.940000000000000391e+00 -1.376271263620054697e-09
7.950000000000000178e+00 -1.451171294242215026e-09
7.959999999999999964e+00 -1.527712123472468875e-09
7.969999999999999751e+00 -1.605766186685286812e-09
7.980000000000000426e+00 -1.685203587786787693e-09
7.990000000000000213e+00 -1.765892543303948514e-09
8.000000000000000000e+00 -1.847698216650428549e-09
8.009999999999999787e+00 -1.930482496081964428e-09
8.019999999999999574e+00 -2.014103439584857824e-09
8.029999999999999361e+00 -2.098415052831370531e-09
8.040000000000000924e+00 -2.183266678557060914e-09
8.050000000000000711e+00 -2.268501775315456825e-09
8.060000000000000497e+00 -2.353958861167626537e-09
8.070000000000000284e+00 -2.439470403459154113e-09
8.080000000000000071e+00 -2.524861875130568478e-09
8.089999999999999858e+00 -2.609952365340006963e-09
8.099999999999999645e+00 -2.694554024351702992e-09
8.109999999999999432e+00 -2.778471619446776231e-09
8.120000000000000995e+00 -2.861502812478988744e-09
8.130000000000000782e+00 -2.943437993341291303e-09
8.140000000000000568e+00 -3.024060168943520921e-09
8.150000000000000355e+00 -3.103145684857366859e-09
8.160000000000000142e+00 -3.180463503671404624e-09
8.169999999999999929e+00 -3.255777147881389055e-09
8.179999999999999716e+00 -3.328844144778742020e-09
8.189999999999999503e+00 -3.399416692584367183e-09
8.199999999999999289e+00 -3.467243270272035716e-09
8.210000000000000853e+00 -3.532069137168747375e-09
8.220000000000000639e+00 -3.593637359911028284e-09
8.230000000000000426e+00 -3.651690089201409251e-09
8.240000000000000213e+00 -3.705970696987748170e-09
8.250000000000000000e+00 -3.756224303819166721e-09
8.259999999999999787e+00 -3.802200221336704544e-09
8.269999999999999574e+00 -3.843653395563251252e-09
8.279999999999999361e+00 -3.880346627349595678e-09
8.290000000000000924e+00 -3.912052348731265283e-09
8.300000000000000711e+00 -3.938555065419180323e-09
8.310000000000000497e+00 -3.959653299689946948e-09
8.320000000000000284e+00 -3.975161838587482066e-09
8.330000000000000071e+00 -3.984914176413667519e-09
8.339999999999999858e+00 -3.988764485374218793e-09
8.349999999999999645e+00 -3.986590238480580695e-09
8.359999999999999432e+00 -3.978293749984374017e-09
8.370000000000000995e+00 -3.963804756645927796e-09
8.380000000000000782e+00 -3.943081902657574744e-09
8.390000000000000568e+00 -3.916114557633854076e-09
8.400000000000000355e+00 -3.882924315412594751e-09
8.410000000000000142e+00 -3.843566166727985234e-09
8.419999999999999929e+00 -3.798129526166871273e-09
8.429999999999999716e+00 -3.746738783810821261e-09
8.439999999999999503e+00 -3.689553614884266697e-09
8.449999999999999289e+00 -3.626769009244801278e-09
8.460000000000000853e+00 -3.558614868059972736e-09
8.470000000000000639e+00 -3.485355067056605805e-09
8.480000000000000426e+00 -3.407286362777650623e-09
8.490000000000000213e+00 -3.324737027354807140e-09
8.500000000000000000e+00 -3.238064524846429038e-09
8.509999999999999787e+00 -3.147653623858381877e-09
8.519999999999999574e+00 -3.053913635864269338e-09
8.529999999999999361e+00 -2.957275563320038714e-09
8.540000000000000924e+00 -2.858188866139421691e-09
8.550000000000000711e+00 -2.757118297558314168e-09
8.560000000000000497e+00 -2.654540087743129106e-09
8.570000000000000284e+00 -2.550938571488359230e-09
8.580000000000000071e+00 -2.446802066513598106e-09
8.589999999999999858e+00 -2.342619598305617501e-09
8.599999999999999645e+00 -2.238876861682115305e-09
8.609999999999999432e+00 -2.136052557055734269e-09
8.620000000000000995e+00 -2.034615004253836901e-09
8.630000000000000782e+00 -1.935018700827129123e-09
8.640000000000000568e+00 -1.837701213425191327e-09
8.650000000000000355e+00 -1.743080402238916804e-09
8.660000000000000142e+00 -1.651551534420647727e-09
8.669999999999999929e+00 -1.563485452216184513e-09
8.679999999999999716e+00 -1.479226074962980420e-09
8.689999999999999503e+00 -1.399089122333663227e-09
8.700000000000001066e+00 -1.323360643290527605e-09
8.710000000000000853e+00 -1.252296322196144729e-09
8.720000000000000639e+00 -1.186120590634942573e-09
8.730000000000000426e+00 -1.125026127812844834e-09
8.740000000000000213e+00 -1.069174637713388165e-09
8.750000000000000000e+00 -1.018696460519663560e-09
8.759999999999999787e+00 -9.736917383484922084e-10
8.769999999999999574e+00 -9.342304152504254944e-10
8.779999999999999361e+00 -9.003542356111893241e-10
8.790000000000000924e+00 -8.720776323301038246e-10
8.800000000000000711e+00 -8.493888370431079693e-10
8.810000000000000497e+00 -8.322522115911112905e-10
8.820000000000000284e+00 -8.206090251761111176e-10
8.830000000000000071e+00 -8.143801188964516768e-10
8.839999999999999858e+00 -8.134670714809999481e-10
8.849999999999999645e+00 -8.177545307574973776e-10
8.859999999999999432e+00 -8.271116014313406595e-10
8.870000000000000995e+00 -8.413947871765969921e-10
8.880000000000000782e+00 -8.604484347252139287e-10
8.890000000000000568e+00 -8.841074539134297083e-10
8.900000000000000355e+00 -9.121991495497638880e-10
8.910000000000000142e+00 -9.445444981714956612e-10
8.919999999999999929e+00 -9.809602574684106457e-10
8.929999999999999716e+00 -1.021260020994674278e-09
8.939999999999999503e+00 -1.065256050036822444e-09
8.950000000000001066e+00 -1.112760217303332411e-09
8.960000000000000853e+00 -1.163585894303764690e-09
8.970000000000000639e+00 -1.217548284415670423e-09
8.980000000000000426e+00 -1.274466254752582017e-09
8.990000000000000213e+00 -1.334162558208618066e-09
9.000000000000000000e+00 -1.396464832659205513e-09
9.009999999999999787e+00 -1.461206322606045660e-09
9.019999999999999574e+00 -1.528226600822080172e-09
9.029999999999999361e+00 -1.597371790396096003e-09
9.040000000000000924e+00 -1.668494842288481550e-09
9.050000000000000711e+00 -1.741455923909285275e-09
9.060000000000000497e+00 -1.816122252584762009e-09
9.070000000000000284e+00 -1.892368539646582803e-09
9.080000000000000071e+00 -1.970076379809171385e-09
9.089999999999999858e+00 -2.049134806281216470e-09
9.099999999999999645e+00 -2.129439291564949599e-09
9.109999999999999432e+00 -2.210891802967296371e-09
9.120000000000000995e+00 -2.293400025443759205e-09
9.130000000000000782e+00 -2.376877417109568569e-09
9.140000000000000568e+00 -2.461242099016658358e-09
9.150000000000000355e+00 -2.546416577597909736e-09
9.160000000000000142e+00 -2.632326689955277743e-09
9.169999999999999929e+00 -2.718901381815186369e-09
9.179999999999999716e+00 -2.806071097705142847e-09
9.189999999999999503e+00 -2.893767891976040119e-09
9.200000000000001066e+00 -2.981923985512224817e-09
9.210000000000000853e+00 -3.070470544486170184e-09
9.220000000000000639e+00 -3.159337624847324832e-09
9.230000000000000426e+00 -3.248452395965273354e-09
9.240000000000000213e+00 -3.337738641029375231e-09
9.250000000000000000e+00 -3.427115480292286520e-09
9.259999999999999787e+00 -3.516496538402691385e-09
9.269999999999999574e+00 -3.605788889693428700e-09
9.279999999999999361e+00 -3.694892392047677276e-09
9.290000000000000924e+00 -3.783697827275389614e-09
9.300000000000000711e+00 -3.872087178669048058e-09
9.310000000000000497e+00 -3.959931910157976631e-09
9.320000000000000284e+00 -4.047092216907799411e-09
9.330000000000000071e+00 -4.133416692253533142e-09
9.339999999999999858e+00 -4.218740967676382070e-09
9.349999999999999645e+00 -4.302887379736830553e-09
9.359999999999999432e+00 -4.385664664763311293e-09
9.370000000000000995e+00 -4.466866959651483171e-09
9.380000000000000782e+00 -4.546273940642109324e-09
9.390000000000000568e+00 -4.623650212698393602e-09
9.400000000000000355e+00 -4.698745836861917269e-09
9.410000000000000142e+00 -4.771295802896702298e-09
9.419999999999999929e+00 -4.841020931345418887e-09
9.429999999999999716e+00 -4.907627956796112301e-09
9.439999999999999503e+00 -4.970810735249742152e-09
9.450000000000001066e+00 -5.030250813109482522e-09
9.460000000000000853e+00 -5.085618842715078358e-09
9.470000000000000639e+00 -5.136576435027517817e-09
9.480000000000000426e+00 -5.182777408629934968e-09
9.490000000000000213e+00 -5.223870672838026863e-09
9.500000000000000000e+00 -5.259501778542841066e-09
9.509999999999999787e+00 -5.289316595824544720e-09
9.519999999999999574e+00 -5.312963618532562382e-09
9.529999999999999361e+00 -5.330097833586289191e-09
9.540000000000000924e+00 -5.340383996133013511e-09
9.550000000000000711e+00 -5.343500870946815695e-09
9.560000000000000497e+00 -5.339145021932001356e-09
9.570000000000000284e+00 -5.327035153268599998e-09
9.580000000000000071e+00 -5.306916781022685825e-09
9.589999999999999858e+00 -5.278566334032674945e-09
9.599999999999999645e+00 -5.241795927868331262e-09
9.609999999999999432e+00 -5.196457403267018549e-09
9.620000000000000995e+00 -5.142446996009297777e-09
9.630000000000000782e+00 -5.079708847999242494e-09
9.640000000000000568e+00 -5.008238879167237201e-09
9.650000000000000355e+00 -4.928087909972234115e-09
9.660000000000000142e+00 -4.839364353692587883e-09
9.669999999999999929e+00 -4.742236214827499907e-09
9.679999999999999716e+00 -4.636932449120223509e-09
9.689999999999999503e+00 -4.523743574180727478e-09
9.700000000000001066e+00 -4.403021336418788678e-09
9.710000000000000853e+00 -4.275177822865572352e-09
9.720000000000000639e+00 -4.140683546038914642e-09
9.730000000000000426e+00 -4.000064474096731715e-09
9.740000000000000213e+00 -3.853898561390067812e-09
9.750000000000000000e+00 -3.702811113281967437e-09
9.759999999999999787e+00 -3.547469651365986465e-09
9.769999999999999574e+00 -3.388578168062039708e-09
9.779999999999999361e+00 -3.226870493033828780e-09
9.790000000000000924e+00 -3.063103382050513801e-09
9.800000000000000711e+00 -2.898049411559355804e-09
9.810000000000000497e+00 -2.732489512435876122e-09
9.820000000000000284e+00 -2.567205226178259636e-09
9.830000000000000071e+00 -2.402971377435392242e-09
9.839999999999999858e+00 -2.240548746534898328e-09
9.849999999999999645e+00 -2.080677075078085636e-09
9.859999999999999432e+00 -1.924068682157553667e-09
9.870000000000000995e+00 -1.771402302619407010e-09
9.880000000000000782e+00 -1.623317036347771136e-09
9.890000000000000568e+00 -1.480409128618020986e-09
9.900000000000000355e+00 -1.343226585515111537e-09
9.910000000000000142e+00 -1.212266176331411316e-09
9.919999999999999929e+00 -1.087971601698711765e-09
9.929999999999999716e+00 -9.707308290529681472e-10
9.939999999999999503e+00 -8.608758705896946140e-10
9.950000000000001066e+00 -7.586818950855445109e-10
9.960000000000000853e+00 -6.643682826101837691e-10
9.970000000000000639e+00 -5.780991796378032177e-10
9.980000000000000426e+00 -4.999852754039579850e-10
9.990000000000000213e+00 -4.300855782624068979e-10
1.000000000000000000e+01 -3.684103577761277393e-10
