0.000000000000000000e+00 -2.887592493117198789e+00
1.000000000000000021e-02 -2.887594831198258660e+00
2.000000000000000042e-02 -2.887594838000843822e+00
2.999999999999999889e-02 -2.887594909484282990e+00
4.000000000000000083e-02 -2.887595269042846358e+00
5.000000000000000278e-02 -2.887596489657864751e+00
5.999999999999999778e-02 -2.887599739979594293e+00
7.000000000000000666e-02 -2.887607080815921101e+00
8.000000000000000167e-02 -2.887621797631884757e+00
8.999999999999999667e-02 -2.887648752042592637e+00
1.000000000000000056e-01 -2.887694732994272151e+00
1.100000000000000006e-01 -2.887768786421919476e+00
1.199999999999999956e-01 -2.887882500691768328e+00
1.300000000000000044e-01 -2.888050221485896074e+00
1.400000000000000133e-01 -2.888289183871370014e+00
1.499999999999999944e-01 -2.888619515673230609e+00
1.600000000000000033e-01 -2.889064108131508490e+00
1.700000000000000122e-01 -2.889648322487774035e+00
1.799999999999999933e-01 -2.890399513372019946e+00
1.900000000000000022e-01 -2.891346350600406900e+00
2.000000000000000111e-01 -2.892517923955576720e+00
2.099999999999999922e-01 -2.893942619086427026e+00
2.200000000000000011e-01 -2.895646756821607326e+00
2.300000000000000100e-01 -2.897652992914478975e+00
2.399999999999999911e-01 -2.899978480486807619e+00
2.500000000000000000e-01 -2.902632803156468100e+00
2.600000000000000089e-01 -2.905615692945079598e+00
2.700000000000000178e-01 -2.908914553467261133e+00
2.800000000000000266e-01 -2.912501815485658785e+00
2.899999999999999800e-01 -2.916332158534210350e+00
2.999999999999999889e-01 -2.920339638805891980e+00
3.099999999999999978e-01 -2.924434769692010772e+00
3.200000000000000067e-01 -2.928501607057888201e+00
3.300000000000000155e-01 -2.932394896347408242e+00
3.400000000000000244e-01 -2.935937342732121369e+00
3.500000000000000333e-01 -2.938917068576590186e+00
3.599999999999999867e-01 -2.941085324320080741e+00
3.699999999999999956e-01 -2.942154519349490460e+00
3.800000000000000044e-01 -2.941796638478212156e+00
3.900000000000000133e-01 -2.939642107224928136e+00
4.000000000000000222e-01 -2.935279165243354971e+00
4.100000000000000311e-01 -2.928253802096936642e+00
4.199999999999999845e-01 -2.918070303281480093e+00
4.299999999999999933e-01 -2.904192447224397622e+00
4.400000000000000022e-01 -2.886045386244937117e+00
4.500000000000000111e-01 -2.863018236510977754e+00
4.600000000000000200e-01 -2.834467394274133856e+00
4.700000000000000289e-01 -2.799720588518056275e+00
4.799999999999999822e-01 -2.758081674013704188e+00
4.899999999999999911e-01 -2.708836163995087531e+00
5.000000000000000000e-01 -2.651257498529508982e+00
5.100000000000000089e-01 -2.584614043328431254e+00
5.200000000000000178e-01 -2.508176814256303455e+00
5.300000000000000266e-01 -2.421227924995409619e+00
5.400000000000000355e-01 -2.323069758855803357e+00
5.500000000000000444e-01 -2.213034869980731401e+00
5.600000000000000533e-01 -2.090496623320218017e+00
5.700000000000000622e-01 -1.954880585564622741e+00
5.799999999999999600e-01 -1.805676679265319162e+00
5.899999999999999689e-01 -1.642452107809516892e+00
5.999999999999999778e-01 -1.464865047612842419e+00
6.099999999999999867e-01 -1.272679083373013720e+00
6.199999999999999956e-01 -1.065778329726346119e+00
6.300000000000000044e-01 -8.441831351789215176e-01
6.400000000000000133e-01 -6.080661986554830589e-01
6.500000000000000222e-01 -3.577688424123884881e-01
6.600000000000000311e-01 -9.381707474043909922e-02
6.700000000000000400e-01 1.830630600811940512e-01
6.800000000000000488e-01 4.719315094020544721e-01
6.900000000000000577e-01 7.716224695784407173e-01
7.000000000000000666e-01 1.080735933788975256e+00
7.099999999999999645e-01 1.397633812877935311e+00
7.199999999999999734e-01 1.720442134588954453e+00
7.299999999999999822e-01 2.047061031453229596e+00
7.399999999999999911e-01 2.375184388383480449e+00
7.500000000000000000e-01 2.702331102589486278e+00
7.600000000000000089e-01 3.025889858506239705e+00
7.700000000000000178e-01 3.343179130936611454e+00
7.800000000000000266e-01 3.651523606320883353e+00
7.900000000000000355e-01 3.948347479588099063e+00
8.000000000000000444e-01 4.231283892052944751e+00
8.100000000000000533e-01 4.498298162164574343e+00
8.200000000000000622e-01 4.747820367492357363e+00
8.300000000000000711e-01 4.978880298732626386e+00
8.399999999999999689e-01 5.191234953865808244e+00
8.499999999999999778e-01 5.385475841347333592e+00
8.599999999999999867e-01 5.563100859229679784e+00
8.699999999999999956e-01 5.726534043659492035e+00
8.800000000000000044e-01 5.879076816814343687e+00
8.900000000000000133e-01 6.024777329953415972e+00
9.000000000000000222e-01 6.168210743460202039e+00
9.100000000000000311e-01 6.314173012605384550e+00
9.200000000000000400e-01 6.467303398461937469e+00
9.300000000000000488e-01 6.631664970002012716e+00
9.400000000000000577e-01 6.810325330142782185e+00
9.500000000000000666e-01 7.004988680459102390e+00
9.599999999999999645e-01 7.215732059610179938e+00
9.699999999999999734e-01 7.440892329056140397e+00
9.799999999999999822e-01 7.677134947224069528e+00
9.899999999999999911e-01 7.919715127477525485e+00
1.000000000000000000e+00 8.162918813283591035e+00
1.010000000000000009e+00 8.400649091344240205e+00
1.020000000000000018e+00 8.627104457455173403e+00
1.030000000000000027e+00 8.837478046088888206e+00
1.040000000000000036e+00 9.028590426508609212e+00
1.050000000000000044e+00 9.199354753856452405e+00
1.060000000000000053e+00 9.350969577282167933e+00
1.070000000000000062e+00 9.486753828637786157e+00
1.080000000000000071e+00 9.611591168143784003e+00
1.090000000000000080e+00 9.731036216307542119e+00
1.100000000000000089e+00 9.850233935727588985e+00
1.110000000000000098e+00 9.972880170796281973e+00
1.120000000000000107e+00 1.010046928041330361e+01
1.130000000000000115e+00 1.023201606231491567e+01
1.140000000000000124e+00 1.036431829820942596e+01
1.150000000000000133e+00 1.049268559118453403e+01
1.159999999999999920e+00 1.061194809000268968e+01
1.169999999999999929e+00 1.071750489433430786e+01
1.179999999999999938e+00 1.080617770914798115e+01
1.189999999999999947e+00 1.087668484924162016e+01
1.199999999999999956e+00 1.092963043719391436e+01
1.209999999999999964e+00 1.096701211803681275e+01
1.219999999999999973e+00 1.099137359320828189e+01
1.229999999999999982e+00 1.100485015569289615e+01
1.239999999999999991e+00 1.100840708064271389e+01
1.250000000000000000e+00 1.100152291315816200e+01
1.260000000000000009e+00 1.098241841977386279e+01
1.270000000000000018e+00 1.094873910156771402e+01
1.280000000000000027e+00 1.089844913268522575e+01
1.290000000000000036e+00 1.083064453220446843e+01
1.300000000000000044e+00 1.074604265921690960e+01
1.310000000000000053e+00 1.064700980894064664e+01
1.320000000000000062e+00 1.053710323564989082e+01
1.330000000000000071e+00 1.042020707393735535e+01
1.340000000000000080e+00 1.029944135687936502e+01
1.350000000000000089e+00 1.017609686960716964e+01
1.360000000000000098e+00 1.004888520384677797e+01
1.370000000000000107e+00 9.913742812796305870e+00
1.380000000000000115e+00 9.764291899054452273e+00
1.390000000000000124e+00 9.592877551950346415e+00
1.400000000000000133e+00 9.391939798440086307e+00
1.409999999999999920e+00 9.155401804365443041e+00
1.419999999999999929e+00 8.879780870330577613e+00
1.429999999999999938e+00 8.564831184207543302e+00
1.439999999999999947e+00 8.213656709164416370e+00
1.449999999999999956e+00 7.832344095817743934e+00
1.459999999999999964e+00 7.429236267482840717e+00
1.469999999999999973e+00 7.013996765669775257e+00
1.479999999999999982e+00 6.596614136153890584e+00
1.489999999999999991e+00 6.186476408899640234e+00
1.500000000000000000e+00 5.791615715777257201e+00
1.510000000000000009e+00 5.418186584228501523e+00
1.520000000000000018e+00 5.070202386854625765e+00
1.530000000000000027e+00 4.749517294678686774e+00
1.540000000000000036e+00 4.456012191255454447e+00
1.550000000000000044e+00 4.187924957079178334e+00
1.560000000000000053e+00 3.942260722823259123e+00
1.570000000000000062e+00 3.715223705776496743e+00
1.580000000000000071e+00 3.502625590103551012e+00
1.590000000000000080e+00 3.300241796279414608e+00
1.600000000000000089e+00 3.104102774109685825e+00
1.610000000000000098e+00 2.910720270439272284e+00
1.620000000000000107e+00 2.717257308751459988e+00
1.630000000000000115e+00 2.521655326070928016e+00
1.640000000000000124e+00 2.322733066867038509e+00
1.650000000000000133e+00 2.120270105054275600e+00
1.660000000000000142e+00 1.915083938595544044e+00
1.669999999999999929e+00 1.709103574787025348e+00
1.679999999999999938e+00 1.505435021649153216e+00
1.689999999999999947e+00 1.308404722522646946e+00
1.699999999999999956e+00 1.123556459972955057e+00
1.709999999999999964e+00 9.575664249805808659e-01
1.719999999999999973e+00 8.180321469772393606e-01
1.729999999999999982e+00 7.130873880032055911e-01
1.739999999999999991e+00 6.508019889063186847e-01
1.750000000000000000e+00 6.383487458746871512e-01
1.760000000000000009e+00 6.809629966330364992e-01
1.770000000000000018e+00 7.807845107147552977e-01
1.780000000000000027e+00 9.357464944984406063e-01
1.790000000000000036e+00 1.138746078510631587e+00
1.800000000000000044e+00 1.377369294565971902e+00
1.810000000000000053e+00 1.634430797858630768e+00
1.820000000000000062e+00 1.889513367106717245e+00
1.830000000000000071e+00 2.121553300579513746e+00
1.840000000000000080e+00 2.312307084881895847e+00
1.850000000000000089e+00 2.450226073258493287e+00
1.860000000000000098e+00 2.533852321527034768e+00
1.870000000000000107e+00 2.573449501442917065e+00
1.880000000000000115e+00 2.589534598421121991e+00
1.890000000000000124e+00 2.607714833271067345e+00
1.900000000000000133e+00 2.650839751993540272e+00
1.910000000000000142e+00 2.731226364242228755e+00
1.919999999999999929e+00 2.846303438316810652e+00
1.929999999999999938e+00 2.979734009574078968e+00
1.939999999999999947e+00 3.107749983663373516e+00
1.949999999999999956e+00 3.208646579360521667e+00
1.959999999999999964e+00 3.272460959631244837e+00
1.969999999999999973e+00 3.306860294057714977e+00
1.979999999999999982e+00 3.334867524066545297e+00
1.989999999999999991e+00 3.383225925930836375e+00
2.000000000000000000e+00 3.467086350306691322e+00
2.010000000000000231e+00 3.580999517643939978e+00
2.020000000000000018e+00 3.702235368596386245e+00
2.030000000000000249e+00 3.803972088193405821e+00
2.040000000000000036e+00 3.870652983481924103e+00
2.049999999999999822e+00 3.906890094296942895e+00
2.060000000000000053e+00 3.933363923397701356e+00
2.069999999999999840e+00 3.971232113786984819e+00
2.080000000000000071e+00 4.027179361822343040e+00
2.089999999999999858e+00 4.091083252549889693e+00
2.100000000000000089e+00 4.146079075229158306e+00
2.109999999999999876e+00 4.181864673759114304e+00
2.120000000000000107e+00 4.202183113972444595e+00
2.129999999999999893e+00 4.220938920485481916e+00
2.140000000000000124e+00 4.249535635144011003e+00
2.149999999999999911e+00 4.287390592107476195e+00
2.160000000000000142e+00 4.324320875394235486e+00
2.169999999999999929e+00 4.350499111124217499e+00
2.180000000000000160e+00 4.364013777200582034e+00
2.189999999999999947e+00 4.370234118250888145e+00
2.200000000000000178e+00 4.374777200623936046e+00
2.209999999999999964e+00 4.378174349902961282e+00
2.220000000000000195e+00 4.377681024672187782e+00
2.229999999999999982e+00 4.372441711832164124e+00
2.240000000000000213e+00 4.365178910195455231e+00
2.250000000000000000e+00 4.358311201830025183e+00
2.260000000000000231e+00 4.348789192762077427e+00
2.270000000000000018e+00 4.328883024796944312e+00
2.280000000000000249e+00 4.293923244101393699e+00
2.290000000000000036e+00 4.248811083371275110e+00
2.300000000000000266e+00 4.205923200134639828e+00
2.310000000000000053e+00 4.175208827760824803e+00
2.319999999999999840e+00 4.154342834068134316e+00
2.330000000000000071e+00 4.128987965325165987e+00
2.339999999999999858e+00 4.084854559947209474e+00
2.350000000000000089e+00 4.020347313524629485e+00
2.359999999999999876e+00 3.948428097819689953e+00
2.370000000000000107e+00 3.887200114329702139e+00
2.379999999999999893e+00 3.845932027531176800e+00
2.390000000000000124e+00 3.815729908281851213e+00
2.399999999999999911e+00 3.773290456716082986e+00
2.410000000000000142e+00 3.696779558900598950e+00
2.419999999999999929e+00 3.581453789901373419e+00
2.430000000000000160e+00 3.443448651751433776e+00
2.439999999999999947e+00 3.310863368921494132e+00
2.450000000000000178e+00 3.208793668800532739e+00
2.459999999999999964e+00 3.146195904368159102e+00
2.470000000000000195e+00 3.111245774506835815e+00
2.479999999999999982e+00 3.077899703656032493e+00
2.490000000000000213e+00 3.019573262832523142e+00
2.500000000000000000e+00 2.921561433558839127e+00
2.510000000000000231e+00 2.786084987313317107e+00
2.520000000000000018e+00 2.629565375536608407e+00
2.530000000000000249e+00 2.475424123196304116e+00
2.540000000000000036e+00 2.345921235010572481e+00
2.550000000000000266e+00 2.255384845791174264e+00
2.560000000000000053e+00 2.206298333838486503e+00
2.569999999999999840e+00 2.188985270573971853e+00
2.580000000000000071e+00 2.184606217746924095e+00
2.589999999999999858e+00 2.170131913776958577e+00
2.600000000000000089e+00 2.123504240321323344e+00
2.609999999999999876e+00 2.027541850145121671e+00
2.620000000000000107e+00 1.871946791570217483e+00
2.629999999999999893e+00 1.653527085228760907e+00
2.640000000000000124e+00 1.375178025024310635e+00
2.649999999999999911e+00 1.044249279039051626e+00
2.660000000000000142e+00 6.708000009404726516e-01
2.669999999999999929e+00 2.660535887471532357e-01
2.680000000000000160e+00 -1.588065510886298437e-01
2.689999999999999947e+00 -5.934758815280212207e-01
2.700000000000000178e+00 -1.029046185737396257e+00
2.709999999999999964e+00 -1.458275243635196450e+00
2.720000000000000195e+00 -1.875688106459437954e+00
2.729999999999999982e+00 -2.277580785861555324e+00
2.740000000000000213e+00 -2.661981337668640979e+00
2.750000000000000000e+00 -3.028604552163278729e+00
2.760000000000000231e+00 -3.378817176392676647e+00
2.770000000000000018e+00 -3.715611901258595751e+00
2.780000000000000249e+00 -4.043570717798485425e+00
2.790000000000000036e+00 -4.368782193588322649e+00
2.800000000000000266e+00 -4.698663930347019679e+00
2.810000000000000053e+00 -5.041633332826378044e+00
2.819999999999999840e+00 -5.406570799239018399e+00
2.830000000000000071e+00 -5.802035171382184053e+00
2.839999999999999858e+00 -6.235227881914799042e+00
2.850000000000000089e+00 -6.710767078525072371e+00
2.859999999999999876e+00 -7.229423987584649325e+00
2.870000000000000107e+00 -7.787082043886434768e+00
2.879999999999999893e+00 -8.374269384639198677e+00
2.890000000000000124e+00 -8.976630844506360063e+00
2.899999999999999911e+00 -9.576580387902932756e+00
2.910000000000000142e+00 -1.015607604098959094e+01
2.919999999999999929e+00 -1.070004079648686890e+01
2.930000000000000160e+00 -1.119957794563600473e+01
2.939999999999999947e+00 -1.165399915642196405e+01
2.950000000000000178e+00 -1.207091386628968621e+01
2.959999999999999964e+00 -1.246412206232914954e+01
2.970000000000000195e+00 -1.284961160956326687e+01
2.979999999999999982e+00 -1.324048283272750481e+01
2.990000000000000213e+00 -1.364216868924424553e+01
3.000000000000000000e+00 -1.404979732781206536e+01
3.010000000000000231e+00 -1.444939621587943890e+01
3.020000000000000018e+00 -1.482323581281992020e+01
3.030000000000000249e+00 -1.515730692161678306e+01
3.040000000000000036e+00 -1.544732205747495613e+01
3.050000000000000266e+00 -1.570023892451558467e+01
3.060000000000000053e+00 -1.593069712973082375e+01
3.070000000000000284e+00 -1.615417576662107280e+01
3.080000000000000071e+00 -1.637997231900312300e+01
3.089999999999999858e+00 -1.660731797166882373e+01
3.100000000000000089e+00 -1.682682199015480862e+01
3.109999999999999876e+00 -1.702652327036071966e+01
3.120000000000000107e+00 -1.719865834829554530e+01
3.129999999999999893e+00 -1.734288184078373263e+01
3.140000000000000124e+00 -1.746463616341455349e+01
3.149999999999999911e+00 -1.757063512313723308e+01
3.160000000000000142e+00 -1.766454112501117635e+01
3.169999999999999929e+00 -1.774528268842933088e+01
3.180000000000000160e+00 -1.780885556650234491e+01
3.189999999999999947e+00 -1.785204579515137624e+01
3.200000000000000178e+00 -1.787492138542247488e+01
3.209999999999999964e+00 -1.788014836509159267e+01
3.220000000000000195e+00 -1.787012370864467670e+01
3.229999999999999982e+00 -1.784459328432634351e+01
3.240000000000000213e+00 -1.780078075454463615e+01
3.250000000000000000e+00 -1.773603310785523135e+01
3.260000000000000231e+00 -1.765082380600732037e+01
3.270000000000000018e+00 -1.754932911177298394e+01
3.280000000000000249e+00 -1.743678475688115981e+01
3.290000000000000036e+00 -1.731565905195106936e+01
3.300000000000000266e+00 -1.718350488593591763e+01
3.310000000000000053e+00 -1.703401893796764810e+01
3.320000000000000284e+00 -1.686099402413779558e+01
3.330000000000000071e+00 -1.666311065812960379e+01
3.339999999999999858e+00 -1.644635132068309957e+01
3.350000000000000089e+00 -1.622180887865921761e+01
3.359999999999999876e+00 -1.599989352948753663e+01
3.370000000000000107e+00 -1.578457561271867249e+01
3.379999999999999893e+00 -1.557098430085527596e+01
3.390000000000000124e+00 -1.534737907076843477e+01
3.399999999999999911e+00 -1.510039745700808211e+01
3.410000000000000142e+00 -1.482122654430168041e+01
3.419999999999999929e+00 -1.450982878552593291e+01
3.430000000000000160e+00 -1.417507605268569293e+01
3.439999999999999947e+00 -1.383078647511784354e+01
3.450000000000000178e+00 -1.348990768233054993e+01
3.459999999999999964e+00 -1.315972410455436936e+01
3.470000000000000195e+00 -1.283984276135664260e+01
3.479999999999999982e+00 -1.252308543270869556e+01
3.490000000000000213e+00 -1.219843462213821894e+01
3.500000000000000000e+00 -1.185491217206051040e+01
3.510000000000000231e+00 -1.148526220799888087e+01
3.520000000000000018e+00 -1.108839737798961878e+01
3.530000000000000249e+00 -1.066991364641843631e+01
3.540000000000000036e+00 -1.024063154241358120e+01
3.550000000000000266e+00 -9.813807870618390439e+00
3.560000000000000053e+00 -9.402023194939326700e+00
3.570000000000000284e+00 -9.014654272972066451e+00
3.580000000000000071e+00 -8.656435921654473731e+00
3.589999999999999858e+00 -8.327177296310967591e+00
3.600000000000000089e+00 -8.022388391785993278e+00
3.609999999999999876e+00 -7.734463316443839886e+00
3.620000000000000107e+00 -7.454081098993128762e+00
3.629999999999999893e+00 -7.171561558664079072e+00
3.640000000000000124e+00 -6.878001125622906997e+00
3.649999999999999911e+00 -6.566092624564098479e+00
3.660000000000000142e+00 -6.230599720081286819e+00
3.669999999999999929e+00 -5.868509622449797902e+00
3.680000000000000160e+00 -5.478924535932841344e+00
3.689999999999999947e+00 -5.062770699809998831e+00
3.700000000000000178e+00 -4.622407511905585409e+00
3.709999999999999964e+00 -4.161206301042465583e+00
3.720000000000000195e+00 -3.683152066740222441e+00
3.729999999999999982e+00 -3.192500987891457420e+00
3.740000000000000213e+00 -2.693508999425735073e+00
3.750000000000000000e+00 -2.190233341405781964e+00
3.760000000000000231e+00 -1.686400311326230916e+00
3.770000000000000018e+00 -1.185327937818091204e+00
3.780000000000000249e+00 -6.898909074697278099e-01
3.790000000000000036e+00 -2.025157195644821106e-01
3.800000000000000266e+00 2.748042110798873949e-01
3.810000000000000053e+00 7.404816097608988290e-01
3.820000000000000284e+00 1.193302490705056229e+00
3.830000000000000071e+00 1.632391396733280153e+00
3.839999999999999858e+00 2.057177123343435721e+00
3.850000000000000089e+00 2.467360064788285179e+00
3.859999999999999876e+00 2.862881384596064116e+00
3.870000000000000107e+00 3.243893555962777953e+00
3.879999999999999893e+00 3.610731396693183548e+00
3.890000000000000124e+00 3.963882506345862922e+00
3.899999999999999911e+00 4.303955979501194129e+00
3.910000000000000142e+00 4.631648408923558335e+00
3.919999999999999929e+00 4.947706502324949795e+00
3.930000000000000160e+00 5.252886112007560726e+00
3.939999999999999947e+00 5.547908103428124349e+00
3.950000000000000178e+00 5.833412232662750441e+00
3.959999999999999964e+00 6.109911002109669198e+00
3.970000000000000195e+00 6.377746225348070119e+00
3.979999999999999982e+00 6.637051634923759380e+00
3.990000000000000213e+00 6.887725175825777590e+00
4.000000000000000000e+00 7.129414516878685326e+00
4.009999999999999787e+00 7.361518696812852980e+00
4.020000000000000462e+00 7.583207687628060079e+00
4.030000000000000249e+00 7.793460426778384686e+00
4.040000000000000036e+00 7.991118058626046405e+00
4.049999999999999822e+00 8.174952071953164534e+00
4.060000000000000497e+00 8.343739317869765415e+00
4.070000000000000284e+00 8.496339349448598810e+00
4.080000000000000071e+00 8.631767519930983568e+00
4.089999999999999858e+00 8.749258023596279799e+00
4.099999999999999645e+00 8.848312179759219021e+00
4.110000000000000320e+00 8.928728801415442007e+00
4.120000000000000107e+00 8.990615181721928195e+00
4.129999999999999893e+00 9.034378820284537426e+00
4.139999999999999680e+00 9.060701325990972776e+00
4.150000000000000355e+00 9.070496914476846584e+00
4.160000000000000142e+00 9.064858607019457892e+00
4.169999999999999929e+00 9.044995728806380697e+00
4.179999999999999716e+00 9.012166686972385321e+00
4.190000000000000391e+00 8.967611314423111324e+00
4.200000000000000178e+00 8.912487248200323009e+00
4.209999999999999964e+00 8.847814763186102383e+00
4.219999999999999751e+00 8.774434079857098112e+00
4.230000000000000426e+00 8.692978326838058933e+00
4.240000000000000213e+00 8.603864071474738751e+00
4.250000000000000000e+00 8.507299747040089954e+00
4.259999999999999787e+00 8.403310605867476468e+00
4.270000000000000462e+00 8.291777261163117529e+00
4.280000000000000249e+00 8.172483681035956238e+00
4.290000000000000036e+00 8.045169834639018802e+00
4.299999999999999822e+00 7.909584130297648841e+00
4.310000000000000497e+00 7.765531289787409364e+00
4.320000000000000284e+00 7.612912243027865067e+00
4.330000000000000071e+00 7.451753821132793831e+00
4.339999999999999858e+00 7.282227278444858953e+00
4.350000000000000533e+00 7.104655815722296097e+00
4.360000000000000320e+00 6.919512269966018536e+00
4.370000000000000107e+00 6.727408244800347603e+00
4.379999999999999893e+00 6.529077542546661839e+00
4.389999999999999680e+00 6.325355111752202220e+00
4.400000000000000355e+00 6.117153847927625065e+00
4.410000000000000142e+00 5.905440794603514121e+00
4.419999999999999929e+00 5.691214037204861853e+00
4.429999999999999716e+00 5.475481229735520650e+00
4.440000000000000391e+00 5.259240371880329334e+00
4.450000000000000178e+00 5.043463181934991546e+00
4.459999999999999964e+00 4.829081196856343183e+00
4.469999999999999751e+00 4.616974573038491236e+00
4.480000000000000426e+00 4.407963452881901389e+00
4.490000000000000213e+00 4.202801693177469211e+00
4.500000000000000000e+00 4.002172712041176084e+00
4.509999999999999787e+00 3.806687193136917280e+00
4.520000000000000462e+00 3.616882382552145891e+00
4.530000000000000249e+00 3.433222720114360804e+00
4.540000000000000036e+00 3.256101559855173910e+00
4.549999999999999822e+00 3.085843753419532653e+00
4.560000000000000497e+00 2.922708881338152764e+00
4.570000000000000284e+00 2.766894955165040138e+00
4.580000000000000071e+00 2.618542426819508329e+00
4.589999999999999858e+00 2.477738360769578208e+00
4.600000000000000533e+00 2.344520656503284783e+00
4.610000000000000320e+00 2.218882228066529461e+00
4.620000000000000107e+00 2.100775068904741083e+00
4.629999999999999893e+00 1.990114149754303119e+00
4.639999999999999680e+00 1.886781114732486220e+00
4.650000000000000355e+00 1.790627755852702396e+00
4.660000000000000142e+00 1.701479258842061748e+00
4.669999999999999929e+00 1.619137223362711264e+00
4.679999999999999716e+00 1.543382468630726922e+00
4.690000000000000391e+00 1.473977641146258843e+00
4.700000000000000178e+00 1.410669645009718032e+00
4.709999999999999964e+00 1.353191917341598716e+00
4.719999999999999751e+00 1.301266571907096825e+00
4.730000000000000426e+00 1.254606433427704726e+00
4.740000000000000213e+00 1.212916983492049239e+00
4.750000000000000000e+00 1.175898236690338328e+00
4.759999999999999787e+00 1.143246562805040334e+00
4.770000000000000462e+00 1.114656467784445937e+00
4.780000000000000249e+00 1.089822342971524360e+00
4.790000000000000036e+00 1.068440188798447821e+00
4.799999999999999822e+00 1.050209316004471649e+00
4.810000000000000497e+00 1.034834024484827086e+00
4.820000000000000284e+00 1.022025257203801551e+00
4.830000000000000071e+00 1.011502224258434168e+00
4.839999999999999858e+00 1.002993990195247820e+00
4.850000000000000533e+00 9.962410160797012804e-01
4.860000000000000320e+00 9.909966466015986963e-01
4.870000000000000107e+00 9.870285316624434202e-01
4.879999999999999893e+00 9.841199714161188439e-01
4.889999999999999680e+00 9.820711735978484569e-01
4.900000000000000355e+00 9.807004121484523829e-01
4.910000000000000142e+00 9.798450765876373092e-01
4.919999999999999929e+00 9.793626022761521277e-01
4.929999999999999716e+00 9.791312725959153695e-01
4.940000000000000391e+00 9.790508851347099473e-01
4.950000000000000178e+00 9.790432751543876044e-01
4.959999999999999964e+00 9.790526909178836057e-01
4.969999999999999751e+00 9.790460168228518611e-01
4.980000000000000426e+00 9.790128417132808458e-01
4.990000000000000213e+00 9.789653711928729685e-01
5.000000000000000000e+00 9.789381842252951049e-01
5.009999999999999787e+00 9.789381841445832233e-01
5.020000000000000462e+00 9.789381842056315008e-01
5.030000000000000249e+00 9.789381841331497025e-01
5.040000000000000036e+00 9.789381840497815013e-01
5.049999999999999822e+00 9.789381839591858592e-01
5.060000000000000497e+00 9.789381838612960518e-01
5.070000000000000284e+00 9.789381837566828448e-01
5.080000000000000071e+00 9.789381836459749575e-01
5.089999999999999858e+00 9.789381835298207601e-01
5.100000000000000533e+00 9.789381834088937140e-01
5.110000000000000320e+00 9.789381832838889297e-01
5.120000000000000107e+00 9.789381831555217239e-01
5.129999999999999893e+00 9.789381830245205141e-01
5.139999999999999680e+00 9.789381828916303707e-01
5.150000000000000355e+00 9.789381827576061346e-01
5.160000000000000142e+00 9.789381826232088635e-01
5.169999999999999929e+00 9.789381824892021688e-01
5.179999999999999716e+00 9.789381823563532148e-01
5.190000000000000391e+00 9.789381822254230592e-01
5.200000000000000178e+00 9.789381820971700954e-01
5.209999999999999964e+00 9.789381819723375067e-01
5.219999999999999751e+00 9.789381818516569300e-01
5.230000000000000426e+00 9.789381817358440152e-01
5.240000000000000213e+00 9.789381816255897650e-01
5.250000000000000000e+00 9.789381815215654203e-01
5.259999999999999787e+00 9.789381814244133562e-01
5.270000000000000462e+00 9.789381813347455275e-01
5.280000000000000249e+00 9.789381812531436911e-01
5.290000000000000036e+00 9.789381811801527444e-01
5.299999999999999822e+00 9.789381811162818359e-01
5.310000000000000497e+00 9.789381810620036983e-01
5.320000000000000284e+00 9.789381810177470999e-01
5.330000000000000071e+00 9.789381809839060589e-01
5.339999999999999858e+00 9.789381809608304064e-01
5.350000000000000533e+00 9.789381809488297836e-01
5.360000000000000320e+00 9.789381809481727537e-01
5.370000000000000107e+00 9.789381809590873562e-01
5.379999999999999893e+00 9.789381809817621072e-01
5.389999999999999680e+00 9.789381810163454434e-01
5.400000000000000355e+00 9.789381810629501635e-01
5.410000000000000142e+00 9.789381811216493201e-01
5.419999999999999929e+00 9.789381811924844357e-01
5.429999999999999716e+00 9.789381812754615053e-01
5.440000000000000391e+00 9.789381813705557711e-01
5.450000000000000178e+00 9.789381814777131652e-01
5.459999999999999964e+00 9.789381815968515310e-01
5.469999999999999751e+00 9.789381817278612896e-01
5.480000000000000426e+00 9.789381818706104355e-01
5.490000000000000213e+00 9.789381820249419830e-01
5.500000000000000000e+00 9.789381821906789627e-01
5.509999999999999787e+00 9.789381823676246430e-01
5.520000000000000462e+00 9.789381825555631966e-01
5.530000000000000249e+00 9.789381827542628089e-01
5.540000000000000036e+00 9.789381829634744570e-01
5.549999999999999822e+00 9.789381831829350178e-01
5.560000000000000497e+00 9.789381834123660475e-01
5.570000000000000284e+00 9.789381836514738922e-01
5.580000000000000071e+00 9.789381838999537955e-01
5.589999999999999858e+00 9.789381841574840148e-01
5.600000000000000533e+00 9.789381844237333707e-01
5.610000000000000320e+00 9.789381846983535862e-01
5.620000000000000107e+00 9.789381849809842828e-01
5.629999999999999893e+00 9.789381852712485399e-01
5.639999999999999680e+00 9.789381855687567802e-01
5.650000000000000355e+00 9.789381858731013297e-01
5.660000000000000142e+00 9.789381861838558629e-01
5.669999999999999929e+00 9.789381865005810646e-01
5.679999999999999716e+00 9.789381868228130834e-01
5.690000000000000391e+00 9.789381871500701937e-01
5.700000000000000178e+00 9.789381874818502416e-01
5.709999999999999964e+00 9.789381878176244278e-01
5.719999999999999751e+00 9.789381881568419708e-01
5.730000000000000426e+00 9.789381884989259985e-01
5.740000000000000213e+00 9.789381888432716616e-01
5.750000000000000000e+00 9.789381891892471321e-01
5.759999999999999787e+00 9.789381895361894959e-01
5.770000000000000462e+00 9.789381898834073059e-01
5.780000000000000249e+00 9.789381902301766969e-01
5.790000000000000036e+00 9.789381905757419400e-01
5.799999999999999822e+00 9.789381909193163311e-01
5.810000000000000497e+00 9.789381912600800817e-01
5.820000000000000284e+00 9.789381915971806514e-01
5.830000000000000071e+00 9.789381919297344137e-01
5.839999999999999858e+00 9.789381922568282102e-01
5.850000000000000533e+00 9.789381925775186843e-01
5.860000000000000320e+00 9.789381928908370556e-01
5.870000000000000107e+00 9.789381931957882310e-01
5.879999999999999893e+00 9.789381934913560235e-01
5.889999999999999680e+00 9.789381937765060382e-01
5.900000000000000355e+00 9.789381940501900026e-01
5.910000000000000142e+00 9.789381943113486528e-01
5.919999999999999929e+00 9.789381945589187284e-01
5.929999999999999716e+00 9.789381947918393001e-01
5.940000000000000391e+00 9.789381950090533246e-01
5.950000000000000178e+00 9.789381952095216333e-01
5.959999999999999964e+00 9.789381953922218216e-01
5.969999999999999751e+00 9.789381955561604620e-01
5.980000000000000426e+00 9.789381957003795431e-01
5.990000000000000213e+00 9.789381958239614656e-01
6.000000000000000000e+00 9.789381959260383681e-01
6.009999999999999787e+00 9.789381960058014531e-01
6.020000000000000462e+00 9.789381960625037626e-01
6.030000000000000249e+00 9.789381960954708362e-01
6.040000000000000036e+00 9.789381961041031532e-01
6.049999999999999822e+00 9.789381960878846822e-01
6.060000000000000497e+00 9.789381960463876542e-01
6.070000000000000284e+00 9.789381959792740062e-01
6.080000000000000071e+00 9.789381958863030420e-01
6.089999999999999858e+00 9.789381957673310986e-01
6.100000000000000533e+00 9.789381956223139891e-01
6.110000000000000320e+00 9.789381954513094453e-01
6.120000000000000107e+00 9.789381952544760068e-01
6.129999999999999893e+00 9.789381950320731329e-01
6.140000000000000568e+00 9.789381947844593146e-01
6.150000000000000355e+00 9.789381945120894102e-01
6.160000000000000142e+00 9.789381942155153116e-01
6.169999999999999929e+00 9.789381938953825024e-01
6.179999999999999716e+00 9.789381935524243961e-01
6.190000000000000391e+00 9.789381931874601150e-01
6.200000000000000178e+00 9.789381928013947132e-01
6.209999999999999964e+00 9.789381923952116260e-01
6.219999999999999751e+00 9.789381919699671197e-01
6.230000000000000426e+00 9.789381915267931777e-01
6.240000000000000213e+00 9.789381910668852882e-01
6.250000000000000000e+00 9.789381905915042204e-01
6.259999999999999787e+00 9.789381901019693633e-01
6.270000000000000462e+00 9.789381895996521754e-01
6.280000000000000249e+00 9.789381890859749635e-01
6.290000000000000036e+00 9.789381885624010016e-01
6.299999999999999822e+00 9.789381880304292016e-01
6.310000000000000497e+00 9.789381874915914494e-01
6.320000000000000284e+00 9.789381869474362841e-01
6.330000000000000071e+00 9.789381863995311184e-01
6.339999999999999858e+00 9.789381858494501376e-01
6.350000000000000533e+00 9.789381852987617538e-01
6.360000000000000320e+00 9.789381847490274957e-01
6.370000000000000107e+00 9.789381842017871316e-01
6.379999999999999893e+00 9.789381836585485663e-01
6.390000000000000568e+00 9.789381831207870643e-01
6.400000000000000355e+00 9.789381825899236000e-01
6.410000000000000142e+00 9.789381820673309642e-01
6.419999999999999929e+00 9.789381815543137799e-01
6.429999999999999716e+00 9.789381810521101679e-01
6.440000000000000391e+00 9.789381805618788679e-01
6.450000000000000178e+00 9.789381800847001269e-01
6.459999999999999964e+00 9.789381796215650411e-01
6.469999999999999751e+00 9.789381791733773319e-01
6.480000000000000426e+00 9.789381787409492386e-01
6.490000000000000213e+00 9.789381783249970770e-01
6.500000000000000000e+00 9.789381779261461247e-01
6.509999999999999787e+00 9.789381775449303991e-01
6.520000000000000462e+00 9.789381771817899924e-01
6.530000000000000249e+00 9.789381768370795101e-01
6.540000000000000036e+00 9.789381765110668487e-01
6.549999999999999822e+00 9.789381762039390811e-01
6.560000000000000497e+00 9.789381759158062302e-01
6.570000000000000284e+00 9.789381756467039342e-01
6.580000000000000071e+00 9.789381753966045485e-01
6.589999999999999858e+00 9.789381751654153696e-01
6.600000000000000533e+00 9.789381749529888488e-01
6.610000000000000320e+00 9.789381747591255900e-01
6.620000000000000107e+00 9.789381745835813442e-01
6.629999999999999893e+00 9.789381744260701179e-01
6.640000000000000568e+00 9.789381742862721669e-01
6.650000000000000355e+00 9.789381741638349954e-01
6.660000000000000142e+00 9.789381740583815716e-01
6.669999999999999929e+00 9.789381739695131035e-01
6.679999999999999716e+00 9.789381738968125912e-01
6.690000000000000391e+00 9.789381738398488242e-01
6.700000000000000178e+00 9.789381737981807108e-01
6.709999999999999964e+00 9.789381737713565013e-01
6.719999999999999751e+00 9.789381737589208932e-01
6.730000000000000426e+00 9.789381737604155864e-01
6.740000000000000213e+00 9.789381737753779511e-01
6.750000000000000000e+00 9.789381738033489100e-01
6.759999999999999787e+00 9.789381738438664993e-01
6.770000000000000462e+00 9.789381738964755275e-01
6.780000000000000249e+00 9.789381739607214694e-01
6.790000000000000036e+00 9.789381740361533524e-01
6.799999999999999822e+00 9.789381741223236455e-01
6.810000000000000497e+00 9.789381742187912572e-01
6.820000000000000284e+00 9.789381743251139856e-01
6.830000000000000071e+00 9.789381744408578445e-01
6.839999999999999858e+00 9.789381745655900691e-01
6.850000000000000533e+00 9.789381746988795596e-01
6.860000000000000320e+00 9.789381748402996575e-01
6.870000000000000107e+00 9.789381749894252582e-01
6.879999999999999893e+00 9.789381751458281489e-01
6.890000000000000568e+00 9.789381753090844462e-01
6.900000000000000355e+00 9.789381754787653822e-01
6.910000000000000142e+00 9.789381756544419666e-01
6.919999999999999929e+00 9.789381758356834329e-01
6.929999999999999716e+00 9.789381760220532414e-01
6.940000000000000391e+00 9.789381762131110776e-01
6.950000000000000178e+00 9.789381764084127413e-01
6.959999999999999964e+00 9.789381766075034852e-01
6.969999999999999751e+00 9.789381768099261194e-01
6.980000000000000426e+00 9.789381770152124629e-01
6.990000000000000213e+00 9.789381772228848977e-01
7.000000000000000000e+00 9.789381774324602548e-01
7.009999999999999787e+00 9.789381776434422644e-01
7.020000000000000462e+00 9.789381778553254421e-01
7.030000000000000249e+00 9.789381780675963096e-01
7.040000000000000036e+00 9.789381782797277332e-01
7.049999999999999822e+00 9.789381784911834750e-01
7.060000000000000497e+00 9.789381787014191927e-01
7.070000000000000284e+00 9.789381789098751119e-01
7.080000000000000071e+00 9.789381791159876833e-01
7.089999999999999858e+00 9.789381793191828107e-01
7.100000000000000533e+00 9.789381795188778490e-01
7.110000000000000320e+00 9.789381797144856012e-01
7.120000000000000107e+00 9.789381799054135413e-01
7.129999999999999893e+00 9.789381800910635922e-01
7.140000000000000568e+00 9.789381802708392311e-01
7.150000000000000355e+00 9.789381804441386059e-01
7.160000000000000142e+00 9.789381806103687467e-01
7.169999999999999929e+00 9.789381807689364612e-01
7.179999999999999716e+00 9.789381809192588824e-01
7.190000000000000391e+00 9.789381810607606926e-01
7.200000000000000178e+00 9.789381811928807853e-01
7.209999999999999964e+00 9.789381813150728195e-01
7.219999999999999751e+00 9.789381814268099946e-01
7.230000000000000426e+00 9.789381815275849386e-01
7.240000000000000213e+00 9.789381816169138162e-01
7.250000000000000000e+00 9.789381816943441006e-01
7.259999999999999787e+00 9.789381817594502433e-01
7.270000000000000462e+00 9.789381818118411127e-01
7.280000000000000249e+00 9.789381818511628808e-01
7.290000000000000036e+00 9.789381818770981347e-01
7.299999999999999822e+00 9.789381818893709841e-01
7.310000000000000497e+00 9.789381818877509467e-01
7.320000000000000284e+00 9.789381818720488404e-01
7.330000000000000071e+00 9.789381818421247772e-01
7.339999999999999858e+00 9.789381817978888289e-01
7.350000000000000533e+00 9.789381817392975860e-01
7.360000000000000320e+00 9.789381816663633717e-01
7.370000000000000107e+00 9.789381815791469155e-01
7.379999999999999893e+00 9.789381814777611268e-01
7.390000000000000568e+00 9.789381813623733164e-01
7.400000000000000355e+00 9.789381812331997557e-01
7.410000000000000142e+00 9.789381810905107839e-01
7.419999999999999929e+00 9.789381809346282548e-01
7.429999999999999716e+00 9.789381807659223167e-01
7.440000000000000391e+00 9.789381805848131890e-01
7.450000000000000178e+00 9.789381803917691638e-01
7.459999999999999964e+00 9.789381801873002775e-01
7.469999999999999751e+00 9.789381799719623078e-01
7.480000000000000426e+00 9.789381797463516666e-01
7.490000000000000213e+00 9.789381795110995155e-01
7.500000000000000000e+00 9.789381792668756521e-01
7.509999999999999787e+00 9.789381790143787399e-01
7.520000000000000462e+00 9.789381787543358637e-01
7.530000000000000249e+00 9.789381784874997550e-01
7.540000000000000036e+00 9.789381782146413524e-01
7.549999999999999822e+00 9.789381779365494696e-01
7.560000000000000497e+00 9.789381776540240221e-01
7.570000000000000284e+00 9.789381773678701437e-01
7.580000000000000071e+00 9.789381770789005177e-01
7.589999999999999858e+00 9.789381767879234975e-01
7.600000000000000533e+00 9.789381764957449938e-01
7.610000000000000320e+00 9.789381762031597045e-01
7.620000000000000107e+00 9.789381759109490044e-01
7.629999999999999893e+00 9.789381756198778373e-01
7.640000000000000568e+00 9.789381753306909406e-01
7.650000000000000355e+00 9.789381750441068508e-01
7.660000000000000142e+00 9.789381747608181250e-01
7.669999999999999929e+00 9.789381744814895647e-01
7.679999999999999716e+00 9.789381742067517767e-01
7.690000000000000391e+00 9.789381739372020608e-01
7.700000000000000178e+00 9.789381736734066308e-01
7.709999999999999964e+00 9.789381734158901782e-01
7.719999999999999751e+00 9.789381731651427554e-01
7.730000000000000426e+00 9.789381729216173333e-01
7.740000000000000213e+00 9.789381726857263599e-01
7.750000000000000000e+00 9.789381724578493094e-01
7.759999999999999787e+00 9.789381722383270201e-01
7.770000000000000462e+00 9.789381720274641374e-01
7.780000000000000249e+00 9.789381718255310005e-01
7.790000000000000036e+00 9.789381716327643090e-01
7.799999999999999822e+00 9.789381714493681219e-01
7.810000000000000497e+00 9.789381712755156340e-01
7.820000000000000284e+00 9.789381711113477325e-01
7.830000000000000071e+00 9.789381709569815460e-01
7.839999999999999858e+00 9.789381708125053372e-01
7.850000000000000533e+00 9.789381706779829440e-01
7.860000000000000320e+00 9.789381705534561107e-01
7.870000000000000107e+00 9.789381704389431560e-01
7.879999999999999893e+00 9.789381703344416374e-01
7.890000000000000568e+00 9.789381702399315710e-01
7.900000000000000355e+00 9.789381701553723225e-01
7.910000000000000142e+00 9.789381700807073816e-01
7.919999999999999929e+00 9.789381700158643618e-01
7.930000000000000604e+00 9.789381699607556664e-01
7.940000000000000391e+00 9.789381699152783778e-01
7.950000000000000178e+00 9.789381698793133690e-01
7.959999999999999964e+00 9.789381698527299669e-01
7.969999999999999751e+00 9.789381698353808448e-01
7.980000000000000426e+00 9.789381698271083510e-01
7.990000000000000213e+00 9.789381698277332955e-01
8.000000000000000000e+00 9.789381698370687168e-01
8.009999999999999787e+00 9.789381698549080024e-01
8.019999999999999574e+00 9.789381698810273313e-01
8.029999999999999361e+00 9.789381699151965543e-01
8.040000000000000924e+00 9.789381699571536588e-01
8.050000000000000711e+00 9.789381700066239755e-01
8.060000000000000497e+00 9.789381700633200678e-01
8.070000000000000284e+00 9.789381701269176395e-01
8.080000000000000071e+00 9.789381701970883976e-01
8.089999999999999858e+00 9.789381702734629709e-01
8.099999999999999645e+00 9.789381703556627734e-01
8.109999999999999432e+00 9.789381704432683629e-01
8.120000000000000995e+00 9.789381705358440877e-01
8.130000000000000782e+00 9.789381706329211008e-01
8.140000000000000568e+00 9.789381707339944727e-01
8.150000000000000355e+00 9.789381708385406222e-01
8.160000000000000142e+00 9.789381709459886727e-01
8.169999999999999929e+00 9.789381710557488736e-01
8.179999999999999716e+00 9.789381711671829578e-01
8.189999999999999503e+00 9.789381712796322299e-01
8.199999999999999289e+00 9.789381713923882566e-01
8.210000000000000853e+00 9.789381715047210664e-01
8.220000000000000639e+00 9.789381716158588320e-01
8.230000000000000426e+00 9.789381717249918680e-01
8.240000000000000213e+00 9.789381718312903935e-01
8.250000000000000000e+00 9.789381719338772214e-01
8.259999999999999787e+00 9.789381720318597324e-01
8.269999999999999574e+00 9.789381721243051171e-01
8.279999999999999361e+00 9.789381722102701300e-01
8.290000000000000924e+00 9.789381722887764425e-01
8.300000000000000711e+00 9.789381723588328477e-01
8.310000000000000497e+00 9.789381724194421430e-01
8.320000000000000284e+00 9.789381724695846998e-01
8.330000000000000071e+00 9.789381725082522134e-01
8.339999999999999858e+00 9.789381725344226126e-01
8.349999999999999645e+00 9.789381725470984730e-01
8.359999999999999432e+00 9.789381725452805938e-01
8.370000000000000995e+00 9.789381725280030810e-01
8.380000000000000782e+00 9.789381724943231333e-01
8.390000000000000568e+00 9.789381724433234844e-01
8.400000000000000355e+00 9.789381723741465979e-01
8.410000000000000142e+00 9.789381722859638035e-01
8.419999999999999929e+00 9.789381721780188172e-01
8.429999999999999716e+00 9.789381720496004302e-01
8.439999999999999503e+00 9.789381719000814774e-01
8.449999999999999289e+00 9.789381717288936358e-01
8.460000000000000853e+00 9.789381715355623959e-01
8.470000000000000639e+00 9.789381713196888546e-01
8.480000000000000426e+00 9.789381710809592629e-01
8.490000000000000213e+00 9.789381708191655651e-01
8.500000000000000000e+00 9.789381705341795303e-01
8.509999999999999787e+00 9.789381702259849494e-01
8.519999999999999574e+00 9.789381698946483246e-01
8.529999999999999361e+00 9.789381695403520656e-01
8.540000000000000924e+00 9.789381691633617377e-01
8.550000000000000711e+00 9.789381687640437146e-01
8.560000000000000497e+00 9.789381683428689529e-01
8.570000000000000284e+00 9.789381679003825720e-01
8.580000000000000071e+00 9.789381674372326092e-01
8.589999999999999858e+00 9.789381669541362685e-01
8.599999999999999645e+00 9.789381664519029025e-01
8.609999999999999432e+00 9.789381659313952655e-01
8.620000000000000995e+00 9.789381653935571581e-01
8.630000000000000782e+00 9.789381648393816748e-01
8.640000000000000568e+00 9.789381642699070962e-01
8.650000000000000355e+00 9.789381636862284353e-01
8.660000000000000142e+00 9.789381630894586905e-01
8.669999999999999929e+00 9.789381624807546034e-01
8.679999999999999716e+00 9.789381618612744695e-01
8.689999999999999503e+00 9.789381612322046733e-01
8.700000000000001066e+00 9.789381605947217180e-01
8.710000000000000853e+00 9.789381599500023290e-01
8.720000000000000639e+00 9.789381592992211223e-01
8.730000000000000426e+00 9.789381586435209615e-01
8.740000000000000213e+00 9.789381579840392700e-01
8.750000000000000000e+00 9.789381573218671750e-01
8.759999999999999787e+00 9.789381566580801497e-01
8.769999999999999574e+00 9.789381559937020416e-01
8.779999999999999361e+00 9.789381553297293870e-01
8.790000000000000924e+00 9.789381546671040990e-01
8.800000000000000711e+00 9.789381540067259024e-01
8.810000000000000497e+00 9.789381533494541099e-01
8.820000000000000284e+00 9.789381526960863056e-01
8.830000000000000071e+00 9.789381520473853238e-01
8.839999999999999858e+00 9.789381514040507160e-01
8.849999999999999645e+00 9.789381507667475057e-01
8.859999999999999432e+00 9.789381501360790994e-01
8.870000000000000995e+00 9.789381495126131538e-01
8.880000000000000782e+00 9.789381488968693645e-01
8.890000000000000568e+00 9.789381482893158015e-01
8.900000000000000355e+00 9.789381476903956658e-01
8.910000000000000142e+00 9.789381471004960922e-01
8.919999999999999929e+00 9.789381465199846755e-01
8.929999999999999716e+00 9.789381459491788284e-01
8.939999999999999503e+00 9.789381453883806428e-01
8.950000000000001066e+00 9.789381448378521311e-01
8.960000000000000853e+00 9.789381442978326575e-01
8.970000000000000639e+00 9.789381437685467091e-01
8.980000000000000426e+00 9.789381432501832458e-01
8.990000000000000213e+00 9.789381427429320048e-01
9.000000000000000000e+00 9.789381422469491945e-01
9.009999999999999787e+00 9.789381417623947979e-01
9.019999999999999574e+00 9.789381412894045953e-01
9.029999999999999361e+00 9.789381408281191410e-01
9.040000000000000924e+00 9.789381403786632241e-01
9.050000000000000711e+00 9.789381399411583029e-01
9.060000000000000497e+00 9.789381395157334964e-01
9.070000000000000284e+00 9.789381391025020474e-01
9.080000000000000071e+00 9.789381387015965164e-01
9.089999999999999858e+00 9.789381383131332548e-01
9.099999999999999645e+00 9.789381379372488201e-01
9.109999999999999432e+00 9.789381375740716651e-01
9.120000000000000995e+00 9.789381372237473400e-01
9.130000000000000782e+00 9.789381368864223942e-01
9.140000000000000568e+00 9.789381365622471520e-01
9.150000000000000355e+00 9.789381362513932539e-01
9.160000000000000142e+00 9.789381359540229033e-01
9.169999999999999929e+00 9.789381356703268366e-01
9.179999999999999716e+00 9.789381354004864644e-01
9.189999999999999503e+00 9.789381351447075108e-01
9.200000000000001066e+00 9.789381349031915924e-01
9.210000000000000853e+00 9.789381346761532043e-01
9.220000000000000639e+00 9.789381344638199423e-01
9.230000000000000426e+00 9.789381342664117414e-01
9.240000000000000213e+00 9.789381340841698531e-01
9.250000000000000000e+00 9.789381339173224283e-01
9.259999999999999787e+00 9.789381337661152704e-01
9.269999999999999574e+00 9.789381336307776404e-01
9.279999999999999361e+00 9.789381335115506788e-01
9.290000000000000924e+00 9.789381334086587616e-01
9.300000000000000711e+00 9.789381333223190484e-01
9.310000000000000497e+00 9.789381332527471447e-01
9.320000000000000284e+00 9.789381332001246827e-01
9.330000000000000071e+00 9.789381331646324069e-01
9.339999999999999858e+00 9.789381331464077629e-01
9.349999999999999645e+00 9.789381331455756508e-01
9.359999999999999432e+00 9.789381331622104554e-01
9.370000000000000995e+00 9.789381331963591393e-01
9.380000000000000782e+00 9.789381332480173725e-01
9.390000000000000568e+00 9.789381333171222055e-01
9.400000000000000355e+00 9.789381334035660576e-01
9.410000000000000142e+00 9.789381335071596357e-01
9.419999999999999929e+00 9.789381336276605783e-01
9.429999999999999716e+00 9.789381337647296011e-01
9.439999999999999503e+00 9.789381339179608066e-01
9.450000000000001066e+00 9.789381340868446024e-01
9.460000000000000853e+00 9.789381342707790257e-01
9.470000000000000639e+00 9.789381344690686326e-01
9.480000000000000426e+00 9.789381346808977424e-01
9.490000000000000213e+00 9.789381349053563053e-01
9.500000000000000000e+00 9.789381351414069288e-01
9.509999999999999787e+00 9.789381353879103020e-01
9.519999999999999574e+00 9.789381356436001047e-01
9.529999999999999361e+00 9.789381359071066546e-01
9.540000000000000924e+00 9.789381361769369239e-01
9.550000000000000711e+00 9.789381364514914141e-01
9.560000000000000497e+00 9.789381367290747038e-01
9.570000000000000284e+00 9.789381370078780176e-01
9.580000000000000071e+00 9.789381372860188613e-01
9.589999999999999858e+00 9.789381375615195946e-01
9.599999999999999645e+00 9.789381378323500638e-01
9.609999999999999432e+00 9.789381380964080615e-01
9.620000000000000995e+00 9.789381383515645130e-01
9.630000000000000782e+00 9.789381385956572590e-01
9.640000000000000568e+00 9.789381388265069317e-01
9.650000000000000355e+00 9.789381390419582551e-01
9.660000000000000142e+00 9.789381392398630588e-01
9.669999999999999929e+00 9.789381394181293494e-01
9.679999999999999716e+00 9.789381395747119852e-01
9.689999999999999503e+00 9.789381397076570845e-01
9.700000000000001066e+00 9.789381398150948099e-01
9.710000000000000853e+00 9.789381398952680113e-01
9.720000000000000639e+00 9.789381399465554301e-01
9.730000000000000426e+00 9.789381399674609296e-01
9.740000000000000213e+00 9.789381399566581266e-01
9.750000000000000000e+00 9.789381399129704064e-01
9.759999999999999787e+00 9.789381398354102259e-01
9.769999999999999574e+00 9.789381397231566861e-01
9.779999999999999361e+00 9.789381395755942794e-01
9.790000000000000924e+00 9.789381393922846897e-01
9.800000000000000711e+00 9.789381391729901072e-01
9.810000000000000497e+00 9.789381389176727843e-01
9.820000000000000284e+00 9.789381386264753848e-01
9.830000000000000071e+00 9.789381382997420777e-01
9.839999999999999858e+00 9.789381379379865633e-01
9.849999999999999645e+00 9.789381375419148323e-01
9.859999999999999432e+00 9.789381371123808684e-01
9.870000000000000995e+00 9.789381366504126269e-01
9.880000000000000782e+00 9.789381361571731777e-01
9.890000000000000568e+00 9.789381356339543760e-01
9.900000000000000355e+00 9.789381350821784178e-01
9.910000000000000142e+00 9.789381345033549842e-01
9.919999999999999929e+00 9.789381338991003378e-01
9.929999999999999716e+00 9.789381332710855865e-01
9.939999999999999503e+00 9.789381326210577772e-01
9.950000000000001066e+00 9.789381319507929335e-01
9.960000000000000853e+00 9.789381312620997200e-01
9.970000000000000639e+00 9.789381305568087832e-01
9.980000000000000426e+00 9.789381298367356710e-01
9.990000000000000213e+00 9.789381291037013710e-01
1.000000000000000000e+01 9.789381283594855709e-01
