0.000000000000000000e+00 1.697208350796816922e-01
1.000000000000000021e-02 1.697208351684143524e-01
2.000000000000000042e-02 1.697208354345904335e-01
2.999999999999999889e-02 1.697208358794196903e-01
4.000000000000000083e-02 1.697208364864101482e-01
5.000000000000000278e-02 1.697208371650947012e-01
5.999999999999999778e-02 1.697208376066438873e-01
7.000000000000000666e-02 1.697208369934228578e-01
8.000000000000000167e-02 1.697208334883171243e-01
8.999999999999999667e-02 1.697208234191968368e-01
1.000000000000000056e-01 1.697208000664937877e-01
1.100000000000000006e-01 1.697207519581184765e-01
1.199999999999999956e-01 1.697206605763850185e-01
1.300000000000000044e-01 1.697204971588638645e-01
1.400000000000000133e-01 1.697202195994433338e-01
1.499999999999999944e-01 1.697197673149867525e-01
1.600000000000000033e-01 1.697190560013518701e-01
1.700000000000000122e-01 1.697179713226091846e-01
1.799999999999999933e-01 1.697163617260992463e-01
1.900000000000000022e-01 1.697140304318899839e-01
2.000000000000000111e-01 1.697107266872487918e-01
2.099999999999999922e-01 1.697061364219924762e-01
2.200000000000000011e-01 1.696998724886115417e-01
2.300000000000000100e-01 1.696914647203678073e-01
2.399999999999999911e-01 1.696803500892157257e-01
2.500000000000000000e-01 1.696658632910916231e-01
2.600000000000000089e-01 1.696472281262309811e-01
2.700000000000000178e-01 1.696235500738541291e-01
2.800000000000000266e-01 1.695938104809037172e-01
2.899999999999999800e-01 1.695568627907498016e-01
2.999999999999999889e-01 1.695114312275212975e-01
3.099999999999999978e-01 1.694561123232596889e-01
3.200000000000000067e-01 1.693893796276290109e-01
3.300000000000000155e-01 1.693095918738548311e-01
3.400000000000000244e-01 1.692150047916674005e-01
3.500000000000000333e-01 1.691037866615464347e-01
3.599999999999999867e-01 1.689740375992359878e-01
3.699999999999999956e-01 1.688238124513961880e-01
3.800000000000000044e-01 1.686511470795440115e-01
3.900000000000000133e-01 1.684540877179397655e-01
4.000000000000000222e-01 1.682307230198096248e-01
4.100000000000000311e-01 1.679792183628451008e-01
4.199999999999999845e-01 1.676978519758365593e-01
4.299999999999999933e-01 1.673850524784597227e-01
4.400000000000000022e-01 1.670394374982904495e-01
4.500000000000000111e-01 1.666598531429576702e-01
4.600000000000000200e-01 1.662454142576823002e-01
4.700000000000000289e-01 1.657955455824855484e-01
4.799999999999999822e-01 1.653100241284503058e-01
4.899999999999999911e-01 1.647890233038206698e-01
5.000000000000000000e-01 1.642331595191527382e-01
5.100000000000000089e-01 1.636435421618896713e-01
5.200000000000000178e-01 1.630218279246346824e-01
5.300000000000000266e-01 1.623702804614562678e-01
5.400000000000000355e-01 1.616918361886318101e-01
5.500000000000000444e-01 1.609901766877003815e-01
5.600000000000000533e-01 1.602698075481021889e-01
5.700000000000000622e-01 1.595361425346243367e-01
5.799999999999999600e-01 1.587955906072914813e-01
5.899999999999999689e-01 1.580556414868835580e-01
5.999999999999999778e-01 1.573249430929081205e-01
6.099999999999999867e-01 1.566133612664129260e-01
6.199999999999999956e-01 1.559320087839865532e-01
6.300000000000000044e-01 1.552932269474131821e-01
6.400000000000000133e-01 1.547104993484474666e-01
6.500000000000000222e-01 1.541982743512361476e-01
6.600000000000000311e-01 1.537716712846589062e-01
6.700000000000000400e-01 1.534460464678903679e-01
6.800000000000000488e-01 1.532364004043136885e-01
6.900000000000000577e-01 1.531566182019837297e-01
7.000000000000000666e-01 1.532185526270272991e-01
7.099999999999999645e-01 1.534309834750957058e-01
7.199999999999999734e-01 1.537985170934774160e-01
7.299999999999999822e-01 1.543205230073106948e-01
7.399999999999999911e-01 1.549902358078779907e-01
7.500000000000000000e-01 1.557941733804555917e-01
7.600000000000000089e-01 1.567120284187906998e-01
7.700000000000000178e-01 1.577171770859045474e-01
7.800000000000000266e-01 1.587779019643529854e-01
7.900000000000000355e-01 1.598593553619017393e-01
8.000000000000000444e-01 1.609261855760080739e-01
8.100000000000000533e-01 1.619456217510511498e-01
8.200000000000000622e-01 1.628906709067293734e-01
8.300000000000000711e-01 1.637429415303600921e-01
8.399999999999999689e-01 1.644945034148348750e-01
8.499999999999999778e-01 1.651481743932538548e-01
8.599999999999999867e-01 1.657157614155062297e-01
8.699999999999999956e-01 1.662141460715035601e-01
8.800000000000000044e-01 1.666597146941622420e-01
8.900000000000000133e-01 1.670623924121325821e-01
9.000000000000000222e-01 1.674211817434159699e-01
9.100000000000000311e-01 1.677232420355072862e-01
9.200000000000000400e-01 1.679478609431631908e-01
9.300000000000000488e-01 1.680751764201736387e-01
9.400000000000000577e-01 1.680976573544418484e-01
9.500000000000000666e-01 1.680308236486787177e-01
9.599999999999999645e-01 1.679190122512184968e-01
9.699999999999999734e-01 1.678323872059615807e-01
9.799999999999999822e-01 1.678531443249227095e-01
9.899999999999999911e-01 1.680525408626132311e-01
1.000000000000000000e+00 1.684660074375468608e-01
1.010000000000000009e+00 1.690785667242706847e-01
1.020000000000000018e+00 1.698317705029450397e-01
1.030000000000000027e+00 1.706530307103026889e-01
1.040000000000000036e+00 1.714932219568913729e-01
1.050000000000000044e+00 1.723500646349441501e-01
1.060000000000000053e+00 1.732609732032581729e-01
1.070000000000000062e+00 1.742666782738518105e-01
1.080000000000000071e+00 1.753653179965472264e-01
1.090000000000000080e+00 1.764860656681478401e-01
1.100000000000000089e+00 1.775059989540063166e-01
1.110000000000000098e+00 1.783122041534800917e-01
1.120000000000000107e+00 1.788805114040294408e-01
1.130000000000000115e+00 1.793218934137703058e-01
1.140000000000000124e+00 1.798563847205925936e-01
1.150000000000000133e+00 1.807148346635169822e-01
1.159999999999999920e+00 1.820209575183467376e-01
1.169999999999999929e+00 1.837317320352530314e-01
1.179999999999999938e+00 1.856797915040439562e-01
1.189999999999999947e+00 1.876828389968107080e-01
1.199999999999999956e+00 1.896318779147126987e-01
1.209999999999999964e+00 1.914938276669135853e-01
1.219999999999999973e+00 1.932419089467815598e-01
1.229999999999999982e+00 1.947904427197043042e-01
1.239999999999999991e+00 1.960062404069705666e-01
1.250000000000000000e+00 1.967981618267793109e-01
1.260000000000000009e+00 1.972110321604668148e-01
1.270000000000000018e+00 1.974397198170696199e-01
1.280000000000000027e+00 1.977410593386114968e-01
1.290000000000000036e+00 1.982994491337048415e-01
1.300000000000000044e+00 1.991383384264838463e-01
1.310000000000000053e+00 2.001408619981435710e-01
1.320000000000000062e+00 2.011635951928510413e-01
1.330000000000000071e+00 2.021552114140081624e-01
1.340000000000000080e+00 2.031909614362619465e-01
1.350000000000000089e+00 2.044054783998682512e-01
1.360000000000000098e+00 2.058839203758569547e-01
1.370000000000000107e+00 2.075931941906056510e-01
1.380000000000000115e+00 2.093962585628429407e-01
1.390000000000000124e+00 2.111326601687883164e-01
1.400000000000000133e+00 2.127101635659831569e-01
1.409999999999999920e+00 2.141539369828725781e-01
1.419999999999999929e+00 2.155914109017370850e-01
1.429999999999999938e+00 2.171882978300457845e-01
1.439999999999999947e+00 2.190734765290109909e-01
1.449999999999999956e+00 2.212896027339870397e-01
1.459999999999999964e+00 2.237872393961047313e-01
1.469999999999999973e+00 2.264560287290428575e-01
1.479999999999999982e+00 2.291708720513073727e-01
1.489999999999999991e+00 2.318305692255339390e-01
1.500000000000000000e+00 2.343767623964594093e-01
1.510000000000000009e+00 2.367932494184721015e-01
1.520000000000000018e+00 2.390931879407317551e-01
1.530000000000000027e+00 2.413030989905824431e-01
1.540000000000000036e+00 2.434499683051657981e-01
1.550000000000000044e+00 2.455540405260234482e-01
1.560000000000000053e+00 2.476269416127432899e-01
1.570000000000000062e+00 2.496732779200960539e-01
1.580000000000000071e+00 2.516936608215314397e-01
1.590000000000000080e+00 2.536876489603472895e-01
1.600000000000000089e+00 2.556558468067332002e-01
1.610000000000000098e+00 2.576010048287988297e-01
1.620000000000000107e+00 2.595283090269855930e-01
1.630000000000000115e+00 2.614451513061458177e-01
1.640000000000000124e+00 2.633606210179348928e-01
1.650000000000000133e+00 2.652848737259698719e-01
1.660000000000000142e+00 2.672283442842761092e-01
1.669999999999999929e+00 2.692008301712341956e-01
1.679999999999999938e+00 2.712103333847085129e-01
1.689999999999999947e+00 2.732617104065108160e-01
1.699999999999999956e+00 2.753553500565873446e-01
1.709999999999999964e+00 2.774864173500732334e-01
1.719999999999999973e+00 2.796455770599284296e-01
1.729999999999999982e+00 2.818223665795288047e-01
1.739999999999999991e+00 2.840121703002162490e-01
1.750000000000000000e+00 2.862265745019884622e-01
1.760000000000000009e+00 2.885044048187085375e-01
1.770000000000000018e+00 2.909173199891648687e-01
1.780000000000000027e+00 2.935612770488892909e-01
1.790000000000000036e+00 2.965268941011193204e-01
1.800000000000000044e+00 2.998512708412378047e-01
1.810000000000000053e+00 3.034704997380446301e-01
1.820000000000000062e+00 3.072062902822397246e-01
1.830000000000000071e+00 3.108143072423221187e-01
1.840000000000000080e+00 3.140845439568646924e-01
1.850000000000000089e+00 3.169316303996579376e-01
1.860000000000000098e+00 3.193949327654498349e-01
1.870000000000000107e+00 3.215314197896203541e-01
1.880000000000000115e+00 3.233055128152161339e-01
1.890000000000000124e+00 3.246343325128985824e-01
1.900000000000000133e+00 3.256013261061782571e-01
1.910000000000000142e+00 3.265861602312939982e-01
1.919999999999999929e+00 3.280294728371758728e-01
1.929999999999999938e+00 3.299698226577330584e-01
1.939999999999999947e+00 3.319276969332964899e-01
1.949999999999999956e+00 3.334370262938132767e-01
1.959999999999999964e+00 3.346281818973147471e-01
1.969999999999999973e+00 3.360355558918443064e-01
1.979999999999999982e+00 3.379209408398578529e-01
1.989999999999999991e+00 3.402167616581343590e-01
2.000000000000000000e+00 3.430866285033200014e-01
2.010000000000000231e+00 3.468294733732352753e-01
2.020000000000000018e+00 3.510595414270117898e-01
2.030000000000000249e+00 3.548102028851731204e-01
2.040000000000000036e+00 3.576404539643915914e-01
2.049999999999999822e+00 3.597513816530270581e-01
2.060000000000000053e+00 3.611912647722345659e-01
2.069999999999999840e+00 3.621707041266150062e-01
2.080000000000000071e+00 3.635724620790176109e-01
2.089999999999999858e+00 3.656937123000323919e-01
2.100000000000000089e+00 3.675832137995136972e-01
2.109999999999999876e+00 3.688213722333886779e-01
2.120000000000000107e+00 3.702001181242300931e-01
2.129999999999999893e+00 3.721892286808423100e-01
2.140000000000000124e+00 3.748819239805975534e-01
2.149999999999999911e+00 3.786913776875109328e-01
2.160000000000000142e+00 3.831521251765426794e-01
2.169999999999999929e+00 3.868837228033428222e-01
2.180000000000000160e+00 3.894711659924062208e-01
2.189999999999999947e+00 3.912198149620975118e-01
2.200000000000000178e+00 3.922847448707377227e-01
2.209999999999999964e+00 3.935300441665580684e-01
2.220000000000000195e+00 3.956555699449803565e-01
2.229999999999999982e+00 3.977066366260915142e-01
2.240000000000000213e+00 3.989781650560929593e-01
2.250000000000000000e+00 4.002886503522899986e-01
2.260000000000000231e+00 4.022386153483547555e-01
2.270000000000000018e+00 4.050055635213754002e-01
2.280000000000000249e+00 4.089983754585518883e-01
2.290000000000000036e+00 4.136035100894214778e-01
2.300000000000000266e+00 4.173864085614492625e-01
2.310000000000000053e+00 4.199703055596614720e-01
2.319999999999999840e+00 4.216947203448305204e-01
2.330000000000000071e+00 4.227558165224427067e-01
2.339999999999999858e+00 4.239172944859263548e-01
2.350000000000000089e+00 4.259533360477015251e-01
2.359999999999999876e+00 4.282363032002175496e-01
2.370000000000000107e+00 4.297893584096709740e-01
2.379999999999999893e+00 4.309052730525282371e-01
2.390000000000000124e+00 4.323798230730716563e-01
2.399999999999999911e+00 4.344588695988026439e-01
2.410000000000000142e+00 4.373323420765049541e-01
2.419999999999999929e+00 4.413090337893488257e-01
2.430000000000000160e+00 4.459968380446669434e-01
2.439999999999999947e+00 4.503348679333711857e-01
2.450000000000000178e+00 4.536572435298388273e-01
2.459999999999999964e+00 4.560588248541159184e-01
2.470000000000000195e+00 4.577961529725076972e-01
2.479999999999999982e+00 4.589809973966414436e-01
2.490000000000000213e+00 4.599005669632719173e-01
2.500000000000000000e+00 4.611157842456416467e-01
2.510000000000000231e+00 4.629990543436027783e-01
2.520000000000000018e+00 4.653519550770299773e-01
2.530000000000000249e+00 4.676102258934198286e-01
2.540000000000000036e+00 4.693593904471666800e-01
2.550000000000000266e+00 4.706098632503246115e-01
2.560000000000000053e+00 4.716667028927015726e-01
2.569999999999999840e+00 4.728434545786772136e-01
2.580000000000000071e+00 4.742982235302254379e-01
2.589999999999999858e+00 4.760527789081816508e-01
2.600000000000000089e+00 4.780915628590235444e-01
2.609999999999999876e+00 4.804304366298908224e-01
2.620000000000000107e+00 4.831199278177087941e-01
2.629999999999999893e+00 4.862094226506158967e-01
2.640000000000000124e+00 4.897123415043033723e-01
2.649999999999999911e+00 4.935939751887665206e-01
2.660000000000000142e+00 4.977814143932804414e-01
2.669999999999999929e+00 5.021839821946598725e-01
2.680000000000000160e+00 5.067128969732116461e-01
2.689999999999999947e+00 5.112941922894914670e-01
2.700000000000000178e+00 5.158740320719795713e-01
2.709999999999999964e+00 5.204182859423259755e-01
2.720000000000000195e+00 5.249088449829947267e-01
2.729999999999999982e+00 5.293386279827585472e-01
2.740000000000000213e+00 5.337063976442968372e-01
2.750000000000000000e+00 5.380118242611091617e-01
2.760000000000000231e+00 5.422508473280526209e-01
2.770000000000000018e+00 5.464112988096009316e-01
2.780000000000000249e+00 5.504689377009071016e-01
2.790000000000000036e+00 5.543844709338920929e-01
2.800000000000000266e+00 5.581027183594424734e-01
2.810000000000000053e+00 5.615555978735509157e-01
2.819999999999999840e+00 5.646706183507024246e-01
2.830000000000000071e+00 5.673854516073159049e-01
2.839999999999999858e+00 5.696664125207139273e-01
2.850000000000000089e+00 5.715247054236169966e-01
2.859999999999999876e+00 5.730210344036369419e-01
2.870000000000000107e+00 5.742505809256719385e-01
2.879999999999999893e+00 5.753100156481724126e-01
2.890000000000000124e+00 5.762646701656424231e-01
2.899999999999999911e+00 5.771453459009323605e-01
2.910000000000000142e+00 5.779912821809889412e-01
2.919999999999999929e+00 5.789113197391987375e-01
2.930000000000000160e+00 5.800891832743138021e-01
2.939999999999999947e+00 5.816732197614021826e-01
2.950000000000000178e+00 5.835984702603300711e-01
2.959999999999999964e+00 5.855140951667889837e-01
2.970000000000000195e+00 5.869683426405311044e-01
2.979999999999999982e+00 5.877671718953935143e-01
2.990000000000000213e+00 5.881759111895888958e-01
3.000000000000000000e+00 5.887169502137649113e-01
3.010000000000000231e+00 5.897549329605469293e-01
3.020000000000000018e+00 5.913461464037018667e-01
3.030000000000000249e+00 5.934784220541010624e-01
3.040000000000000036e+00 5.962310446682659304e-01
3.050000000000000266e+00 5.994970829008415825e-01
3.060000000000000053e+00 6.027160049016357934e-01
3.070000000000000284e+00 6.052333102163182099e-01
3.080000000000000071e+00 6.069237546821266704e-01
3.089999999999999858e+00 6.081588440246766814e-01
3.100000000000000089e+00 6.092092098606267658e-01
3.109999999999999876e+00 6.101195550331202089e-01
3.120000000000000107e+00 6.111439677070261700e-01
3.129999999999999893e+00 6.126345011731425538e-01
3.140000000000000124e+00 6.143397449900954710e-01
3.149999999999999911e+00 6.155224558223565401e-01
3.160000000000000142e+00 6.160236531992141495e-01
3.169999999999999929e+00 6.165397405411940923e-01
3.180000000000000160e+00 6.176666300192649173e-01
3.189999999999999947e+00 6.194063659814448286e-01
3.200000000000000178e+00 6.217082445759077869e-01
3.209999999999999964e+00 6.245920035126940606e-01
3.220000000000000195e+00 6.275900583300715319e-01
3.229999999999999982e+00 6.299516187292736324e-01
3.240000000000000213e+00 6.315285994118142732e-01
3.250000000000000000e+00 6.327483157552973303e-01
3.260000000000000231e+00 6.338216179391000793e-01
3.270000000000000018e+00 6.347312336991550730e-01
3.280000000000000249e+00 6.357646877491344162e-01
3.290000000000000036e+00 6.372027512819785633e-01
3.300000000000000266e+00 6.386622035641756900e-01
3.310000000000000053e+00 6.395310192148750961e-01
3.320000000000000284e+00 6.399166326972780539e-01
3.330000000000000071e+00 6.405225235933013073e-01
3.339999999999999858e+00 6.417485949233096010e-01
3.350000000000000089e+00 6.434877390740038061e-01
3.359999999999999876e+00 6.456464220294276801e-01
3.370000000000000107e+00 6.482570685152487799e-01
3.379999999999999893e+00 6.510727197257291099e-01
3.390000000000000124e+00 6.535499983559870385e-01
3.399999999999999911e+00 6.553756704515883991e-01
3.410000000000000142e+00 6.567293216523685251e-01
3.419999999999999929e+00 6.579281372012070195e-01
3.430000000000000160e+00 6.590397472627234077e-01
3.439999999999999947e+00 6.599832517093736639e-01
3.450000000000000178e+00 6.608443458889387001e-01
3.459999999999999964e+00 6.618749180718739300e-01
3.470000000000000195e+00 6.631801538746669999e-01
3.479999999999999982e+00 6.645376641329358014e-01
3.490000000000000213e+00 6.655892442854852709e-01
3.500000000000000000e+00 6.661806288002239951e-01
3.510000000000000231e+00 6.664947264889056200e-01
3.520000000000000018e+00 6.668904305190654913e-01
3.530000000000000249e+00 6.676451879057049288e-01
3.540000000000000036e+00 6.688275829340447620e-01
3.550000000000000266e+00 6.703530868020205480e-01
3.560000000000000053e+00 6.721168910472351543e-01
3.570000000000000284e+00 6.740776026280126398e-01
3.580000000000000071e+00 6.762485951223591307e-01
3.589999999999999858e+00 6.786369575495435624e-01
3.600000000000000089e+00 6.811931488306492977e-01
3.609999999999999876e+00 6.838056713008635601e-01
3.620000000000000107e+00 6.863348693115276511e-01
3.629999999999999893e+00 6.886584126248612714e-01
3.640000000000000124e+00 6.907034379961438653e-01
3.649999999999999911e+00 6.924551716863029949e-01
3.660000000000000142e+00 6.939457982189308760e-01
3.669999999999999929e+00 6.952338484714132294e-01
3.680000000000000160e+00 6.963838600387254330e-01
3.689999999999999947e+00 6.974520628403870770e-01
3.700000000000000178e+00 6.984794960606347525e-01
3.709999999999999964e+00 6.994912440931682074e-01
3.720000000000000195e+00 7.004993188233612500e-01
3.729999999999999982e+00 7.015068973622036186e-01
3.740000000000000213e+00 7.025123492417416626e-01
3.750000000000000000e+00 7.035122849611361584e-01
3.760000000000000231e+00 7.045034593047264648e-01
3.770000000000000018e+00 7.054837026462837946e-01
3.780000000000000249e+00 7.064521774332600534e-01
3.790000000000000036e+00 7.074092470333954719e-01
3.800000000000000266e+00 7.083561736095420613e-01
3.810000000000000053e+00 7.092947795377064768e-01
3.820000000000000284e+00 7.102271379464818457e-01
3.830000000000000071e+00 7.111553103496791595e-01
3.839999999999999858e+00 7.120811222145569941e-01
3.850000000000000089e+00 7.130059564719047893e-01
3.859999999999999876e+00 7.139305460540312787e-01
3.870000000000000107e+00 7.148547561586715560e-01
3.879999999999999893e+00 7.157773626623619156e-01
3.890000000000000124e+00 7.166958528552209717e-01
3.899999999999999911e+00 7.176062958677524861e-01
3.910000000000000142e+00 7.185033490919109367e-01
3.919999999999999929e+00 7.193804784410200437e-01
3.930000000000000160e+00 7.202304682635002342e-01
3.939999999999999947e+00 7.210462749427907214e-01
3.950000000000000178e+00 7.218222322514706857e-01
3.959999999999999964e+00 7.225555459271237879e-01
3.970000000000000195e+00 7.232479254956339920e-01
3.979999999999999982e+00 7.239071068210717330e-01
3.990000000000000213e+00 7.245479411478714660e-01
4.000000000000000000e+00 7.251926934551891080e-01
4.009999999999999787e+00 7.258702330850690387e-01
4.020000000000000462e+00 7.266139323123821381e-01
4.030000000000000249e+00 7.274582800336097943e-01
4.040000000000000036e+00 7.284346975534184976e-01
4.049999999999999822e+00 7.295668567642261682e-01
4.060000000000000497e+00 7.308666190269171858e-01
4.070000000000000284e+00 7.323313065807262046e-01
4.080000000000000071e+00 7.339430310151250358e-01
4.089999999999999858e+00 7.356704182812978665e-01
4.099999999999999645e+00 7.374725895640390494e-01
4.110000000000000320e+00 7.393047644841994614e-01
4.120000000000000107e+00 7.411244667959613341e-01
4.129999999999999893e+00 7.428971296466850838e-01
4.139999999999999680e+00 7.445999711177795355e-01
4.150000000000000355e+00 7.462233416861643320e-01
4.160000000000000142e+00 7.477692774770692274e-01
4.169999999999999929e+00 7.492476170270379043e-01
4.179999999999999716e+00 7.506706068199898718e-01
4.190000000000000391e+00 7.520472804330514682e-01
4.200000000000000178e+00 7.533789409517593905e-01
4.209999999999999964e+00 7.546567878645903393e-01
4.219999999999999751e+00 7.558621914087000349e-01
4.230000000000000426e+00 7.569694867828142826e-01
4.240000000000000213e+00 7.579506106120904585e-01
4.250000000000000000e+00 7.587805605965178835e-01
4.259999999999999787e+00 7.594425760999663488e-01
4.270000000000000462e+00 7.599320868441111765e-01
4.280000000000000249e+00 7.602587861084375565e-01
4.290000000000000036e+00 7.604465672834536116e-01
4.299999999999999822e+00 7.605314405595622329e-01
4.310000000000000497e+00 7.605578603124657500e-01
4.320000000000000284e+00 7.605741029835081379e-01
4.330000000000000071e+00 7.606274187924191299e-01
4.339999999999999858e+00 7.607596378267381665e-01
4.350000000000000533e+00 7.610037624939326451e-01
4.360000000000000320e+00 7.613818539778030026e-01
4.370000000000000107e+00 7.619043363463410268e-01
4.379999999999999893e+00 7.625705069655764889e-01
4.389999999999999680e+00 7.633700606303812641e-01
4.400000000000000355e+00 7.642852364678140997e-01
4.410000000000000142e+00 7.652932417154456601e-01
4.419999999999999929e+00 7.663686468033548138e-01
4.429999999999999716e+00 7.674855250908618753e-01
4.440000000000000391e+00 7.686191978465372054e-01
4.450000000000000178e+00 7.697475245986372672e-01
4.459999999999999964e+00 7.708517416164086811e-01
4.469999999999999751e+00 7.719168939891225545e-01
4.480000000000000426e+00 7.729319308597218940e-01
4.490000000000000213e+00 7.738895424720469984e-01
4.500000000000000000e+00 7.747858161413120337e-01
4.509999999999999787e+00 7.756197800846783563e-01
4.520000000000000462e+00 7.763928924891562167e-01
4.530000000000000249e+00 7.771085205820770225e-01
4.540000000000000036e+00 7.777714423291504087e-01
4.549999999999999822e+00 7.783873925144155770e-01
4.560000000000000497e+00 7.789626659908985840e-01
4.570000000000000284e+00 7.795037851510193683e-01
4.580000000000000071e+00 7.800172290787916740e-01
4.589999999999999858e+00 7.805092236840553976e-01
4.600000000000000533e+00 7.809855862516659197e-01
4.610000000000000320e+00 7.814516174898196166e-01
4.620000000000000107e+00 7.819120336445738451e-01
4.629999999999999893e+00 7.823709313572142499e-01
4.639999999999999680e+00 7.828317784376005450e-01
4.650000000000000355e+00 7.832974244525511276e-01
4.660000000000000142e+00 7.837701258629652390e-01
4.669999999999999929e+00 7.842515812994554913e-01
4.679999999999999716e+00 7.847429733848337863e-01
4.690000000000000391e+00 7.852450142567196645e-01
4.700000000000000178e+00 7.857579925960023193e-01
4.709999999999999964e+00 7.862818205206678623e-01
4.719999999999999751e+00 7.868160791617889727e-01
4.730000000000000426e+00 7.873600621067994298e-01
4.740000000000000213e+00 7.879128161848675260e-01
4.750000000000000000e+00 7.884731792916990223e-01
4.759999999999999787e+00 7.890398151178327213e-01
4.770000000000000462e+00 7.896112447660578182e-01
4.780000000000000249e+00 7.901858753294206394e-01
4.790000000000000036e+00 7.907620255594729475e-01
4.799999999999999822e+00 7.913379487916951671e-01
4.810000000000000497e+00 7.919118533168437724e-01
4.820000000000000284e+00 7.924819203976500859e-01
4.830000000000000071e+00 7.930463201331451328e-01
4.839999999999999858e+00 7.936032253704371486e-01
4.850000000000000533e+00 7.941508238578238732e-01
4.860000000000000320e+00 7.946873288250267953e-01
4.870000000000000107e+00 7.952109881669577884e-01
4.879999999999999893e+00 7.957200923973863915e-01
4.889999999999999680e+00 7.962129815285403645e-01
4.900000000000000355e+00 7.966880510222783540e-01
4.910000000000000142e+00 7.971437569481499841e-01
4.919999999999999929e+00 7.975786204734993667e-01
4.929999999999999716e+00 7.979912318008143268e-01
4.940000000000000391e+00 7.983802536578464837e-01
4.950000000000000178e+00 7.987444244366572743e-01
4.959999999999999964e+00 7.990825610687947167e-01
4.969999999999999751e+00 7.993935617153077322e-01
4.980000000000000426e+00 7.996764083424201530e-01
4.990000000000000213e+00 7.999301692464664271e-01
5.000000000000000000e+00 8.001540015852917076e-01
5.009999999999999787e+00 8.003471540386988270e-01
5.020000000000000462e+00 8.005089686963904327e-01
5.030000000000000249e+00 8.006388833069162381e-01
5.040000000000000036e+00 8.007364321729097956e-01
5.049999999999999822e+00 8.008012476210740749e-01
5.060000000000000497e+00 8.008330608710103604e-01
5.070000000000000284e+00 8.008317027229368001e-01
5.080000000000000071e+00 8.007971040065151591e-01
5.089999999999999858e+00 8.007292957919767140e-01
5.100000000000000533e+00 8.006284093681095282e-01
5.110000000000000320e+00 8.004946759914579602e-01
5.120000000000000107e+00 8.003284264110549495e-01
5.129999999999999893e+00 8.001300901729142545e-01
5.139999999999999680e+00 7.999001947083705932e-01
5.150000000000000355e+00 7.996393642101413679e-01
5.160000000000000142e+00 7.993483182997268566e-01
5.169999999999999929e+00 7.990278704894515638e-01
5.179999999999999716e+00 7.986789264421257917e-01
5.190000000000000391e+00 7.983024820309218006e-01
5.200000000000000178e+00 7.978996212016827849e-01
5.209999999999999964e+00 7.974715136394948667e-01
5.219999999999999751e+00 7.970194122409572923e-01
5.230000000000000426e+00 7.965446503932218647e-01
5.240000000000000213e+00 7.960486390605320262e-01
5.250000000000000000e+00 7.955328636786767049e-01
5.259999999999999787e+00 7.949988808575410015e-01
5.270000000000000462e+00 7.944483148917355075e-01
5.280000000000000249e+00 7.938828540791782462e-01
5.290000000000000036e+00 7.933042468474901243e-01
5.299999999999999822e+00 7.927142976881219605e-01
5.310000000000000497e+00 7.921148628983418760e-01
5.320000000000000284e+00 7.915078461314962732e-01
5.330000000000000071e+00 7.908951937563930557e-01
5.339999999999999858e+00 7.902788900272325057e-01
5.350000000000000533e+00 7.896609520661992399e-01
5.360000000000000320e+00 7.890434246616772063e-01
5.370000000000000107e+00 7.884283748860486662e-01
5.379999999999999893e+00 7.878178865381481044e-01
5.389999999999999680e+00 7.872140544167272047e-01
5.400000000000000355e+00 7.866189784326756973e-01
5.410000000000000142e+00 7.860347575692705480e-01
5.419999999999999929e+00 7.854634837013519943e-01
5.429999999999999716e+00 7.849072352860704260e-01
5.440000000000000391e+00 7.843680709396451123e-01
5.450000000000000178e+00 7.838480229164516144e-01
5.459999999999999964e+00 7.833490905086709644e-01
5.469999999999999751e+00 7.828732333866456061e-01
5.480000000000000426e+00 7.824223649020032312e-01
5.490000000000000213e+00 7.819983453774808080e-01
5.500000000000000000e+00 7.816029754091631254e-01
5.509999999999999787e+00 7.812379892085633548e-01
5.520000000000000462e+00 7.809050480135184547e-01
5.530000000000000249e+00 7.806057335982701240e-01
5.540000000000000036e+00 7.803415419143128196e-01
5.549999999999999822e+00 7.801138768945476976e-01
5.560000000000000497e+00 7.799240444540247452e-01
5.570000000000000284e+00 7.797732467209936846e-01
5.580000000000000071e+00 7.796625765321295587e-01
5.589999999999999858e+00 7.795930122256526928e-01
5.600000000000000533e+00 7.795654127655450294e-01
5.610000000000000320e+00 7.795805132292454864e-01
5.620000000000000107e+00 7.796389206900297131e-01
5.629999999999999893e+00 7.797411105237523898e-01
5.639999999999999680e+00 7.798874231677865865e-01
5.650000000000000355e+00 7.800780613578099931e-01
5.660000000000000142e+00 7.803130878656127090e-01
5.669999999999999929e+00 7.805924237583207193e-01
5.679999999999999716e+00 7.809158471964231518e-01
5.690000000000000391e+00 7.812829927847296796e-01
5.700000000000000178e+00 7.816933514869521815e-01
5.709999999999999964e+00 7.821462711110247490e-01
5.719999999999999751e+00 7.826409573685678689e-01
5.730000000000000426e+00 7.831764755081549456e-01
5.740000000000000213e+00 7.837517525182527978e-01
5.750000000000000000e+00 7.843655798919472177e-01
5.759999999999999787e+00 7.850166169418815176e-01
5.770000000000000462e+00 7.857033946502480770e-01
5.780000000000000249e+00 7.864243200352418750e-01
5.790000000000000036e+00 7.871776810121456913e-01
5.799999999999999822e+00 7.879616517241799789e-01
5.810000000000000497e+00 7.887742983154854004e-01
5.820000000000000284e+00 7.896135851161038000e-01
5.830000000000000071e+00 7.904773812066077099e-01
5.839999999999999858e+00 7.913634673281578769e-01
5.850000000000000533e+00 7.922695431021763435e-01
5.860000000000000320e+00 7.931932345225934933e-01
5.870000000000000107e+00 7.941321016827201928e-01
5.879999999999999893e+00 7.950836466981999751e-01
5.889999999999999680e+00 7.960453217872466292e-01
5.900000000000000355e+00 7.970145374694170837e-01
5.910000000000000142e+00 7.979886708445077526e-01
5.919999999999999929e+00 7.989650739137854618e-01
5.929999999999999716e+00 7.999410819066500311e-01
5.940000000000000391e+00 8.009140215769390281e-01
5.950000000000000178e+00 8.018812194344145938e-01
5.959999999999999964e+00 8.028400098785135608e-01
5.969999999999999751e+00 8.037877432031137470e-01
5.980000000000000426e+00 8.047217934429232722e-01
5.990000000000000213e+00 8.056395660340507359e-01
6.000000000000000000e+00 8.065385052633576857e-01
6.009999999999999787e+00 8.074161014833386441e-01
6.020000000000000462e+00 8.082698980714357884e-01
6.030000000000000249e+00 8.090974981149118284e-01
6.040000000000000036e+00 8.098965708046340639e-01
6.049999999999999822e+00 8.106648575233269538e-01
6.060000000000000497e+00 8.114001776160623125e-01
6.070000000000000284e+00 8.121004338329104177e-01
6.080000000000000071e+00 8.127636174357851795e-01
6.089999999999999858e+00 8.133878129635776499e-01
6.100000000000000533e+00 8.139712026516380261e-01
6.110000000000000320e+00 8.145120705035649999e-01
6.120000000000000107e+00 8.150088060150733060e-01
6.129999999999999893e+00 8.154599075513940809e-01
6.140000000000000568e+00 8.158639853812742482e-01
6.150000000000000355e+00 8.162197643721170737e-01
6.160000000000000142e+00 8.165260863521556223e-01
6.169999999999999929e+00 8.167819121468037347e-01
6.179999999999999716e+00 8.169863232974147182e-01
6.190000000000000391e+00 8.171385234716553869e-01
6.200000000000000178e+00 8.172378395755262037e-01
6.209999999999999964e+00 8.172837225777551673e-01
6.219999999999999751e+00 8.172757480578191069e-01
6.230000000000000426e+00 8.172136164892598309e-01
6.240000000000000213e+00 8.170971532702027140e-01
6.250000000000000000e+00 8.169263085130876734e-01
6.259999999999999787e+00 8.167011566055913940e-01
6.270000000000000462e+00 8.164218955545249345e-01
6.280000000000000249e+00 8.160888461241702085e-01
6.290000000000000036e+00 8.157024507800714197e-01
6.299999999999999822e+00 8.152632724486960081e-01
6.310000000000000497e+00 8.147719931026902174e-01
6.320000000000000284e+00 8.142294121806333829e-01
6.330000000000000071e+00 8.136364448492705570e-01
6.339999999999999858e+00 8.129941201152149910e-01
6.350000000000000533e+00 8.123035787920158679e-01
6.360000000000000320e+00 8.115660713273451510e-01
6.370000000000000107e+00 8.107829554938822403e-01
6.379999999999999893e+00 8.099556939462336791e-01
6.390000000000000568e+00 8.090858516450135651e-01
6.400000000000000355e+00 8.081750931479754207e-01
6.410000000000000142e+00 8.072251797668729134e-01
6.419999999999999929e+00 8.062379665875926138e-01
6.429999999999999716e+00 8.052153993499759910e-01
6.440000000000000391e+00 8.041595111827464226e-01
6.450000000000000178e+00 8.030724191880341811e-01
6.459999999999999964e+00 8.019563208691993239e-01
6.469999999999999751e+00 8.008134903949787331e-01
6.480000000000000426e+00 7.996462746924896114e-01
6.490000000000000213e+00 7.984570893612797926e-01
6.500000000000000000e+00 7.972484144004541307e-01
6.509999999999999787e+00 7.960227897409783981e-01
6.520000000000000462e+00 7.947828105754970451e-01
6.530000000000000249e+00 7.935311224785002171e-01
6.540000000000000036e+00 7.922704163103835295e-01
6.549999999999999822e+00 7.910034228998863437e-01
6.560000000000000497e+00 7.897329075005907750e-01
6.570000000000000284e+00 7.884616640185861947e-01
6.580000000000000071e+00 7.871925090100513334e-01
6.589999999999999858e+00 7.859282754494255618e-01
6.600000000000000533e+00 7.846718062709203689e-01
6.610000000000000320e+00 7.834259476884597451e-01
6.620000000000000107e+00 7.821935423016344036e-01
6.629999999999999893e+00 7.809774219979246368e-01
6.640000000000000568e+00 7.797804006642726771e-01
6.650000000000000355e+00 7.786052667240042080e-01
6.660000000000000142e+00 7.774547755181027142e-01
6.669999999999999929e+00 7.763316415529187831e-01
6.679999999999999716e+00 7.752385306394200537e-01
6.690000000000000391e+00 7.741780519521398451e-01
6.700000000000000178e+00 7.731527500388974961e-01
6.709999999999999964e+00 7.721650968151929639e-01
6.719999999999999751e+00 7.712174835797955819e-01
6.730000000000000426e+00 7.703122130904650477e-01
6.740000000000000213e+00 7.694514917408844523e-01
6.750000000000000000e+00 7.686374218816861559e-01
6.759999999999999787e+00 7.678719943299369133e-01
6.770000000000000462e+00 7.671570811124839295e-01
6.780000000000000249e+00 7.664944284891914705e-01
6.790000000000000036e+00 7.658856503022515305e-01
6.799999999999999822e+00 7.653322216974105530e-01
6.810000000000000497e+00 7.648354732621018837e-01
6.820000000000000284e+00 7.643965856241156098e-01
6.830000000000000071e+00 7.640165845525346278e-01
6.839999999999999858e+00 7.636963366002891274e-01
6.850000000000000533e+00 7.634365453247664579e-01
6.860000000000000320e+00 7.632377481195559144e-01
6.870000000000000107e+00 7.631003136866155723e-01
6.879999999999999893e+00 7.630244401739318949e-01
6.890000000000000568e+00 7.630101539992192317e-01
6.900000000000000355e+00 7.630573093753687530e-01
6.910000000000000142e+00 7.631655885482836466e-01
6.919999999999999929e+00 7.633345027525414439e-01
6.929999999999999716e+00 7.635633938849794022e-01
6.940000000000000391e+00 7.638514368909765651e-01
6.950000000000000178e+00 7.641976428528997056e-01
6.959999999999999964e+00 7.646008627650130451e-01
6.969999999999999751e+00 7.650597919741395359e-01
6.980000000000000426e+00 7.655729752606149630e-01
6.990000000000000213e+00 7.661388125296264562e-01
7.000000000000000000e+00 7.667555650789071864e-01
7.009999999999999787e+00 7.674213624050761906e-01
7.020000000000000462e+00 7.681342095076177934e-01
7.030000000000000249e+00 7.688919946466833411e-01
7.040000000000000036e+00 7.696924975085764897e-01
7.049999999999999822e+00 7.705333977309128946e-01
7.060000000000000497e+00 7.714122837381208742e-01
7.070000000000000284e+00 7.723266618370785430e-01
7.080000000000000071e+00 7.732739655222972130e-01
7.089999999999999858e+00 7.742515649401616740e-01
7.100000000000000533e+00 7.752567764622378954e-01
7.110000000000000320e+00 7.762868723185973874e-01
7.120000000000000107e+00 7.773390902434148542e-01
7.129999999999999893e+00 7.784106430867311355e-01
7.140000000000000568e+00 7.794987283482341933e-01
7.150000000000000355e+00 7.806005375911188038e-01
7.160000000000000142e+00 7.817132656965127824e-01
7.169999999999999929e+00 7.828341199215926860e-01
7.179999999999999716e+00 7.839603287272597365e-01
7.190000000000000391e+00 7.850891503441255193e-01
7.200000000000000178e+00 7.862178810484857783e-01
7.209999999999999964e+00 7.873438631229563445e-01
7.219999999999999751e+00 7.884644924793973164e-01
7.230000000000000426e+00 7.895772259247356706e-01
7.240000000000000213e+00 7.906795880531872767e-01
7.250000000000000000e+00 7.917691777512143592e-01
7.259999999999999787e+00 7.928436743043055790e-01
7.270000000000000462e+00 7.939008430972801511e-01
7.280000000000000249e+00 7.949385409023270732e-01
7.290000000000000036e+00 7.959547207513599787e-01
7.299999999999999822e+00 7.969474363914678117e-01
7.310000000000000497e+00 7.979148463243090905e-01
7.320000000000000284e+00 7.988552174321923438e-01
7.330000000000000071e+00 7.997669281952919373e-01
7.339999999999999858e+00 8.006484715060301349e-01
7.350000000000000533e+00 8.014984570880105963e-01
7.360000000000000320e+00 8.023156135281112045e-01
7.370000000000000107e+00 8.030987899313866141e-01
7.379999999999999893e+00 8.038469572092812321e-01
7.390000000000000568e+00 8.045592090123805384e-01
7.400000000000000355e+00 8.052347623194604509e-01
7.410000000000000142e+00 8.058729576949774653e-01
7.419999999999999929e+00 8.064732592274059808e-01
7.429999999999999716e+00 8.070352541609026042e-01
7.440000000000000391e+00 8.075586522327662387e-01
7.450000000000000178e+00 8.080432847289896747e-01
7.459999999999999964e+00 8.084891032699513813e-01
7.469999999999999751e+00 8.088961783378993964e-01
7.480000000000000426e+00 8.092646975574385726e-01
7.490000000000000213e+00 8.095949637396887555e-01
7.500000000000000000e+00 8.098873927001640771e-01
7.509999999999999787e+00 8.101425108597942737e-01
7.520000000000000462e+00 8.103609526377949512e-01
7.530000000000000249e+00 8.105434576443897310e-01
7.540000000000000036e+00 8.106908676806753311e-01
7.549999999999999822e+00 8.108041235521900036e-01
7.560000000000000497e+00 8.108842617020779464e-01
7.570000000000000284e+00 8.109324106690823930e-01
7.580000000000000071e+00 8.109497873749920149e-01
7.589999999999999858e+00 8.109376932456593412e-01
7.600000000000000533e+00 8.108975101692298404e-01
7.610000000000000320e+00 8.108306962948743646e-01
7.620000000000000107e+00 8.107387816750575293e-01
7.629999999999999893e+00 8.106233637542165082e-01
7.640000000000000568e+00 8.104861027067112866e-01
7.650000000000000355e+00 8.103287166269986797e-01
7.660000000000000142e+00 8.101529765752054635e-01
7.669999999999999929e+00 8.099607014816598838e-01
7.679999999999999716e+00 8.097537529144190893e-01
7.690000000000000391e+00 8.095340297144764108e-01
7.700000000000000178e+00 8.093034625040879115e-01
7.709999999999999964e+00 8.090640080745584717e-01
7.719999999999999751e+00 8.088176436608132125e-01
7.730000000000000426e+00 8.085663611112156035e-01
7.740000000000000213e+00 8.083121609622916370e-01
7.750000000000000000e+00 8.080570464292996524e-01
7.759999999999999787e+00 8.078030173249688417e-01
7.770000000000000462e+00 8.075520639201023698e-01
7.780000000000000249e+00 8.073061607611886625e-01
7.790000000000000036e+00 8.070672604616067058e-01
7.799999999999999822e+00 8.068372874844164100e-01
7.810000000000000497e+00 8.066181319361314106e-01
7.820000000000000284e+00 8.064116433921876270e-01
7.830000000000000071e+00 8.062196247760520240e-01
7.839999999999999858e+00 8.060438263150687677e-01
7.850000000000000533e+00 8.058859395971181838e-01
7.860000000000000320e+00 8.057475917530190213e-01
7.870000000000000107e+00 8.056303397902775387e-01
7.879999999999999893e+00 8.055356651042546723e-01
7.890000000000000568e+00 8.054649681930927674e-01
7.900000000000000355e+00 8.054195636027847716e-01
7.910000000000000142e+00 8.054006751285535115e-01
7.919999999999999929e+00 8.054094312982847947e-01
7.930000000000000604e+00 8.054468611630370978e-01
7.940000000000000391e+00 8.055138904187034710e-01
7.950000000000000178e+00 8.056113378817021387e-01
7.959999999999999964e+00 8.057399123400987850e-01
7.969999999999999751e+00 8.059002097998877456e-01
7.980000000000000426e+00 8.060927111442328652e-01
7.990000000000000213e+00 8.063177802213433720e-01
8.000000000000000000e+00 8.065756623743418618e-01
8.009999999999999787e+00 8.068664834240101280e-01
8.019999999999999574e+00 8.071902491126731194e-01
8.029999999999999361e+00 8.075468450147309518e-01
8.040000000000000924e+00 8.079360369165978772e-01
8.050000000000000711e+00 8.083574716658414872e-01
8.060000000000000497e+00 8.088106784865299881e-01
8.070000000000000284e+00 8.092950707548901557e-01
8.080000000000000071e+00 8.098099482265040949e-01
8.089999999999999858e+00 8.103544997036438158e-01
8.099999999999999645e+00 8.109278061285521977e-01
8.109999999999999432e+00 8.115288440861253560e-01
8.120000000000000995e+00 8.121564896969513114e-01
8.130000000000000782e+00 8.128095228796382576e-01
8.140000000000000568e+00 8.134866319592864992e-01
8.150000000000000355e+00 8.141864185972641499e-01
8.160000000000000142e+00 8.149074030159689785e-01
8.169999999999999929e+00 8.156480294908851070e-01
8.179999999999999716e+00 8.164066720813623057e-01
8.189999999999999503e+00 8.171816405706274766e-01
8.199999999999999289e+00 8.179711865851749808e-01
8.210000000000000853e+00 8.187735098632635822e-01
8.220000000000000639e+00 8.195867646423670161e-01
8.230000000000000426e+00 8.204090661355263325e-01
8.240000000000000213e+00 8.212384970670276729e-01
8.250000000000000000e+00 8.220731142385148127e-01
8.259999999999999787e+00 8.229109550973697784e-01
8.269999999999999574e+00 8.237500442803631362e-01
8.279999999999999361e+00 8.245884001065856284e-01
8.290000000000000924e+00 8.254240409951552060e-01
8.300000000000000711e+00 8.262549917844859149e-01
8.310000000000000497e+00 8.270792899315567714e-01
8.320000000000000284e+00 8.278949915712154883e-01
8.330000000000000071e+00 8.287001774171923740e-01
8.339999999999999858e+00 8.294929584883622420e-01
8.349999999999999645e+00 8.302714816454104252e-01
8.359999999999999432e+00 8.310339349249987739e-01
8.370000000000000995e+00 8.317785526601478852e-01
8.380000000000000782e+00 8.325036203774508481e-01
8.390000000000000568e+00 8.332074794633382853e-01
8.400000000000000355e+00 8.338885315933263209e-01
8.410000000000000142e+00 8.345452429198276789e-01
8.419999999999999929e+00 8.351761480155120987e-01
8.429999999999999716e+00 8.357798535707973153e-01
8.439999999999999503e+00 8.363550418452345703e-01
8.449999999999999289e+00 8.369004738739419524e-01
8.460000000000000853e+00 8.374149924312102033e-01
8.470000000000000639e+00 8.378975247545443761e-01
8.480000000000000426e+00 8.383470850331685709e-01
8.490000000000000213e+00 8.387627766657990147e-01
8.500000000000000000e+00 8.391437942931424532e-01
8.509999999999999787e+00 8.394894256109186603e-01
8.519999999999999574e+00 8.397990529696885975e-01
8.529999999999999361e+00 8.400721547677881818e-01
8.540000000000000924e+00 8.403083066438788995e-01
8.550000000000000711e+00 8.405071824753872489e-01
8.560000000000000497e+00 8.406685551890004104e-01
8.570000000000000284e+00 8.407922973890057383e-01
8.580000000000000071e+00 8.408783818087510742e-01
8.589999999999999858e+00 8.409268815900557970e-01
8.599999999999999645e+00 8.409379703945880635e-01
8.609999999999999432e+00 8.409119223506313912e-01
8.620000000000000995e+00 8.408491118376814066e-01
8.630000000000000782e+00 8.407500131105829499e-01
8.640000000000000568e+00 8.406151997638673379e-01
8.650000000000000355e+00 8.404453440360544203e-01
8.660000000000000142e+00 8.402412159527418156e-01
8.669999999999999929e+00 8.400036823062424496e-01
8.679999999999999716e+00 8.397337054687327162e-01
8.689999999999999503e+00 8.394323420348195341e-01
8.700000000000001066e+00 8.391007412887501182e-01
8.710000000000000853e+00 8.387401434905754627e-01
8.720000000000000639e+00 8.383518779750128713e-01
8.730000000000000426e+00 8.379373610561506869e-01
8.740000000000000213e+00 8.374980937306456541e-01
8.750000000000000000e+00 8.370356591718743910e-01
8.759999999999999787e+00 8.365517200071979076e-01
8.769999999999999574e+00 8.360480153706654205e-01
8.779999999999999361e+00 8.355263577235082506e-01
8.790000000000000924e+00 8.349886294352917293e-01
8.800000000000000711e+00 8.344367791190069328e-01
8.810000000000000497e+00 8.338728177142294973e-01
8.820000000000000284e+00 8.332988143133861492e-01
8.830000000000000071e+00 8.327168917272538273e-01
8.839999999999999858e+00 8.321292217872656716e-01
8.849999999999999645e+00 8.315380203835763817e-01
8.859999999999999432e+00 8.309455422396968549e-01
8.870000000000000995e+00 8.303540754262388468e-01
8.880000000000000782e+00 8.297659356184923229e-01
8.890000000000000568e+00 8.291834601046321751e-01
8.900000000000000355e+00 8.286090015537204145e-01
8.910000000000000142e+00 8.280449215551244357e-01
8.919999999999999929e+00 8.274935839433751328e-01
8.929999999999999716e+00 8.269573479252027015e-01
8.939999999999999503e+00 8.264385610279298966e-01
8.950000000000001066e+00 8.259395518911567535e-01
8.960000000000000853e+00 8.254626229261010639e-01
8.970000000000000639e+00 8.250100428695589239e-01
8.980000000000000426e+00 8.245840392618334347e-01
8.990000000000000213e+00 8.241867908801872034e-01
9.000000000000000000e+00 8.238204201615928479e-01
9.009999999999999787e+00 8.234869856503062024e-01
9.019999999999999574e+00 8.231884745075878085e-01
9.029999999999999361e+00 8.229267951221270749e-01
9.040000000000000924e+00 8.227037698609498406e-01
9.050000000000000711e+00 8.225211280011959225e-01
9.060000000000000497e+00 8.223804988836415086e-01
9.070000000000000284e+00 8.222834053288227141e-01
9.080000000000000071e+00 8.222312573561890714e-01
9.089999999999999858e+00 8.222253462460448192e-01
9.099999999999999645e+00 8.222668389827093582e-01
9.109999999999999432e+00 8.223567731158860639e-01
9.120000000000000995e+00 8.224960520750911330e-01
9.130000000000000782e+00 8.226854409697584858e-01
9.140000000000000568e+00 8.229255629047949050e-01
9.150000000000000355e+00 8.232168958383268009e-01
9.160000000000000142e+00 8.235597700050363290e-01
9.169999999999999929e+00 8.239543659247234864e-01
9.179999999999999716e+00 8.244007130119965776e-01
9.189999999999999503e+00 8.248986887987665995e-01
9.200000000000001066e+00 8.254480187771774391e-01
9.210000000000000853e+00 8.260482768661715491e-01
9.220000000000000639e+00 8.266988865006711373e-01
9.230000000000000426e+00 8.273991223380114945e-01
9.240000000000000213e+00 8.281481125719842851e-01
9.250000000000000000e+00 8.289448418408258412e-01
9.259999999999999787e+00 8.297881547113963308e-01
9.269999999999999574e+00 8.306767597181888840e-01
9.279999999999999361e+00 8.316092339321552451e-01
9.290000000000000924e+00 8.325840280312561958e-01
9.300000000000000711e+00 8.335994718416006588e-01
9.310000000000000497e+00 8.346537803155513746e-01
9.320000000000000284e+00 8.357450599109190748e-01
9.330000000000000071e+00 8.368713153334597088e-01
9.339999999999999858e+00 8.380304566034978420e-01
9.349999999999999645e+00 8.392203064062495610e-01
9.359999999999999432e+00 8.404386076848062714e-01
9.370000000000000995e+00 8.416830314342035324e-01
9.380000000000000782e+00 8.429511846550831189e-01
9.390000000000000568e+00 8.442406184256319168e-01
9.400000000000000355e+00 8.455488360511054236e-01
9.410000000000000142e+00 8.468733012511532321e-01
9.419999999999999929e+00 8.482114463461851717e-01
9.429999999999999716e+00 8.495606804055170214e-01
9.439999999999999503e+00 8.509183973214542451e-01
9.450000000000001066e+00 8.522819837753640160e-01
9.460000000000000853e+00 8.536488270635527176e-01
9.470000000000000639e+00 8.550163227528900789e-01
9.480000000000000426e+00 8.563818821382184199e-01
9.490000000000000213e+00 8.577429394757533077e-01
9.500000000000000000e+00 8.590969589690551356e-01
9.509999999999999787e+00 8.604414414863268412e-01
9.519999999999999574e+00 8.617739309902723299e-01
9.529999999999999361e+00 8.630920206639466352e-01
9.540000000000000924e+00 8.643933587185080869e-01
9.550000000000000711e+00 8.656756538709716731e-01
9.560000000000000497e+00 8.669366804824519823e-01
9.570000000000000284e+00 8.681742833496072231e-01
9.580000000000000071e+00 8.693863821441610851e-01
9.589999999999999858e+00 8.705709754976429515e-01
9.599999999999999645e+00 8.717261447304498478e-01
9.609999999999999432e+00 8.728500572265043278e-01
9.620000000000000995e+00 8.739409694565977160e-01
9.630000000000000782e+00 8.749972296555044160e-01
9.640000000000000568e+00 8.760172801596364245e-01
9.650000000000000355e+00 8.769996594137100532e-01
9.660000000000000142e+00 8.779430036565046835e-01
9.669999999999999929e+00 8.788460482971198751e-01
9.679999999999999716e+00 8.797076289945723326e-01
9.689999999999999503e+00 8.805266824545797677e-01
9.700000000000001066e+00 8.813022469585122254e-01
9.710000000000000853e+00 8.820334626401684641e-01
9.720000000000000639e+00 8.827195715267773801e-01
9.730000000000000426e+00 8.833599173610203747e-01
9.740000000000000213e+00 8.839539452210717352e-01
9.750000000000000000e+00 8.845012009557913224e-01
9.759999999999999787e+00 8.850013304518904445e-01
9.769999999999999574e+00 8.854540787496553156e-01
9.779999999999999361e+00 8.858592890230743144e-01
9.790000000000000924e+00 8.862169014395686606e-01
9.800000000000000711e+00 8.865269519134230114e-01
9.810000000000000497e+00 8.867895707659498861e-01
9.820000000000000284e+00 8.870049813040900011e-01
9.830000000000000071e+00 8.871734983276589048e-01
9.839999999999999858e+00 8.872955265739959074e-01
9.849999999999999645e+00 8.873715591069993858e-01
9.859999999999999432e+00 8.874021756559670182e-01
9.870000000000000995e+00 8.873880409077863352e-01
9.880000000000000782e+00 8.873299027544175877e-01
9.890000000000000568e+00 8.872285904957983860e-01
9.900000000000000355e+00 8.870850129966911801e-01
9.910000000000000142e+00 8.869001567944599929e-01
9.919999999999999929e+00 8.866750841532052840e-01
9.929999999999999716e+00 8.864109310584870061e-01
9.939999999999999503e+00 8.861089051455546262e-01
9.950000000000001066e+00 8.857702835531393593e-01
9.960000000000000853e+00 8.853964106939199441e-01
9.970000000000000639e+00 8.849886959322519342e-01
9.980000000000000426e+00 8.845486111593126033e-01
9.990000000000000213e+00 8.840776882555760885e-01
1.000000000000000000e+01 8.835775164306540752e-01
