0.000000000000000000e+00 0.000000000000000000e+00
1.000000000000000021e-02 8.223641864783592142e-08
2.000000000000000042e-02 1.315495385921649173e-06
2.999999999999999889e-02 6.652365136844705078e-06
4.000000000000000083e-02 2.099349033773890478e-05
5.000000000000000278e-02 5.115917572251873943e-05
5.999999999999999778e-02 1.058483880852760804e-04
7.000000000000000666e-02 1.955864905414236778e-04
8.000000000000000167e-02 3.326616018616461792e-04
8.999999999999999667e-02 5.310496795101929228e-04
1.000000000000000056e-01 8.063284203373101335e-04
1.100000000000000006e-01 1.175580052700554061e-03
1.199999999999999956e-01 1.657283067495885246e-03
1.300000000000000044e-01 2.271186151155931646e-03
1.400000000000000133e-01 3.038197541851547431e-03
1.499999999999999944e-01 3.980224411349064274e-03
1.600000000000000033e-01 5.120026493140647852e-03
1.700000000000000122e-01 6.481052342347741468e-03
1.799999999999999933e-01 8.087264450351770023e-03
1.900000000000000022e-01 9.962953284416896371e-03
2.000000000000000111e-01 1.213254043456898218e-02
2.099999999999999922e-01 1.462037119858720924e-02
2.200000000000000011e-01 1.745049712882933493e-02
2.300000000000000100e-01 2.064644930200460957e-02
2.399999999999999911e-01 2.423100335263810370e-02
2.500000000000000000e-01 2.822593762767228870e-02
2.600000000000000089e-01 3.265178616516742349e-02
2.700000000000000178e-01 3.752758856294211021e-02
2.800000000000000266e-01 4.287063916865127555e-02
2.899999999999999800e-01 4.869623837374004865e-02
2.999999999999999889e-01 5.501744910996357596e-02
3.099999999999999978e-01 6.184486190689710700e-02
3.200000000000000067e-01 6.918637204922714612e-02
3.300000000000000155e-01 7.704697245075339818e-02
3.400000000000000244e-01 8.542856581627192303e-02
3.500000000000000333e-01 9.432979947365452422e-02
3.599999999999999867e-01 1.037459259111470217e-01
3.699999999999999956e-01 1.136686915390455049e-01
3.800000000000000044e-01 1.240862555068201339e-01
3.900000000000000133e-01 1.349831395503633680e-01
4.000000000000000222e-01 1.463402088316799465e-01
4.100000000000000311e-01 1.581346825862602334e-01
4.199999999999999845e-01 1.703401721418788817e-01
4.299999999999999933e-01 1.829267425556319326e-01
4.400000000000000022e-01 1.958609927807037632e-01
4.500000000000000111e-01 2.091061479745687512e-01
4.600000000000000200e-01 2.226221563556245175e-01
4.700000000000000289e-01 2.363657819692632223e-01
4.799999999999999822e-01 2.502906839034526598e-01
4.899999999999999911e-01 2.643474719658825411e-01
5.000000000000000000e-01 2.784837286682970703e-01
5.100000000000000089e-01 2.926439876281676788e-01
5.200000000000000178e-01 3.067696592641349640e-01
5.300000000000000266e-01 3.207988960032829295e-01
5.400000000000000355e-01 3.346663912139300479e-01
5.500000000000000444e-01 3.483031088134311837e-01
5.600000000000000533e-01 3.616359440728912911e-01
5.700000000000000622e-01 3.745873206581143422e-01
5.799999999999999600e-01 3.870747345293912289e-01
5.899999999999999689e-01 3.990102621025460872e-01
5.999999999999999778e-01 4.103000581839942873e-01
6.099999999999999867e-01 4.208438787583378971e-01
6.199999999999999956e-01 4.305346748242348531e-01
6.300000000000000044e-01 4.392583161810145742e-01
6.400000000000000133e-01 4.468935183049296822e-01
6.500000000000000222e-01 4.533120610099176662e-01
6.600000000000000311e-01 4.583794040370735567e-01
6.700000000000000400e-01 4.619558213375510314e-01
6.800000000000000488e-01 4.638981914932289730e-01
6.900000000000000577e-01 4.640625948486398755e-01
7.000000000000000666e-01 4.623078762791156260e-01
7.099999999999999645e-01 4.585003331177972541e-01
7.199999999999999734e-01 4.525196767451888369e-01
7.299999999999999822e-01 4.442663888238869152e-01
7.399999999999999911e-01 4.336705431194011195e-01
7.500000000000000000e-01 4.207020828644114085e-01
7.600000000000000089e-01 4.053824308151207645e-01
7.700000000000000178e-01 3.877971380519242284e-01
7.800000000000000266e-01 3.681090608712302426e-01
7.900000000000000355e-01 3.465712771516664681e-01
8.000000000000000444e-01 3.235386114932647939e-01
8.100000000000000533e-01 2.994762513456027953e-01
8.200000000000000622e-01 2.749635323684208599e-01
8.300000000000000711e-01 2.506906100144999927e-01
8.399999999999999689e-01 2.274455102580912325e-01
8.499999999999999778e-01 2.060890981201975170e-01
8.599999999999999867e-01 1.875159805999716822e-01
8.699999999999999956e-01 1.726004366307008486e-01
8.800000000000000044e-01 1.621282599642943911e-01
8.900000000000000133e-01 1.567179114894240721e-01
9.000000000000000222e-01 1.567374041387156192e-01
9.100000000000000311e-01 1.622264215669825538e-01
9.200000000000000400e-01 1.728355754059791582e-01
9.300000000000000488e-01 1.877955613126241208e-01
9.400000000000000577e-01 2.059275052308628118e-01
9.500000000000000666e-01 2.257016610620512509e-01
9.599999999999999645e-01 2.453452528801356725e-01
9.699999999999999734e-01 2.629929217383460971e-01
9.799999999999999822e-01 2.768667584723288333e-01
9.899999999999999911e-01 2.854689508776442342e-01
1.000000000000000000e+00 2.877690785321553313e-01
1.010000000000000009e+00 2.833687928082473939e-01
1.020000000000000018e+00 2.726263509689840769e-01
1.030000000000000027e+00 2.567199312213261364e-01
1.040000000000000036e+00 2.376224228808248018e-01
1.050000000000000044e+00 2.179566799870463756e-01
1.060000000000000053e+00 2.007078890348446276e-01
1.070000000000000062e+00 1.887964433616393101e-01
1.080000000000000071e+00 1.845601620404403176e-01
1.090000000000000080e+00 1.892455303602643690e-01
1.100000000000000089e+00 2.026399148008409257e-01
1.110000000000000098e+00 2.229670073328232638e-01
1.120000000000000107e+00 2.471086331225930965e-01
1.130000000000000115e+00 2.711254580189853547e-01
1.140000000000000124e+00 2.909645674503209545e-01
1.150000000000000133e+00 3.031994563743663496e-01
1.159999999999999920e+00 3.056590781005379953e-01
1.169999999999999929e+00 2.978466660334245231e-01
1.179999999999999938e+00 2.810909842987562302e-01
1.189999999999999947e+00 2.583937127882320883e-01
1.199999999999999956e+00 2.339523057237831716e-01
1.209999999999999964e+00 2.123832300082988678e-01
1.219999999999999973e+00 1.977620493470850505e-01
1.229999999999999982e+00 1.927018122720137450e-01
1.239999999999999991e+00 1.977392174874506303e-01
1.250000000000000000e+00 2.112330990637548422e-01
1.260000000000000009e+00 2.298114836818573037e-01
1.270000000000000018e+00 2.492124718010780837e-01
1.280000000000000027e+00 2.652502345439912701e-01
1.290000000000000036e+00 2.746495266995163664e-01
1.300000000000000044e+00 2.755976315029597945e-01
1.310000000000000053e+00 2.679796837471392079e-01
1.320000000000000062e+00 2.533270831693421599e-01
1.330000000000000071e+00 2.345152419344708195e-01
1.340000000000000080e+00 2.152413793109160534e-01
1.350000000000000089e+00 1.993388272189060562e-01
1.360000000000000098e+00 1.900420553429766901e-01
1.370000000000000107e+00 1.893647468934905043e-01
1.380000000000000115e+00 1.977462841399119375e-01
1.390000000000000124e+00 2.140487477856463372e-01
1.400000000000000133e+00 2.358788474978408822e-01
1.409999999999999920e+00 2.601182021769746777e-01
1.419999999999999929e+00 2.835079398629424263e-01
1.429999999999999938e+00 3.031539266936758570e-01
1.439999999999999947e+00 3.168740134271051945e-01
1.449999999999999956e+00 3.233675946530095713e-01
1.459999999999999964e+00 3.222293275479636843e-01
1.469999999999999973e+00 3.138477459331800445e-01
1.479999999999999982e+00 2.992317617294645293e-01
1.489999999999999991e+00 2.798026731940818079e-01
1.500000000000000000e+00 2.571823839257214028e-01
1.510000000000000009e+00 2.330019599947465991e-01
1.520000000000000018e+00 2.087479363161871271e-01
1.530000000000000027e+00 1.856561901576388174e-01
1.540000000000000036e+00 1.646553942489086264e-01
1.550000000000000044e+00 1.463549173233355261e-01
1.560000000000000053e+00 1.310671221643960327e-01
1.570000000000000062e+00 1.188517872466927916e-01
1.580000000000000071e+00 1.095707183016061126e-01
1.590000000000000080e+00 1.029427567262116150e-01
1.600000000000000089e+00 9.859238308014404983e-02
1.610000000000000098e+00 9.608814044085615957e-02
1.620000000000000107e+00 9.496964802690921470e-02
1.630000000000000115e+00 9.476383763526714799e-02
1.640000000000000124e+00 9.499226059797999389e-02
1.650000000000000133e+00 9.517203038320837249e-02
1.660000000000000142e+00 9.481346660402845128e-02
1.669999999999999929e+00 9.341780016406395215e-02
1.679999999999999938e+00 9.047874766617930442e-02
1.689999999999999947e+00 8.549210259722608840e-02
1.699999999999999956e+00 7.797773299554001947e-02
1.709999999999999964e+00 6.751810610314773475e-02
1.719999999999999973e+00 5.381617158610663837e-02
1.729999999999999982e+00 3.677248793722470016e-02
1.739999999999999991e+00 1.657634413174404256e-02
1.750000000000000000e+00 -6.201705781649967039e-03
1.760000000000000009e+00 -3.053699932969268852e-02
1.770000000000000018e+00 -5.492597320739642935e-02
1.780000000000000027e+00 -7.744029281757223993e-02
1.790000000000000036e+00 -9.588491517588232371e-02
1.800000000000000044e+00 -1.080700461892042941e-01
1.810000000000000053e+00 -1.121850933719549387e-01
1.820000000000000062e+00 -1.072384652444842851e-01
1.830000000000000071e+00 -9.350038544880809321e-02
1.840000000000000080e+00 -7.284808084238847403e-02
1.850000000000000089e+00 -4.885627510466478834e-02
1.860000000000000098e+00 -2.642521074281711443e-02
1.870000000000000107e+00 -1.077673535326191534e-02
1.880000000000000115e+00 -5.882124128888256698e-03
1.890000000000000124e+00 -1.280515085322141491e-02
1.900000000000000133e+00 -2.879435254220112303e-02
1.910000000000000142e+00 -4.783645198073679938e-02
1.919999999999999929e+00 -6.266825419682164888e-02
1.929999999999999938e+00 -6.743657386915860585e-02
1.939999999999999947e+00 -6.000211956402149577e-02
1.949999999999999956e+00 -4.325276232003580357e-02
1.959999999999999964e+00 -2.486583329235436679e-02
1.969999999999999973e+00 -1.465158138405689946e-02
1.979999999999999982e+00 -1.945965061875383484e-02
1.989999999999999991e+00 -3.828651874629545454e-02
2.000000000000000000e+00 -6.173480476641178549e-02
2.010000000000000231e+00 -7.712081128081625658e-02
2.020000000000000018e+00 -7.582743440156790304e-02
2.030000000000000249e+00 -5.842703245603339535e-02
2.040000000000000036e+00 -3.516511208272315309e-02
2.049999999999999822e+00 -2.057333164752054785e-02
2.060000000000000053e+00 -2.352803797690390664e-02
2.069999999999999840e+00 -4.006381137540157567e-02
2.080000000000000071e+00 -5.648689159777676994e-02
2.089999999999999858e+00 -6.008953549709217939e-02
2.100000000000000089e+00 -4.808896075215961241e-02
2.109999999999999876e+00 -2.986670336511763196e-02
2.120000000000000107e+00 -2.121914412916283549e-02
2.129999999999999893e+00 -3.152198422762193808e-02
2.140000000000000124e+00 -5.407882176519858419e-02
2.149999999999999911e+00 -7.128679679027898064e-02
2.160000000000000142e+00 -6.968199877339086024e-02
2.169999999999999929e+00 -5.053160576545936283e-02
2.180000000000000160e+00 -2.914390143865462288e-02
2.189999999999999947e+00 -2.275389606342666932e-02
2.200000000000000178e+00 -3.489870182522664122e-02
2.209999999999999964e+00 -5.252882493583627133e-02
2.220000000000000195e+00 -5.920012130107260573e-02
2.229999999999999982e+00 -4.910172558005147792e-02
2.240000000000000213e+00 -3.117958658461997268e-02
2.250000000000000000e+00 -2.243540642767051507e-02
2.260000000000000231e+00 -3.292821272821629119e-02
2.270000000000000018e+00 -5.532504076069228588e-02
2.280000000000000249e+00 -7.159439008291272610e-02
2.290000000000000036e+00 -6.900779630619033322e-02
2.300000000000000266e+00 -4.969316556625789222e-02
2.310000000000000053e+00 -2.859664726465298290e-02
2.319999999999999840e+00 -2.170484391172648048e-02
2.330000000000000071e+00 -3.260637964483347612e-02
2.339999999999999858e+00 -5.036097692389419900e-02
2.350000000000000089e+00 -6.017264485029353432e-02
2.359999999999999876e+00 -5.473057517714251946e-02
2.370000000000000107e+00 -3.815020040979542199e-02
2.379999999999999893e+00 -2.288175604178849937e-02
2.390000000000000124e+00 -2.119504031030903721e-02
2.399999999999999911e+00 -3.593288531235883793e-02
2.410000000000000142e+00 -5.847348258875019467e-02
2.419999999999999929e+00 -7.550533245516995173e-02
2.430000000000000160e+00 -7.772449594742412982e-02
2.439999999999999947e+00 -6.427996002176981916e-02
2.450000000000000178e+00 -4.223611555128650719e-02
2.459999999999999964e+00 -2.251096570983592698e-02
2.470000000000000195e+00 -1.411583920665145618e-02
2.479999999999999982e+00 -1.970838300462909864e-02
2.490000000000000213e+00 -3.513054678145870191e-02
2.500000000000000000e+00 -5.261072141078909636e-02
2.510000000000000231e+00 -6.483812907996105990e-02
2.520000000000000018e+00 -6.754959282393038777e-02
2.530000000000000249e+00 -6.019654104007746143e-02
2.540000000000000036e+00 -4.537510177645860676e-02
2.550000000000000266e+00 -2.764311913999943290e-02
2.560000000000000053e+00 -1.205892977029340493e-02
2.569999999999999840e+00 -2.777539809236751703e-03
2.580000000000000071e+00 -2.103310752102085200e-03
2.589999999999999858e+00 -1.024273948476995058e-02
2.600000000000000089e+00 -2.569158081785826581e-02
2.609999999999999876e+00 -4.596117064878864344e-02
2.620000000000000107e+00 -6.831878815616757028e-02
2.629999999999999893e+00 -9.033387397761663551e-02
2.640000000000000124e+00 -1.101693487202828475e-01
2.649999999999999911e+00 -1.266575011963545772e-01
2.660000000000000142e+00 -1.392375487149210278e-01
2.669999999999999929e+00 -1.478274621410910206e-01
2.680000000000000160e+00 -1.526813696872391102e-01
2.689999999999999947e+00 -1.542620696313764528e-01
2.700000000000000178e+00 -1.531418260420798205e-01
2.709999999999999964e+00 -1.499343213889430260e-01
2.720000000000000195e+00 -1.452548828124896330e-01
2.729999999999999982e+00 -1.397033232698738636e-01
2.740000000000000213e+00 -1.338627287892150131e-01
2.750000000000000000e+00 -1.283074198704489965e-01
2.760000000000000231e+00 -1.236135392684948320e-01
2.770000000000000018e+00 -1.203659351438616937e-01
2.780000000000000249e+00 -1.191551231999464777e-01
2.790000000000000036e+00 -1.205582698876426495e-01
2.800000000000000266e+00 -1.250987225319025176e-01
2.810000000000000053e+00 -1.331802276943352681e-01
2.819999999999999840e+00 -1.449954342059796286e-01
2.830000000000000071e+00 -1.604145045093127719e-01
2.839999999999999858e+00 -1.788693840726328088e-01
2.850000000000000089e+00 -1.992625387209313870e-01
2.859999999999999876e+00 -2.199431180648817319e-01
2.870000000000000107e+00 -2.388024990061766162e-01
2.879999999999999893e+00 -2.535337524469878923e-01
2.890000000000000124e+00 -2.620636395538507024e-01
2.899999999999999911e+00 -2.630974635956211394e-01
2.910000000000000142e+00 -2.566342039314798429e-01
2.919999999999999929e+00 -2.442554022967343419e-01
2.930000000000000160e+00 -2.290156398782811631e-01
2.939999999999999947e+00 -2.148771723033011949e-01
2.950000000000000178e+00 -2.057817131556607393e-01
2.959999999999999964e+00 -2.045548559545192768e-01
2.970000000000000195e+00 -2.118767725253039025e-01
2.979999999999999982e+00 -2.256131789427403556e-01
2.990000000000000213e+00 -2.409277663260177560e-01
3.000000000000000000e+00 -2.515905656207331198e-01
3.010000000000000231e+00 -2.524181592627631754e-01
3.020000000000000018e+00 -2.418836457677675800e-01
3.030000000000000249e+00 -2.233683858669082978e-01
3.040000000000000036e+00 -2.040780715855489424e-01
3.050000000000000266e+00 -1.920297518997718389e-01
3.060000000000000053e+00 -1.925169253826653493e-01
3.070000000000000284e+00 -2.054936807899369333e-01
3.080000000000000071e+00 -2.250435323826604495e-01
3.089999999999999858e+00 -2.417900856871401383e-01
3.100000000000000089e+00 -2.477844924457685838e-01
3.109999999999999876e+00 -2.411340192151273654e-01
3.120000000000000107e+00 -2.270231011576240854e-01
3.129999999999999893e+00 -2.144284680344051564e-01
3.140000000000000124e+00 -2.109965920385261928e-01
3.149999999999999911e+00 -2.189288956318174162e-01
3.160000000000000142e+00 -2.334695146231868523e-01
3.169999999999999929e+00 -2.450929784881036577e-01
3.180000000000000160e+00 -2.452611409022654454e-01
3.189999999999999947e+00 -2.323615405164986270e-01
3.200000000000000178e+00 -2.130872747726005600e-01
3.209999999999999964e+00 -1.981816671254795770e-01
3.220000000000000195e+00 -1.959865250991964791e-01
3.229999999999999982e+00 -2.077443184365182494e-01
3.240000000000000213e+00 -2.267850375114022488e-01
3.250000000000000000e+00 -2.423062298307874507e-01
3.260000000000000231e+00 -2.460891157774861282e-01
3.270000000000000018e+00 -2.375594556460438600e-01
3.280000000000000249e+00 -2.234281857920006609e-01
3.290000000000000036e+00 -2.128958899060669763e-01
3.300000000000000266e+00 -2.123372211545406507e-01
3.310000000000000053e+00 -2.221282245307954206e-01
3.320000000000000284e+00 -2.364647754616811259e-01
3.330000000000000071e+00 -2.464532921279387057e-01
3.339999999999999858e+00 -2.453250126422287514e-01
3.350000000000000089e+00 -2.325157668895942997e-01
3.359999999999999876e+00 -2.137868010771554472e-01
3.370000000000000107e+00 -1.977550934744515820e-01
3.379999999999999893e+00 -1.915264287904357432e-01
3.390000000000000124e+00 -1.976889179799055929e-01
3.399999999999999911e+00 -2.134911965715042270e-01
3.410000000000000142e+00 -2.322549218921218239e-01
3.419999999999999929e+00 -2.464771923092769490e-01
3.430000000000000160e+00 -2.511794872768717823e-01
3.439999999999999947e+00 -2.457549578889769715e-01
3.450000000000000178e+00 -2.335579365164775767e-01
3.459999999999999964e+00 -2.199344440014029123e-01
3.470000000000000195e+00 -2.100089858944312604e-01
3.479999999999999982e+00 -2.071149843649519040e-01
3.490000000000000213e+00 -2.120754067091931705e-01
3.500000000000000000e+00 -2.232305675277330426e-01
3.510000000000000231e+00 -2.370958367995503469e-01
3.520000000000000018e+00 -2.494788511287031885e-01
3.530000000000000249e+00 -2.567241836595862692e-01
3.540000000000000036e+00 -2.566708615326074305e-01
3.550000000000000266e+00 -2.490382079566167972e-01
3.560000000000000053e+00 -2.352218413986005008e-01
3.570000000000000284e+00 -2.177054271572881616e-01
3.580000000000000071e+00 -1.993650664164552944e-01
3.589999999999999858e+00 -1.828790009069634903e-01
3.600000000000000089e+00 -1.703399840296634382e-01
3.609999999999999876e+00 -1.630742457071433227e-01
3.620000000000000107e+00 -1.616243388464637665e-01
3.629999999999999893e+00 -1.658429774612971974e-01
3.640000000000000124e+00 -1.750510319150686001e-01
3.649999999999999911e+00 -1.882218796157570373e-01
3.660000000000000142e+00 -2.041623975472197372e-01
3.669999999999999929e+00 -2.216687717333054031e-01
3.680000000000000160e+00 -2.396438846913938603e-01
3.689999999999999947e+00 -2.571717282511095104e-01
3.700000000000000178e+00 -2.735517915394649613e-01
3.709999999999999964e+00 -2.883012091740879690e-01
3.720000000000000195e+00 -3.011346754155542760e-01
3.729999999999999982e+00 -3.119318562257691330e-01
3.740000000000000213e+00 -3.207003120719301714e-01
3.750000000000000000e+00 -3.275396121086566192e-01
3.760000000000000231e+00 -3.326100433226660824e-01
3.770000000000000018e+00 -3.361074653785233179e-01
3.780000000000000249e+00 -3.382445557417855797e-01
3.790000000000000036e+00 -3.392378942644065920e-01
3.800000000000000266e+00 -3.392999410333820687e-01
3.810000000000000053e+00 -3.386348389636373857e-01
3.820000000000000284e+00 -3.374370122709145492e-01
3.830000000000000071e+00 -3.358916504184033536e-01
3.839999999999999858e+00 -3.341763094283952684e-01
3.850000000000000089e+00 -3.324629968510526834e-01
3.859999999999999876e+00 -3.309202184732520369e-01
3.870000000000000107e+00 -3.297145509077850090e-01
3.879999999999999893e+00 -3.290113689786121065e-01
3.890000000000000124e+00 -3.289744096462540734e-01
3.899999999999999911e+00 -3.297639075024633160e-01
3.910000000000000142e+00 -3.315331045747106353e-01
3.919999999999999929e+00 -3.344230331164741998e-01
3.930000000000000160e+00 -3.385556054623787281e-01
3.939999999999999947e+00 -3.440252254247858077e-01
3.950000000000000178e+00 -3.508893572484135803e-01
3.959999999999999964e+00 -3.591587342235498248e-01
3.970000000000000195e+00 -3.687881285476703463e-01
3.979999999999999982e+00 -3.796687925356256321e-01
3.990000000000000213e+00 -3.916237668270861061e-01
4.000000000000000000e+00 -4.044071845849616653e-01
4.009999999999999787e+00 -4.177084491460055782e-01
4.020000000000000462e+00 -4.311617243354913254e-01
4.030000000000000249e+00 -4.443606099898749218e-01
4.040000000000000036e+00 -4.568771127919825092e-01
4.049999999999999822e+00 -4.682836849884282060e-01
4.060000000000000497e+00 -4.781763235549718050e-01
4.070000000000000284e+00 -4.861968028338621295e-01
4.080000000000000071e+00 -4.920521627102915074e-01
4.089999999999999858e+00 -4.955300235696778466e-01
4.099999999999999645e+00 -4.965089235367650122e-01
4.110000000000000320e+00 -4.949635406982182961e-01
4.120000000000000107e+00 -4.909652156688608660e-01
4.129999999999999893e+00 -4.846785070521525407e-01
4.139999999999999680e+00 -4.763545472926823399e-01
4.150000000000000355e+00 -4.663217618519742702e-01
4.160000000000000142e+00 -4.549741894175449164e-01
4.169999999999999929e+00 -4.427573512098654795e-01
4.179999999999999716e+00 -4.301515052999385635e-01
4.190000000000000391e+00 -4.176522674433860161e-01
4.200000000000000178e+00 -4.057489747066587160e-01
4.209999999999999964e+00 -3.949017165269931851e-01
4.219999999999999751e+00 -3.855185067200150306e-01
4.230000000000000426e+00 -3.779344554515242649e-01
4.240000000000000213e+00 -3.723948960628759020e-01
4.250000000000000000e+00 -3.690441743165386312e-01
4.259999999999999787e+00 -3.679212484736085198e-01
4.270000000000000462e+00 -3.689624817934070711e-01
4.280000000000000249e+00 -3.720111810386898532e-01
4.290000000000000036e+00 -3.768326959694039968e-01
4.299999999999999822e+00 -3.831333657014351357e-01
4.310000000000000497e+00 -3.905813452697483590e-01
4.320000000000000284e+00 -3.988273771433323289e-01
4.330000000000000071e+00 -4.075238434076262628e-01
4.339999999999999858e+00 -4.163408665263871322e-01
4.350000000000000533e+00 -4.249787292006813044e-01
4.360000000000000320e+00 -4.331763779992195973e-01
4.370000000000000107e+00 -4.407161578734209995e-01
4.379999999999999893e+00 -4.474252966009008570e-01
4.389999999999999680e+00 -4.531747368322178171e-01
4.400000000000000355e+00 -4.578760449810218569e-01
4.410000000000000142e+00 -4.614770696506623748e-01
4.419999999999999929e+00 -4.639569382192501035e-01
4.429999999999999716e+00 -4.653208600381755211e-01
4.440000000000000391e+00 -4.655950773030415046e-01
4.450000000000000178e+00 -4.648221869954875518e-01
4.459999999999999964e+00 -4.630569593164894360e-01
4.469999999999999751e+00 -4.603627036138570050e-01
4.480000000000000426e+00 -4.568081813852895023e-01
4.490000000000000213e+00 -4.524650342369760936e-01
4.500000000000000000e+00 -4.474056782047867165e-01
4.509999999999999787e+00 -4.417016100008517854e-01
4.520000000000000462e+00 -4.354220715114587303e-01
4.530000000000000249e+00 -4.286330231229982246e-01
4.540000000000000036e+00 -4.213963820277116801e-01
4.549999999999999822e+00 -4.137694870512664824e-01
4.560000000000000497e+00 -4.058047580730523851e-01
4.570000000000000284e+00 -3.975495167890734094e-01
4.580000000000000071e+00 -3.890459481630904048e-01
4.589999999999999858e+00 -3.803311754440658610e-01
4.600000000000000533e+00 -3.714374285091389116e-01
4.610000000000000320e+00 -3.623922861481470026e-01
4.620000000000000107e+00 -3.532189747583883155e-01
4.629999999999999893e+00 -3.439367077110543902e-01
4.639999999999999680e+00 -3.345610514462758478e-01
4.650000000000000355e+00 -3.251043061482798979e-01
4.660000000000000142e+00 -3.155758906210652248e-01
4.669999999999999929e+00 -3.059827226942973821e-01
4.679999999999999716e+00 -2.963295881044192281e-01
4.690000000000000391e+00 -2.866194922880741514e-01
4.700000000000000178e+00 -2.768539908731551535e-01
4.709999999999999964e+00 -2.670334958453844942e-01
4.719999999999999751e+00 -2.571575554023403654e-01
4.730000000000000426e+00 -2.472251063861358733e-01
4.740000000000000213e+00 -2.372346989198989009e-01
4.750000000000000000e+00 -2.271846934743171065e-01
4.759999999999999787e+00 -2.170734310732614081e-01
4.770000000000000462e+00 -2.068993777265108747e-01
4.780000000000000249e+00 -1.966612444671576865e-01
4.790000000000000036e+00 -1.863580845842061351e-01
4.799999999999999822e+00 -1.759893697887072450e-01
4.810000000000000497e+00 -1.655550471441245286e-01
4.820000000000000284e+00 -1.550555786368487399e-01
4.830000000000000071e+00 -1.444919652676263933e-01
4.839999999999999858e+00 -1.338657575150286883e-01
4.850000000000000533e+00 -1.231790539628133119e-01
4.860000000000000320e+00 -1.124344897986716135e-01
4.870000000000000107e+00 -1.016352167864088968e-01
4.879999999999999893e+00 -9.078487619114831986e-02
4.889999999999999680e+00 -7.988756600148884390e-02
4.900000000000000355e+00 -6.894780364777922110e-02
4.910000000000000142e+00 -5.797048526573948812e-02
4.919999999999999929e+00 -4.696084240362005668e-02
4.929999999999999716e+00 -3.592439692300819498e-02
4.940000000000000391e+00 -2.486691470203947901e-02
4.950000000000000178e+00 -1.379435861894406576e-02
4.959999999999999964e+00 -2.712841176797542442e-03
4.969999999999999751e+00 8.371422969888653656e-03
4.980000000000000426e+00 1.945216440718272599e-02
4.990000000000000213e+00 3.052310615270675126e-02
5.000000000000000000e+00 4.157801056349852420e-02
5.009999999999999787e+00 5.261072074558627298e-02
5.020000000000000462e+00 6.361514451378211255e-02
5.030000000000000249e+00 7.458521566910561451e-02
5.040000000000000036e+00 8.551489270593953806e-02
5.049999999999999822e+00 9.639816261892156235e-02
5.060000000000000497e+00 1.072290445749770754e-01
5.070000000000000284e+00 1.180015935341997557e-01
5.080000000000000071e+00 1.287099038424878161e-01
5.089999999999999858e+00 1.393481127941480768e-01
5.100000000000000533e+00 1.499104041623322003e-01
5.110000000000000320e+00 1.603910116952599607e-01
5.120000000000000107e+00 1.707842225762459532e-01
5.129999999999999893e+00 1.810843808455481763e-01
5.139999999999999680e+00 1.912858907821121945e-01
5.150000000000000355e+00 2.013832202433039342e-01
5.160000000000000142e+00 2.113709039607524487e-01
5.169999999999999929e+00 2.212435467904796671e-01
5.179999999999999716e+00 2.309958269154905597e-01
5.190000000000000391e+00 2.406224989990687346e-01
5.200000000000000178e+00 2.501183972870323347e-01
5.209999999999999964e+00 2.594784386572619450e-01
5.219999999999999751e+00 2.686976256148210229e-01
5.230000000000000426e+00 2.777710492310573320e-01
5.240000000000000213e+00 2.866938920250838296e-01
5.250000000000000000e+00 2.954614307861048172e-01
5.259999999999999787e+00 3.040690393350549692e-01
5.270000000000000462e+00 3.125121912240955702e-01
5.280000000000000249e+00 3.207864623725221742e-01
5.290000000000000036e+00 3.288875336377028447e-01
5.299999999999999822e+00 3.368111933196805685e-01
5.310000000000000497e+00 3.445533395981384972e-01
5.320000000000000284e+00 3.521099829004462056e-01
5.330000000000000071e+00 3.594772481995749391e-01
5.339999999999999858e+00 3.666513772406719829e-01
5.350000000000000533e+00 3.736287306951663334e-01
5.360000000000000320e+00 3.804057902412910641e-01
5.370000000000000107e+00 3.869791605699728909e-01
5.379999999999999893e+00 3.933455713150589284e-01
5.389999999999999680e+00 3.995018789069150755e-01
5.400000000000000355e+00 4.054450683484618900e-01
5.410000000000000142e+00 4.111722549127568849e-01
5.419999999999999929e+00 4.166806857612894710e-01
5.429999999999999716e+00 4.219677414821731976e-01
5.440000000000000391e+00 4.270309375474924951e-01
5.450000000000000178e+00 4.318679256890822771e-01
5.459999999999999964e+00 4.364764951920800939e-01
5.469999999999999751e+00 4.408545741056194567e-01
5.480000000000000426e+00 4.450002303700923978e-01
5.490000000000000213e+00 4.489116728604362061e-01
5.500000000000000000e+00 4.525872523449686047e-01
5.509999999999999787e+00 4.560254623593097412e-01
5.520000000000000462e+00 4.592249399950005251e-01
5.530000000000000249e+00 4.621844666024552684e-01
5.540000000000000036e+00 4.649029684079397651e-01
5.549999999999999822e+00 4.673795170443027502e-01
5.560000000000000497e+00 4.696133299952447437e-01
5.570000000000000284e+00 4.716037709529372068e-01
5.580000000000000071e+00 4.733503500888692761e-01
5.589999999999999858e+00 4.748527242378210445e-01
5.600000000000000533e+00 4.761106969949289169e-01
5.610000000000000320e+00 4.771242187258371015e-01
5.620000000000000107e+00 4.778933864899821415e-01
5.629999999999999893e+00 4.784184438770976433e-01
5.639999999999999680e+00 4.786997807570745889e-01
5.650000000000000355e+00 4.787379329433513186e-01
5.660000000000000142e+00 4.785335817700576699e-01
5.669999999999999929e+00 4.780875535831756173e-01
5.679999999999999716e+00 4.774008191460302752e-01
5.690000000000000391e+00 4.764744929594564860e-01
5.700000000000000178e+00 4.753098324970480570e-01
5.709999999999999964e+00 4.739082373559199701e-01
5.719999999999999751e+00 4.722712483234743353e-01
5.730000000000000426e+00 4.704005463606931725e-01
5.740000000000000213e+00 4.682979515025296746e-01
5.750000000000000000e+00 4.659654216760104051e-01
5.759999999999999787e+00 4.634050514367025198e-01
5.770000000000000462e+00 4.606190706242471733e-01
5.780000000000000249e+00 4.576098429376975196e-01
5.790000000000000036e+00 4.543798644314419599e-01
5.799999999999999822e+00 4.509317619325416970e-01
5.810000000000000497e+00 4.472682913803443516e-01
5.820000000000000284e+00 4.433923360892838561e-01
5.830000000000000071e+00 4.393069049358118705e-01
5.839999999999999858e+00 4.350151304704537036e-01
5.850000000000000533e+00 4.305202669560153073e-01
5.860000000000000320e+00 4.258256883330166498e-01
5.870000000000000107e+00 4.209348861134513120e-01
5.879999999999999893e+00 4.158514672040339311e-01
5.889999999999999680e+00 4.105791516601167146e-01
5.900000000000000355e+00 4.051217703715040419e-01
5.910000000000000142e+00 3.994832626814350252e-01
5.919999999999999929e+00 3.936676739400305491e-01
5.929999999999999716e+00 3.876791529935557645e-01
5.940000000000000391e+00 3.815219496108708253e-01
5.950000000000000178e+00 3.752004118484919548e-01
5.959999999999999964e+00 3.687189833557047436e-01
5.969999999999999751e+00 3.620822006212318644e-01
5.980000000000000426e+00 3.552946901629673304e-01
5.990000000000000213e+00 3.483611656623445962e-01
6.000000000000000000e+00 3.412864250449204606e-01
6.009999999999999787e+00 3.340753475088139579e-01
6.020000000000000462e+00 3.267328905026497532e-01
6.030000000000000249e+00 3.192640866547055700e-01
6.040000000000000036e+00 3.116740406549777798e-01
6.049999999999999822e+00 3.039679260919315729e-01
6.060000000000000497e+00 2.961509822457124019e-01
6.070000000000000284e+00 2.882285108396409612e-01
6.080000000000000071e+00 2.802058727518242365e-01
6.089999999999999858e+00 2.720884846887696162e-01
6.100000000000000533e+00 2.638818158228894428e-01
6.110000000000000320e+00 2.555913843958305676e-01
6.120000000000000107e+00 2.472227542895692465e-01
6.129999999999999893e+00 2.387815315672611460e-01
6.140000000000000568e+00 2.302733609858350350e-01
6.150000000000000355e+00 2.217039224823618981e-01
6.160000000000000142e+00 2.130789276362308193e-01
6.169999999999999929e+00 2.044041161092138292e-01
6.179999999999999716e+00 1.956852520654908389e-01
6.190000000000000391e+00 1.869281205737451657e-01
6.200000000000000178e+00 1.781385239934526743e-01
6.209999999999999964e+00 1.693222783474931381e-01
6.219999999999999751e+00 1.604852096832520836e-01
6.230000000000000426e+00 1.516331504243698114e-01
6.240000000000000213e+00 1.427719357153292012e-01
6.250000000000000000e+00 1.339073997610628064e-01
6.259999999999999787e+00 1.250453721638023485e-01
6.270000000000000462e+00 1.161916742593714913e-01
6.280000000000000249e+00 1.073521154551569934e-01
6.290000000000000036e+00 9.853248957197696667e-02
6.299999999999999822e+00 8.973857119209924238e-02
6.310000000000000497e+00 8.097611201564149097e-02
6.320000000000000284e+00 7.225083722760942961e-02
6.330000000000000071e+00 6.356844187780769095e-02
6.339999999999999858e+00 5.493458727589168450e-02
6.350000000000000533e+00 4.635489740379653001e-02
6.360000000000000320e+00 3.783495534779922342e-02
6.370000000000000107e+00 2.938029975244896286e-02
6.379999999999999893e+00 2.099642129861808287e-02
6.390000000000000568e+00 1.268875920789701989e-02
6.400000000000000355e+00 4.462697775568041925e-03
6.410000000000000142e+00 -3.676437065638603341e-03
6.419999999999999929e+00 -1.172338114878238025e-02
6.429999999999999716e+00 -1.967293544076419154e-02
6.440000000000000391e+00 -2.751996937300554835e-02
6.450000000000000178e+00 -3.525942413258927738e-02
6.459999999999999964e+00 -4.288631591172047813e-02
6.469999999999999751e+00 -5.039573911336867745e-02
6.480000000000000426e+00 -5.778286951098739882e-02
6.490000000000000213e+00 -6.504296736021761283e-02
6.500000000000000000e+00 -7.217138046051939371e-02
6.509999999999999787e+00 -7.916354716467613462e-02
6.520000000000000462e+00 -8.601499933416714705e-02
6.530000000000000249e+00 -9.272136523841384426e-02
6.540000000000000036e+00 -9.927837239594899943e-02
6.549999999999999822e+00 -1.056818503555700117e-01
6.560000000000000497e+00 -1.119277334155884124e-01
6.570000000000000284e+00 -1.180120632793054958e-01
6.580000000000000071e+00 -1.239309916448963766e-01
6.589999999999999858e+00 -1.296807827278976533e-01
6.600000000000000533e+00 -1.352578157145556403e-01
6.610000000000000320e+00 -1.406585871443124247e-01
6.620000000000000107e+00 -1.458797132197652280e-01
6.629999999999999893e+00 -1.509179320424572368e-01
6.640000000000000568e+00 -1.557701057729184713e-01
6.650000000000000355e+00 -1.604332227134073752e-01
6.660000000000000142e+00 -1.649043993118655127e-01
6.669999999999999929e+00 -1.691808820856221807e-01
6.679999999999999716e+00 -1.732600494634572441e-01
6.690000000000000391e+00 -1.771394135446687224e-01
6.700000000000000178e+00 -1.808166217738408355e-01
6.709999999999999964e+00 -1.842894585300725030e-01
6.719999999999999751e+00 -1.875558466294644233e-01
6.730000000000000426e+00 -1.906138487397286141e-01
6.740000000000000213e+00 -1.934616687058363649e-01
6.750000000000000000e+00 -1.960976527856798102e-01
6.759999999999999787e+00 -1.985202907947720696e-01
6.770000000000000462e+00 -2.007282171590804853e-01
6.780000000000000249e+00 -2.027202118751407767e-01
6.790000000000000036e+00 -2.044952013766621335e-01
6.799999999999999822e+00 -2.060522593068928321e-01
6.810000000000000497e+00 -2.073906071960830433e-01
6.820000000000000284e+00 -2.085096150434367912e-01
6.830000000000000071e+00 -2.094088018030201004e-01
6.839999999999999858e+00 -2.100878357731410240e-01
6.850000000000000533e+00 -2.105465348887990140e-01
6.860000000000000320e+00 -2.107848669168532196e-01
6.870000000000000107e+00 -2.108029495536336839e-01
6.879999999999999893e+00 -2.106010504247809167e-01
6.890000000000000568e+00 -2.101795869871695421e-01
6.900000000000000355e+00 -2.095391263328364173e-01
6.910000000000000142e+00 -2.086803848949024820e-01
6.919999999999999929e+00 -2.076042280555451813e-01
6.929999999999999716e+00 -2.063116696561453911e-01
6.940000000000000391e+00 -2.048038714098019131e-01
6.950000000000000178e+00 -2.030821422164741652e-01
6.959999999999999964e+00 -2.011479373810805826e-01
6.969999999999999751e+00 -1.990028577349514660e-01
6.980000000000000426e+00 -1.966486486610989348e-01
6.990000000000000213e+00 -1.940871990238380307e-01
7.000000000000000000e+00 -1.913205400033568537e-01
7.009999999999999787e+00 -1.883508438359054182e-01
7.020000000000000462e+00 -1.851804224603352811e-01
7.030000000000000249e+00 -1.818117260717928563e-01
7.040000000000000036e+00 -1.782473415834287533e-01
7.049999999999999822e+00 -1.744899909970614449e-01
7.060000000000000497e+00 -1.705425296837875249e-01
7.070000000000000284e+00 -1.664079445756042608e-01
7.080000000000000071e+00 -1.620893522691640720e-01
7.089999999999999858e+00 -1.575899970428566166e-01
7.100000000000000533e+00 -1.529132487884625191e-01
7.110000000000000320e+00 -1.480626008586962972e-01
7.120000000000000107e+00 -1.430416678320032831e-01
7.129999999999999893e+00 -1.378541831960505004e-01
7.140000000000000568e+00 -1.325039969513958360e-01
7.150000000000000355e+00 -1.269950731368878205e-01
7.160000000000000142e+00 -1.213314872783921722e-01
7.169999999999999929e+00 -1.155174237625146150e-01
7.179999999999999716e+00 -1.095571731370252877e-01
7.190000000000000391e+00 -1.034551293397531491e-01
7.200000000000000178e+00 -9.721578685777002016e-02
7.209999999999999964e+00 -9.084373781872415177e-02
7.219999999999999751e+00 -8.434366901624945623e-02
7.230000000000000426e+00 -7.772035887140514576e-02
7.240000000000000213e+00 -7.097867433216280275e-02
7.250000000000000000e+00 -6.412356771298215186e-02
7.259999999999999787e+00 -5.716007347658676185e-02
7.270000000000000462e+00 -5.009330496006536571e-02
7.280000000000000249e+00 -4.292845104748290591e-02
7.290000000000000036e+00 -3.567077279120748484e-02
7.299999999999999822e+00 -2.832559998421485190e-02
7.310000000000000497e+00 -2.089832768564677673e-02
7.320000000000000284e+00 -1.339441270194908357e-02
7.330000000000000071e+00 -5.819370025926156112e-03
7.339999999999999858e+00 1.821230763894015822e-03
7.350000000000000533e+00 9.521769141191873537e-03
7.360000000000000320e+00 1.727657730464579947e-02
7.370000000000000107e+00 2.507994388313421197e-02
7.379999999999999893e+00 3.292611767086297409e-02
7.390000000000000568e+00 4.080931138993061646e-02
7.400000000000000355e+00 4.872370547780957573e-02
7.410000000000000142e+00 5.666345189722657438e-02
7.419999999999999929e+00 6.462267796588069824e-02
7.429999999999999716e+00 7.259549020345559822e-02
7.440000000000000391e+00 8.057597819335463041e-02
7.450000000000000178e+00 8.855821845658107261e-02
7.459999999999999964e+00 9.653627833519107249e-02
7.469999999999999751e+00 1.045042198827202673e-01
7.480000000000000426e+00 1.124561037590071644e-01
7.490000000000000213e+00 1.203859931268122796e-01
7.500000000000000000e+00 1.282879575476612855e-01
7.509999999999999787e+00 1.361560768743078353e-01
7.520000000000000462e+00 1.439844451372498946e-01
7.530000000000000249e+00 1.517671744227181430e-01
7.540000000000000036e+00 1.594983987395810765e-01
7.549999999999999822e+00 1.671722778726021374e-01
7.560000000000000497e+00 1.747830012195156490e-01
7.570000000000000284e+00 1.823247916093869714e-01
7.580000000000000071e+00 1.897919090997604030e-01
7.589999999999999858e+00 1.971786547500822273e-01
7.600000000000000533e+00 2.044793743689406751e-01
7.610000000000000320e+00 2.116884622326634102e-01
7.620000000000000107e+00 2.188003647728507528e-01
7.629999999999999893e+00 2.258095842304321255e-01
7.640000000000000568e+00 2.327106822738769787e-01
7.650000000000000355e+00 2.394982835792023312e-01
7.660000000000000142e+00 2.461670793694722414e-01
7.669999999999999929e+00 2.527118309114844696e-01
7.679999999999999716e+00 2.591273729674012372e-01
7.690000000000000391e+00 2.654086171991009713e-01
7.700000000000000178e+00 2.715505555230640633e-01
7.709999999999999964e+00 2.775482634136516857e-01
7.719999999999999751e+00 2.833969031526620830e-01
7.730000000000000426e+00 2.890917270231034286e-01
7.740000000000000213e+00 2.946280804451478219e-01
7.750000000000000000e+00 3.000014050522958331e-01
7.759999999999999787e+00 3.052072417057967169e-01
7.770000000000000462e+00 3.102412334454383025e-01
7.780000000000000249e+00 3.150991283748550975e-01
7.790000000000000036e+00 3.197767824795542113e-01
7.799999999999999822e+00 3.242701623759036700e-01
7.810000000000000497e+00 3.285753479893819828e-01
7.820000000000000284e+00 3.326885351604298435e-01
7.830000000000000071e+00 3.366060381763131826e-01
7.839999999999999858e+00 3.403242922274316018e-01
7.850000000000000533e+00 3.438398557865877669e-01
7.860000000000000320e+00 3.471494129097662529e-01
7.870000000000000107e+00 3.502497754570364497e-01
7.879999999999999893e+00 3.531378852322434869e-01
7.890000000000000568e+00 3.558108160402074227e-01
7.900000000000000355e+00 3.582657756602091181e-01
7.910000000000000142e+00 3.605001077346010607e-01
7.919999999999999929e+00 3.625112935714253637e-01
7.930000000000000604e+00 3.642969538599980517e-01
7.940000000000000391e+00 3.658548502984602102e-01
7.950000000000000178e+00 3.671828871323666310e-01
7.959999999999999964e+00 3.682791126034330453e-01
7.969999999999999751e+00 3.691417203076270415e-01
7.980000000000000426e+00 3.697690504618479923e-01
7.990000000000000213e+00 3.701595910784920562e-01
8.000000000000000000e+00 3.703119790472734763e-01
8.009999999999999787e+00 3.702250011237142036e-01
8.019999999999999574e+00 3.698975948237899214e-01
8.029999999999999361e+00 3.693288492242736143e-01
8.040000000000000924e+00 3.685180056683663996e-01
8.050000000000000711e+00 3.674644583762961547e-01
8.060000000000000497e+00 3.661677549605840132e-01
8.070000000000000284e+00 3.646275968457650674e-01
8.080000000000000071e+00 3.628438395924096782e-01
8.089999999999999858e+00 3.608164931253238228e-01
8.099999999999999645e+00 3.585457218659056089e-01
8.109999999999999432e+00 3.560318447686507959e-01
8.120000000000000995e+00 3.532753352618981380e-01
8.130000000000000782e+00 3.502768210929292358e-01
8.140000000000000568e+00 3.470370840776147991e-01
8.150000000000000355e+00 3.435570597548575078e-01
8.160000000000000142e+00 3.398378369461137471e-01
8.169999999999999929e+00 3.358806572203721363e-01
8.179999999999999716e+00 3.316869142649752633e-01
8.189999999999999503e+00 3.272581531627729579e-01
8.199999999999999289e+00 3.225960695761044272e-01
8.210000000000000853e+00 3.177025088382022799e-01
8.220000000000000639e+00 3.125794649526308921e-01
8.230000000000000426e+00 3.072290795014346876e-01
8.240000000000000213e+00 3.016536404627450096e-01
8.250000000000000000e+00 2.958555809385984836e-01
8.259999999999999787e+00 2.898374777938234059e-01
8.269999999999999574e+00 2.836020502068525295e-01
8.279999999999999361e+00 2.771521581334077111e-01
8.290000000000000924e+00 2.704908006840182066e-01
8.300000000000000711e+00 2.636211144164133380e-01
8.310000000000000497e+00 2.565463715438357495e-01
8.320000000000000284e+00 2.492699780604147874e-01
8.330000000000000071e+00 2.417954717847457247e-01
8.339999999999999858e+00 2.341265203228792557e-01
8.349999999999999645e+00 2.262669189519757595e-01
8.359999999999999432e+00 2.182205884259018069e-01
8.370000000000000995e+00 2.099915727041089530e-01
8.380000000000000782e+00 2.015840366051650789e-01
8.390000000000000568e+00 1.930022633863298365e-01
8.400000000000000355e+00 1.842506522506523470e-01
8.410000000000000142e+00 1.753337157830518189e-01
8.419999999999999929e+00 1.662560773169152184e-01
8.429999999999999716e+00 1.570224682327671373e-01
8.439999999999999503e+00 1.476377251906052790e-01
8.449999999999999289e+00 1.381067872975271504e-01
8.460000000000000853e+00 1.284346932123070217e-01
8.470000000000000639e+00 1.186265781886252368e-01
8.480000000000000426e+00 1.086876710586441447e-01
8.490000000000000213e+00 9.862329115872049690e-02
8.500000000000000000e+00 8.843884519900803431e-02
8.509999999999999787e+00 7.813982407877004266e-02
8.519999999999999574e+00 6.773179964923950469e-02
8.529999999999999361e+00 5.722042142588502911e-02
8.540000000000000924e+00 4.661141325197455665e-02
8.550000000000000711e+00 3.591056991535576670e-02
8.560000000000000497e+00 2.512375372036292423e-02
8.570000000000000284e+00 1.425689101684783633e-02
8.580000000000000071e+00 3.315968688281406129e-03
8.589999999999999858e+00 -7.692969399055605423e-03
8.599999999999999645e+00 -1.876382598378330269e-02
8.609999999999999432e+00 -2.989045403198518566e-02
8.620000000000000995e+00 -4.106666039258088929e-02
8.630000000000000782e+00 -5.228620948341167196e-02
8.640000000000000568e+00 -6.354282700598812283e-02
8.650000000000000355e+00 -7.483020368675431799e-02
8.660000000000000142e+00 -8.614199904277450304e-02
8.669999999999999929e+00 -9.747184516971033053e-02
8.679999999999999716e+00 -1.088133505499337822e-01
8.689999999999999503e+00 -1.201601038786370007e-01
8.700000000000001066e+00 -1.315056779057580949e-01
8.710000000000000853e+00 -1.428436332915553331e-01
8.720000000000000639e+00 -1.541675224736648586e-01
8.730000000000000426e+00 -1.654708935434139605e-01
8.740000000000000213e+00 -1.767472941292322908e-01
8.750000000000000000e+00 -1.879902752849328951e-01
8.759999999999999787e+00 -1.991933953806755420e-01
8.769999999999999574e+00 -2.103502239943849661e-01
8.779999999999999361e+00 -2.214543458014298360e-01
8.790000000000000924e+00 -2.324993644603325360e-01
8.800000000000000711e+00 -2.434789064922985302e-01
8.810000000000000497e+00 -2.543866251523710931e-01
8.820000000000000284e+00 -2.652162042899582350e-01
8.830000000000000071e+00 -2.759613621965602004e-01
8.839999999999999858e+00 -2.866158554384617418e-01
8.849999999999999645e+00 -2.971734826722061129e-01
8.859999999999999432e+00 -3.076280884406310534e-01
8.870000000000000995e+00 -3.179735669472975035e-01
8.880000000000000782e+00 -3.282038658070933201e-01
8.890000000000000568e+00 -3.383129897708769263e-01
8.900000000000000355e+00 -3.482950044219512709e-01
8.910000000000000142e+00 -3.581440398422262583e-01
8.919999999999999929e+00 -3.678542942459307463e-01
8.929999999999999716e+00 -3.774200375787149508e-01
8.939999999999999503e+00 -3.868356150800452697e-01
8.950000000000001066e+00 -3.960954508067581759e-01
8.960000000000000853e+00 -4.051940511156909563e-01
8.970000000000000639e+00 -4.141260081033203422e-01
8.980000000000000426e+00 -4.228860030003154247e-01
8.990000000000000213e+00 -4.314688095189981309e-01
9.000000000000000000e+00 -4.398692971516523498e-01
9.009999999999999787e+00 -4.480824344177062879e-01
9.019999999999999574e+00 -4.561032920577753336e-01
9.029999999999999361e+00 -4.639270461726291428e-01
9.040000000000000924e+00 -4.715489813051181867e-01
9.050000000000000711e+00 -4.789644934631628326e-01
9.060000000000000497e+00 -4.861690930819143053e-01
9.070000000000000284e+00 -4.931584079232009810e-01
9.080000000000000071e+00 -4.999281859104552361e-01
9.089999999999999858e+00 -5.064742978972822662e-01
9.099999999999999645e+00 -5.127927403679150009e-01
9.109999999999999432e+00 -5.188796380677848097e-01
9.120000000000000995e+00 -5.247312465625106892e-01
9.130000000000000782e+00 -5.303439547235976326e-01
9.140000000000000568e+00 -5.357142871392195360e-01
9.150000000000000355e+00 -5.408389064484461217e-01
9.160000000000000142e+00 -5.457146155973390256e-01
9.169999999999999929e+00 -5.503383600153827215e-01
9.179999999999999716e+00 -5.547072297107209504e-01
9.189999999999999503e+00 -5.588184612827556963e-01
9.200000000000001066e+00 -5.626694398506549843e-01
9.210000000000000853e+00 -5.662577008963999292e-01
9.220000000000000639e+00 -5.695809320210196702e-01
9.230000000000000426e+00 -5.726369746127006888e-01
9.240000000000000213e+00 -5.754238254255314988e-01
9.250000000000000000e+00 -5.779396380676442568e-01
9.259999999999999787e+00 -5.801827243976136472e-01
9.269999999999999574e+00 -5.821515558279580782e-01
9.279999999999999361e+00 -5.838447645347057957e-01
9.290000000000000924e+00 -5.852611445719684280e-01
9.300000000000000711e+00 -5.863996528905724981e-01
9.310000000000000497e+00 -5.872594102598152066e-01
9.320000000000000284e+00 -5.878397020914658544e-01
9.330000000000000071e+00 -5.881399791652137665e-01
9.339999999999999858e+00 -5.881598582547713505e-01
9.349999999999999645e+00 -5.878991226539489467e-01
9.359999999999999432e+00 -5.873577226020203490e-01
9.370000000000000995e+00 -5.865357756078026785e-01
9.380000000000000782e+00 -5.854335666718889497e-01
9.390000000000000568e+00 -5.840515484065614826e-01
9.400000000000000355e+00 -5.823903410529598368e-01
9.410000000000000142e+00 -5.804507323951269004e-01
9.419999999999999929e+00 -5.782336775706412579e-01
9.429999999999999716e+00 -5.757402987775757097e-01
9.439999999999999503e+00 -5.729718848776151896e-01
9.450000000000001066e+00 -5.699298908951895282e-01
9.460000000000000853e+00 -5.666159374125897541e-01
9.470000000000000639e+00 -5.630318098610450628e-01
9.480000000000000426e+00 -5.591794577078446071e-01
9.490000000000000213e+00 -5.550609935396374484e-01
9.500000000000000000e+00 -5.506786920420952969e-01
9.509999999999999787e+00 -5.460349888762137116e-01
9.519999999999999574e+00 -5.411324794515700587e-01
9.529999999999999361e+00 -5.359739175969437941e-01
9.540000000000000924e+00 -5.305622141287403837e-01
9.550000000000000711e+00 -5.249004353177745275e-01
9.560000000000000497e+00 -5.189918012549732396e-01
9.570000000000000284e+00 -5.128396841166882325e-01
9.580000000000000071e+00 -5.064476063303323672e-01
9.589999999999999858e+00 -4.998192386411329236e-01
9.599999999999999645e+00 -4.929583980808776578e-01
9.609999999999999432e+00 -4.858690458395664158e-01
9.620000000000000995e+00 -4.785552850409828252e-01
9.630000000000000782e+00 -4.710213584232408879e-01
9.640000000000000568e+00 -4.632716459254325736e-01
9.650000000000000355e+00 -4.553106621815931621e-01
9.660000000000000142e+00 -4.471430539232286172e-01
9.669999999999999929e+00 -4.387735972917501392e-01
9.679999999999999716e+00 -4.302071950622011753e-01
9.689999999999999503e+00 -4.214488737797488227e-01
9.700000000000001066e+00 -4.125037808104541348e-01
9.710000000000000853e+00 -4.033771813079278790e-01
9.720000000000000639e+00 -3.940744550974996652e-01
9.730000000000000426e+00 -3.846010934796443292e-01
9.740000000000000213e+00 -3.749626959544274940e-01
9.750000000000000000e+00 -3.651649668688124462e-01
9.759999999999999787e+00 -3.552137119887311956e-01
9.769999999999999574e+00 -3.451148349978763741e-01
9.779999999999999361e+00 -3.348743339252351348e-01
9.790000000000000924e+00 -3.244982975034359507e-01
9.800000000000000711e+00 -3.139929014600549295e-01
9.810000000000000497e+00 -3.033644047440414715e-01
9.820000000000000284e+00 -2.926191456895413379e-01
9.830000000000000071e+00 -2.817635381193900890e-01
9.839999999999999858e+00 -2.708040673906322304e-01
9.849999999999999645e+00 -2.597472863844672575e-01
9.859999999999999432e+00 -2.485998114430700567e-01
9.870000000000000995e+00 -2.373683182557820848e-01
9.880000000000000782e+00 -2.260595376972298065e-01
9.890000000000000568e+00 -2.146802516199292910e-01
9.900000000000000355e+00 -2.032372886040516857e-01
9.910000000000000142e+00 -1.917375196669939830e-01
9.919999999999999929e+00 -1.801878539354832276e-01
9.929999999999999716e+00 -1.685952342829668826e-01
9.939999999999999503e+00 -1.569666329350803413e-01
9.950000000000001066e+00 -1.453090470460166872e-01
9.960000000000000853e+00 -1.336294942486683235e-01
9.970000000000000639e+00 -1.219350081814027098e-01
9.980000000000000426e+00 -1.102326339944312006e-01
9.990000000000000213e+00 -9.852942383868645848e-02
1.000000000000000000e+01 -8.683243234019485945e-02
