0.000000000000000000e+00 0.000000000000000000e+00
1.000000000000000021e-02 -3.004288965519625777e-19
2.000000000000000042e-02 -3.663001425026734794e-17
2.999999999999999889e-02 -2.911920336950177095e-16
4.000000000000000083e-02 -1.234692358937138437e-15
5.000000000000000278e-02 -3.766201715711046906e-15
5.999999999999999778e-02 -9.348840758155674497e-15
7.000000000000000666e-02 -2.013609518552582790e-14
8.000000000000000167e-02 -3.909341538181843262e-14
8.999999999999999667e-02 -7.010574511760920852e-14
1.000000000000000056e-01 -1.180841838562983123e-13
1.100000000000000006e-01 -1.890353794518581133e-13
1.199999999999999956e-01 -2.901464549543775803e-13
1.300000000000000044e-01 -4.301441583088737482e-13
1.400000000000000133e-01 -6.185845284555047639e-13
1.499999999999999944e-01 -8.665080659969086677e-13
1.600000000000000033e-01 -1.186282078767379213e-12
1.700000000000000122e-01 -1.591598369009403387e-12
1.799999999999999933e-01 -2.097397789843115368e-12
1.900000000000000022e-01 -2.719860626360147502e-12
2.000000000000000111e-01 -3.476309585787214218e-12
2.099999999999999922e-01 -4.385122671677157448e-12
2.200000000000000011e-01 -5.465668451957051560e-12
2.300000000000000100e-01 -6.738134284881664923e-12
2.399999999999999911e-01 -8.223279072657255218e-12
2.500000000000000000e-01 -9.942447828714196315e-12
2.600000000000000089e-01 -1.191724933254263707e-11
2.700000000000000178e-01 -1.416932520479415730e-11
2.800000000000000266e-01 -1.672030097927060255e-11
2.899999999999999800e-01 -1.959141698290632963e-11
2.999999999999999889e-01 -2.280312222412757966e-11
3.099999999999999978e-01 -2.637521653853355449e-11
3.200000000000000067e-01 -3.032615520872803880e-11
3.300000000000000155e-01 -3.467318680029684089e-11
3.400000000000000244e-01 -3.943168829515430671e-11
3.500000000000000333e-01 -4.461522645738628251e-11
3.599999999999999867e-01 -5.023529765183377266e-11
3.699999999999999956e-01 -5.630066036857797607e-11
3.800000000000000044e-01 -6.281785156067240528e-11
3.900000000000000133e-01 -6.979042902399354431e-11
4.000000000000000222e-01 -7.721893895249083706e-11
4.100000000000000311e-01 -8.510085740482190020e-11
4.199999999999999845e-01 -9.343049097788099638e-11
4.299999999999999933e-01 -1.021988266447981450e-10
4.400000000000000022e-01 -1.113934828980787245e-10
4.500000000000000111e-01 -1.209985584695190929e-10
4.600000000000000200e-01 -1.309949762459119635e-10
4.700000000000000289e-01 -1.413601811222297243e-10
4.799999999999999822e-01 -1.520680731537842403e-10
4.899999999999999911e-01 -1.630894419892611052e-10
5.000000000000000000e-01 -1.743916117470743071e-10
5.100000000000000089e-01 -1.859383146922606068e-10
5.200000000000000178e-01 -1.976901856868803001e-10
5.300000000000000266e-01 -2.096037874787116256e-10
5.400000000000000355e-01 -2.216324856795090156e-10
5.500000000000000444e-01 -2.337249894424314571e-10
5.600000000000000533e-01 -2.458260935713245041e-10
5.700000000000000622e-01 -2.578757724936223128e-10
5.799999999999999600e-01 -2.698090241962211762e-10
5.899999999999999689e-01 -2.815548645940832255e-10
5.999999999999999778e-01 -2.930360714349070257e-10
6.099999999999999867e-01 -3.041689586156691091e-10
6.199999999999999956e-01 -3.148619262993875012e-10
6.300000000000000044e-01 -3.250161803578020640e-10
6.400000000000000133e-01 -3.345247042021255376e-10
6.500000000000000222e-01 -3.432725043311186854e-10
6.600000000000000311e-01 -3.511370842053667014e-10
6.700000000000000400e-01 -3.579891202066761736e-10
6.800000000000000488e-01 -3.636937367851908031e-10
6.900000000000000577e-01 -3.681124149110189285e-10
7.000000000000000666e-01 -3.711054362653063430e-10
7.099999999999999645e-01 -3.725353162084438252e-10
7.199999999999999734e-01 -3.722710677786519678e-10
7.299999999999999822e-01 -3.701936757559052237e-10
7.399999999999999911e-01 -3.662032355144801549e-10
7.500000000000000000e-01 -3.602583650640740418e-10
7.600000000000000089e-01 -3.523445880119189817e-10
7.700000000000000178e-01 -3.425079778376547389e-10
7.800000000000000266e-01 -3.308666111408046021e-10
7.900000000000000355e-01 -3.176248094562388741e-10
8.000000000000000444e-01 -3.030874278224689189e-10
8.100000000000000533e-01 -2.876740229086323722e-10
8.200000000000000622e-01 -2.719276556451552876e-10
8.300000000000000711e-01 -2.565208915780454318e-10
8.399999999999999689e-01 -2.422531173058850573e-10
8.499999999999999778e-01 -2.300367964283610636e-10
8.599999999999999867e-01 -2.208701084982674090e-10
8.699999999999999956e-01 -2.157893526952107954e-10
8.800000000000000044e-01 -2.157999549456252053e-10
8.900000000000000133e-01 -2.217821720273526614e-10
9.000000000000000222e-01 -2.343761328679055955e-10
9.100000000000000311e-01 -2.538535001780570233e-10
9.200000000000000400e-01 -2.799898240774673086e-10
9.300000000000000488e-01 -3.119585454487618786e-10
9.400000000000000577e-01 -3.482711360513861265e-10
9.500000000000000666e-01 -3.867730805767743973e-10
9.599999999999999645e-01 -4.247996866649315223e-10
9.699999999999999734e-01 -4.593679000012250435e-10
9.799999999999999822e-01 -4.874814661095724921e-10
9.899999999999999911e-01 -5.064875360479351163e-10
1.000000000000000000e+00 -5.144360688304205897e-10
1.010000000000000009e+00 -5.103795013569958905e-10
1.020000000000000018e+00 -4.945586307017815764e-10
1.030000000000000027e+00 -4.684475710846824556e-10
1.040000000000000036e+00 -4.346570775287834920e-10
1.050000000000000044e+00 -3.966944741987978029e-10
1.060000000000000053e+00 -3.585873585370234762e-10
1.070000000000000062e+00 -3.243879862329366627e-10
1.080000000000000071e+00 -2.976068346364287194e-10
1.090000000000000080e+00 -2.806535514614748577e-10
1.100000000000000089e+00 -2.743904583628580928e-10
1.110000000000000098e+00 -2.779284581306878856e-10
1.120000000000000107e+00 -2.887797200363205734e-10
1.130000000000000115e+00 -3.033772167062762613e-10
1.140000000000000124e+00 -3.178411520030755130e-10
1.150000000000000133e+00 -3.288140959649578495e-10
1.159999999999999920e+00 -3.341403023174804258e-10
1.169999999999999929e+00 -3.331596720388270124e-10
1.179999999999999938e+00 -3.266221630598034977e-10
1.189999999999999947e+00 -3.164935501515282225e-10
1.199999999999999956e+00 -3.053870640932652633e-10
1.209999999999999964e+00 -2.975414898019862042e-10
1.219999999999999973e+00 -2.966908274811832450e-10
1.229999999999999982e+00 -3.056319123497896854e-10
1.239999999999999991e+00 -3.253091422676874025e-10
1.250000000000000000e+00 -3.542356569224736117e-10
1.260000000000000009e+00 -3.885512523790817180e-10
1.270000000000000018e+00 -4.227593188343211229e-10
1.280000000000000027e+00 -4.509852799755245277e-10
1.290000000000000036e+00 -4.683697286263867115e-10
1.300000000000000044e+00 -4.721054875311635592e-10
1.310000000000000053e+00 -4.618345193274154322e-10
1.320000000000000062e+00 -4.398538870167855754e-10
1.330000000000000071e+00 -4.093166735592715724e-10
1.340000000000000080e+00 -3.747621119614091660e-10
1.350000000000000089e+00 -3.409814399016114148e-10
1.360000000000000098e+00 -3.121413448623888004e-10
1.370000000000000107e+00 -2.911284346191964079e-10
1.380000000000000115e+00 -2.792132625095960358e-10
1.390000000000000124e+00 -2.760406163360411974e-10
1.400000000000000133e+00 -2.799393844987382862e-10
1.409999999999999920e+00 -2.884625023384917303e-10
1.419999999999999929e+00 -2.989780040294626184e-10
1.429999999999999938e+00 -3.091605957242053726e-10
1.439999999999999947e+00 -3.172957492992949102e-10
1.449999999999999956e+00 -3.223779814062396887e-10
1.459999999999999964e+00 -3.240538177422605526e-10
1.469999999999999973e+00 -3.224957345713142659e-10
1.479999999999999982e+00 -3.182642832816936357e-10
1.489999999999999991e+00 -3.121726948392567619e-10
1.500000000000000000e+00 -3.051575490778737909e-10
1.510000000000000009e+00 -2.989921857191393806e-10
1.520000000000000018e+00 -2.934274728847319907e-10
1.530000000000000027e+00 -2.892371202300233340e-10
1.540000000000000036e+00 -2.870421872197201352e-10
1.550000000000000044e+00 -2.872510652463574482e-10
1.560000000000000053e+00 -2.900539539183854404e-10
1.570000000000000062e+00 -2.954471064905940178e-10
1.580000000000000071e+00 -3.032707285576278708e-10
1.590000000000000080e+00 -3.132494653750560187e-10
1.600000000000000089e+00 -3.250297406166748754e-10
1.610000000000000098e+00 -3.382109834977175405e-10
1.620000000000000107e+00 -3.523691826875802874e-10
1.630000000000000115e+00 -3.670723324367304585e-10
1.640000000000000124e+00 -3.824564999280796046e-10
1.650000000000000133e+00 -3.970078664146219072e-10
1.660000000000000142e+00 -4.108168815981222410e-10
1.669999999999999929e+00 -4.234637876357298658e-10
1.679999999999999938e+00 -4.345436684636584668e-10
1.689999999999999947e+00 -4.436820745328494409e-10
1.699999999999999956e+00 -4.505614378770214645e-10
1.709999999999999964e+00 -4.549596416291747103e-10
1.719999999999999973e+00 -4.567986963623267560e-10
1.729999999999999982e+00 -4.561954468698670162e-10
1.739999999999999991e+00 -4.535033318927433887e-10
1.750000000000000000e+00 -4.493261636243431334e-10
1.760000000000000009e+00 -4.444878961423759378e-10
1.770000000000000018e+00 -4.399615916809290761e-10
1.780000000000000027e+00 -4.367012750765633666e-10
1.790000000000000036e+00 -4.354851156334466067e-10
1.800000000000000044e+00 -4.367619621005458530e-10
1.810000000000000053e+00 -4.405472122086945275e-10
1.820000000000000062e+00 -4.463884966960512957e-10
1.830000000000000071e+00 -4.533643545214655068e-10
1.840000000000000080e+00 -4.600171779958750484e-10
1.850000000000000089e+00 -4.642344724782587750e-10
1.860000000000000098e+00 -4.634470926597952789e-10
1.870000000000000107e+00 -4.547007765969002246e-10
1.880000000000000115e+00 -4.365045182946891700e-10
1.890000000000000124e+00 -4.102342462041982940e-10
1.900000000000000133e+00 -3.805395909950611000e-10
1.910000000000000142e+00 -3.540824456961478781e-10
1.919999999999999929e+00 -3.374604303136609362e-10
1.929999999999999938e+00 -3.348945341961201416e-10
1.939999999999999947e+00 -3.467447639779464019e-10
1.949999999999999956e+00 -3.693365099432383003e-10
1.959999999999999964e+00 -3.953124581151934436e-10
1.969999999999999973e+00 -4.161805379487848455e-10
1.979999999999999982e+00 -4.265735330070963283e-10
1.989999999999999991e+00 -4.289560620769627963e-10
2.000000000000000000e+00 -4.293558274756983928e-10
2.010000000000000231e+00 -4.321424272027071800e-10
2.020000000000000018e+00 -4.357093643129680838e-10
2.030000000000000249e+00 -4.385234432524587334e-10
2.040000000000000036e+00 -4.372938518996775936e-10
2.049999999999999822e+00 -4.266913932642404927e-10
2.060000000000000053e+00 -4.039968797865667316e-10
2.069999999999999840e+00 -3.779675528722131750e-10
2.080000000000000071e+00 -3.613707638249613607e-10
2.089999999999999858e+00 -3.610865144214325806e-10
2.100000000000000089e+00 -3.745205051034622423e-10
2.109999999999999876e+00 -3.965001315556909711e-10
2.120000000000000107e+00 -4.169163072501730349e-10
2.129999999999999893e+00 -4.254403653371555127e-10
2.140000000000000124e+00 -4.290033094934454783e-10
2.149999999999999911e+00 -4.356965363852289413e-10
2.160000000000000142e+00 -4.380218963690070411e-10
2.169999999999999929e+00 -4.360762998530803847e-10
2.180000000000000160e+00 -4.299788691330269641e-10
2.189999999999999947e+00 -4.125300062489400954e-10
2.200000000000000178e+00 -3.877589033283307396e-10
2.209999999999999964e+00 -3.707220327161392381e-10
2.220000000000000195e+00 -3.693110045208114478e-10
2.229999999999999982e+00 -3.782155604328818477e-10
2.240000000000000213e+00 -3.962668110313316561e-10
2.250000000000000000e+00 -4.171301298079230224e-10
2.260000000000000231e+00 -4.267655768705469477e-10
2.270000000000000018e+00 -4.328030427536849745e-10
2.280000000000000249e+00 -4.423469355564757510e-10
2.290000000000000036e+00 -4.437372999425981401e-10
2.300000000000000266e+00 -4.390685506144853534e-10
2.310000000000000053e+00 -4.308535585598183282e-10
2.319999999999999840e+00 -4.137824347483914922e-10
2.330000000000000071e+00 -3.906811933424708672e-10
2.339999999999999858e+00 -3.735788280286034269e-10
2.350000000000000089e+00 -3.696605567222316369e-10
2.359999999999999876e+00 -3.754176420824257079e-10
2.370000000000000107e+00 -3.884644108123613826e-10
2.379999999999999893e+00 -4.081562182418202456e-10
2.390000000000000124e+00 -4.237081438745321504e-10
2.399999999999999911e+00 -4.335656716460134508e-10
2.410000000000000142e+00 -4.418933248831469207e-10
2.419999999999999929e+00 -4.509158792881384770e-10
2.430000000000000160e+00 -4.547564360669886785e-10
2.439999999999999947e+00 -4.525593714881093188e-10
2.450000000000000178e+00 -4.455961749756653933e-10
2.459999999999999964e+00 -4.345887434642481395e-10
2.470000000000000195e+00 -4.185101082961745211e-10
2.479999999999999982e+00 -3.987479235147660395e-10
2.490000000000000213e+00 -3.791082794370702336e-10
2.500000000000000000e+00 -3.639326309930190906e-10
2.510000000000000231e+00 -3.559928091244682347e-10
2.520000000000000018e+00 -3.557764146223246771e-10
2.530000000000000249e+00 -3.624210517198106496e-10
2.540000000000000036e+00 -3.743963572326591827e-10
2.550000000000000266e+00 -3.897284567549313961e-10
2.560000000000000053e+00 -4.062215459843532273e-10
2.569999999999999840e+00 -4.219520427506395777e-10
2.580000000000000071e+00 -4.360169534450841766e-10
2.589999999999999858e+00 -4.478951957584409449e-10
2.600000000000000089e+00 -4.588631479993110496e-10
2.609999999999999876e+00 -4.693884217941979298e-10
2.620000000000000107e+00 -4.796613384261405599e-10
2.629999999999999893e+00 -4.895343869854018592e-10
2.640000000000000124e+00 -4.986363600668897167e-10
2.649999999999999911e+00 -5.065518083116615777e-10
2.660000000000000142e+00 -5.129397451491407578e-10
2.669999999999999929e+00 -5.175457111483705575e-10
2.680000000000000160e+00 -5.204823776833178428e-10
2.689999999999999947e+00 -5.217922951356035455e-10
2.700000000000000178e+00 -5.215580424142163274e-10
2.709999999999999964e+00 -5.199642981804086794e-10
2.720000000000000195e+00 -5.172705688262502211e-10
2.729999999999999982e+00 -5.137397362988543881e-10
2.740000000000000213e+00 -5.095729211854194141e-10
2.750000000000000000e+00 -5.048676849847555381e-10
2.760000000000000231e+00 -4.995886842239227743e-10
2.770000000000000018e+00 -4.935280211847831167e-10
2.780000000000000249e+00 -4.862406629679155712e-10
2.790000000000000036e+00 -4.769666504204211899e-10
2.800000000000000266e+00 -4.646081514306232840e-10
2.810000000000000053e+00 -4.479068409571351772e-10
2.819999999999999840e+00 -4.260022317542633274e-10
2.830000000000000071e+00 -4.270298281650042327e-10
2.839999999999999858e+00 -4.304883697778261187e-10
2.850000000000000089e+00 -4.367569205604437954e-10
2.859999999999999876e+00 -4.458440231586147107e-10
2.870000000000000107e+00 -4.574104489271646479e-10
2.879999999999999893e+00 -4.715110576286596356e-10
2.890000000000000124e+00 -4.896652328403860999e-10
2.899999999999999911e+00 -5.136703666586139860e-10
2.910000000000000142e+00 -5.399684623041967058e-10
2.919999999999999929e+00 -5.591941501861819042e-10
2.930000000000000160e+00 -5.734612702236463466e-10
2.939999999999999947e+00 -5.837464305338824211e-10
2.950000000000000178e+00 -5.956509833981993296e-10
2.959999999999999964e+00 -6.135525885096748677e-10
2.970000000000000195e+00 -6.302976942457183540e-10
2.979999999999999982e+00 -6.296468617762035480e-10
2.990000000000000213e+00 -6.059619376370603550e-10
3.000000000000000000e+00 -5.825081484875371807e-10
3.010000000000000231e+00 -5.958003031908409852e-10
3.020000000000000018e+00 -5.822917395655047290e-10
3.030000000000000249e+00 -5.578948292922492058e-10
3.040000000000000036e+00 -5.096983538357968690e-10
3.050000000000000266e+00 -4.684361813375725880e-10
3.060000000000000053e+00 -4.767810842312703024e-10
3.070000000000000284e+00 -5.162023577684471398e-10
3.080000000000000071e+00 -5.339930724164443365e-10
3.089999999999999858e+00 -5.254103840370005774e-10
3.100000000000000089e+00 -5.425429688843408371e-10
3.109999999999999876e+00 -5.749133063061642734e-10
3.120000000000000107e+00 -5.451638760648608306e-10
3.129999999999999893e+00 -4.626977733249160174e-10
3.140000000000000124e+00 -4.535737718573684685e-10
3.149999999999999911e+00 -5.261843842585545161e-10
3.160000000000000142e+00 -5.440316972957215391e-10
3.169999999999999929e+00 -4.649636118833622156e-10
3.180000000000000160e+00 -4.026884728447477357e-10
3.189999999999999947e+00 -3.720592800862676519e-10
3.200000000000000178e+00 -2.717189862867785966e-10
3.209999999999999964e+00 -1.292428798531364276e-10
3.220000000000000195e+00 -9.537865619914723259e-11
3.229999999999999982e+00 -1.469565808018963304e-10
3.240000000000000213e+00 -1.435267217575475485e-10
3.250000000000000000e+00 -9.139175223896178757e-11
3.260000000000000231e+00 -1.021497209735544587e-10
3.270000000000000018e+00 -1.294053093847669089e-10
3.280000000000000249e+00 -6.493325408613026539e-11
3.290000000000000036e+00 2.881869395898739583e-11
3.300000000000000266e+00 6.701111887608135476e-12
3.310000000000000053e+00 -8.238720339628913258e-11
3.320000000000000284e+00 -9.486036088579563597e-11
3.330000000000000071e+00 -2.009808443802219013e-11
3.339999999999999858e+00 4.478500448094890896e-11
3.350000000000000089e+00 8.881862346293845079e-11
3.359999999999999876e+00 1.655233324536486972e-10
3.370000000000000107e+00 2.660119034769703461e-10
3.379999999999999893e+00 3.146536815823441913e-10
3.390000000000000124e+00 2.916730780511134213e-10
3.399999999999999911e+00 2.554195258075431241e-10
3.410000000000000142e+00 2.537849002129388687e-10
3.419999999999999929e+00 2.744941669796663319e-10
3.430000000000000160e+00 2.191725299513502812e-10
3.439999999999999947e+00 1.860473975399956625e-10
3.450000000000000178e+00 1.852158218462740535e-10
3.459999999999999964e+00 1.798253945924088715e-10
3.470000000000000195e+00 1.430506393678906973e-10
3.479999999999999982e+00 7.887766264799700444e-11
3.490000000000000213e+00 1.314965367496534476e-11
3.500000000000000000e+00 -3.305972683109725807e-11
3.510000000000000231e+00 -5.617873961166752750e-11
3.520000000000000018e+00 -6.067015986821466811e-11
3.530000000000000249e+00 -4.845333335945500863e-11
3.540000000000000036e+00 -1.780582712523903766e-11
3.550000000000000266e+00 3.020879813658838842e-11
3.560000000000000053e+00 8.756483992761188162e-11
3.570000000000000284e+00 4.718153819027737228e-11
3.580000000000000071e+00 2.788439444623147523e-11
3.589999999999999858e+00 8.658283291718138486e-12
3.600000000000000089e+00 -2.244484372665445093e-11
3.609999999999999876e+00 -6.777440067495810183e-11
3.620000000000000107e+00 -1.246023371287430237e-10
3.629999999999999893e+00 -1.886466547210141620e-10
3.640000000000000124e+00 -2.557777895734192342e-10
3.649999999999999911e+00 -3.225536608641998981e-10
3.660000000000000142e+00 -3.861594746225327501e-10
3.669999999999999929e+00 -4.441855420262395826e-10
3.680000000000000160e+00 -5.751121621034444020e-10
3.689999999999999947e+00 -6.736419807390481296e-10
3.700000000000000178e+00 -7.471217834936066948e-10
3.709999999999999964e+00 -8.003235717375656311e-10
3.720000000000000195e+00 -8.357724941808475361e-10
3.729999999999999982e+00 -8.550472881813098169e-10
3.740000000000000213e+00 -8.598951325294867942e-10
3.750000000000000000e+00 -8.525914531667955210e-10
3.760000000000000231e+00 -8.357177493437117910e-10
3.770000000000000018e+00 -8.117625929088267966e-10
3.780000000000000249e+00 -7.828301461926256977e-10
3.790000000000000036e+00 -7.505425031473222930e-10
3.800000000000000266e+00 -7.160928412741629501e-10
3.810000000000000053e+00 -6.803715325506831668e-10
3.820000000000000284e+00 -6.441041224686250288e-10
3.830000000000000071e+00 -6.079686701992992326e-10
3.839999999999999858e+00 -5.726823338464415158e-10
3.850000000000000089e+00 -5.390588678558239089e-10
3.859999999999999876e+00 -5.080415055661036128e-10
3.870000000000000107e+00 -4.807166921472205701e-10
3.879999999999999893e+00 -4.583103159136459048e-10
3.890000000000000124e+00 -4.421653477387765818e-10
3.899999999999999911e+00 -4.336986533792774878e-10
3.910000000000000142e+00 -4.343315108609746567e-10
3.919999999999999929e+00 -4.453940254806054710e-10
3.930000000000000160e+00 -4.680069986065515941e-10
3.939999999999999947e+00 -5.029650914506467174e-10
3.950000000000000178e+00 -5.506662660581529423e-10
3.959999999999999964e+00 -6.111698282879052257e-10
3.970000000000000195e+00 -6.844983776836677247e-10
3.979999999999999982e+00 -7.713132832085078938e-10
3.990000000000000213e+00 -8.740578419461769721e-10
4.000000000000000000e+00 -9.985288841433959117e-10
4.009999999999999787e+00 -1.155603620627899172e-09
4.020000000000000462e+00 -1.362519789702143491e-09
4.030000000000000249e+00 -1.435591264354468821e-09
4.040000000000000036e+00 -1.508626306344351686e-09
4.049999999999999822e+00 -1.578466768317049462e-09
4.060000000000000497e+00 -1.641213424712073543e-09
4.070000000000000284e+00 -1.692466374512979765e-09
4.080000000000000071e+00 -1.727720097197127380e-09
4.089999999999999858e+00 -1.742915945249223775e-09
4.099999999999999645e+00 -1.735009485040461819e-09
4.110000000000000320e+00 -1.702380127491243123e-09
4.120000000000000107e+00 -1.644940045286702457e-09
4.129999999999999893e+00 -1.563900658280159561e-09
4.139999999999999680e+00 -1.461288463497356638e-09
4.150000000000000355e+00 -1.339419316778722724e-09
4.160000000000000142e+00 -1.200570986376048310e-09
4.169999999999999929e+00 -1.047003161253057257e-09
4.179999999999999716e+00 -8.812893904225349573e-10
4.190000000000000391e+00 -7.067562160512075309e-10
4.200000000000000178e+00 -5.277726138064320338e-10
4.209999999999999964e+00 -3.497229728033346419e-10
4.219999999999999751e+00 -1.786623488042593522e-10
4.230000000000000426e+00 -2.077810493106291290e-11
4.240000000000000213e+00 1.181827153501346928e-10
4.250000000000000000e+00 2.334046844687520661e-10
4.259999999999999787e+00 3.213648687439008000e-10
4.270000000000000462e+00 3.800555183064435738e-10
4.280000000000000249e+00 4.090707685783234737e-10
4.290000000000000036e+00 4.095526279224159794e-10
4.299999999999999822e+00 3.839911236203086276e-10
4.310000000000000497e+00 3.358915576234799971e-10
4.320000000000000284e+00 2.693526165997717214e-10
4.330000000000000071e+00 1.886256220662296812e-10
4.339999999999999858e+00 9.773479074659530141e-11
4.350000000000000533e+00 2.201216639519110174e-13
4.360000000000000320e+00 -1.940115967186128998e-10
4.370000000000000107e+00 -3.945034344771808366e-10
4.379999999999999893e+00 -5.847054428766195258e-10
4.389999999999999680e+00 -7.529596590324927341e-10
4.400000000000000355e+00 -8.930874464442573046e-10
4.410000000000000142e+00 -1.003614077694364726e-09
4.419999999999999929e+00 -1.086404552257114187e-09
4.429999999999999716e+00 -1.145182081975504307e-09
4.440000000000000391e+00 -1.184265190252997701e-09
4.450000000000000178e+00 -1.207690549995255047e-09
4.459999999999999964e+00 -1.218740207711843659e-09
4.469999999999999751e+00 -1.219800175797369768e-09
4.480000000000000426e+00 -1.212438972136853366e-09
4.490000000000000213e+00 -1.197596705831971420e-09
4.500000000000000000e+00 -1.175801832634104649e-09
4.509999999999999787e+00 -1.147363041381632698e-09
4.520000000000000462e+00 -1.112512795428677315e-09
4.530000000000000249e+00 -1.071497593777004376e-09
4.540000000000000036e+00 -1.024623969003712887e-09
4.549999999999999822e+00 -9.755537176692197221e-10
4.560000000000000497e+00 -9.100821693475147356e-10
4.570000000000000284e+00 -8.352169338088355488e-10
4.580000000000000071e+00 -7.548323129741296711e-10
4.589999999999999858e+00 -6.712418832571787064e-10
4.600000000000000533e+00 -5.857984149842954125e-10
4.610000000000000320e+00 -4.992980820461845326e-10
4.620000000000000107e+00 -4.122334539696792532e-10
4.629999999999999893e+00 -3.249409213923470929e-10
4.639999999999999680e+00 -2.376800110892585138e-10
4.650000000000000355e+00 -1.506730452210947035e-10
4.660000000000000142e+00 -6.412062200644719212e-11
4.669999999999999929e+00 2.179247234057601901e-11
4.679999999999999716e+00 1.068973451423538279e-10
4.690000000000000391e+00 1.910414239997271224e-10
4.700000000000000178e+00 2.740886458768576617e-10
4.709999999999999964e+00 3.559195230207201632e-10
4.719999999999999751e+00 4.364297100795111461e-10
4.730000000000000426e+00 5.155283873403693207e-10
4.740000000000000213e+00 5.931365225364526594e-10
4.750000000000000000e+00 6.691848585677062644e-10
4.759999999999999787e+00 7.436125222526346334e-10
4.770000000000000462e+00 8.163650467435390468e-10
4.780000000000000249e+00 8.873936811065741281e-10
4.790000000000000036e+00 9.566540285638192032e-10
4.799999999999999822e+00 1.024105586791557165e-09
4.810000000000000497e+00 1.089710901375218199e-09
4.820000000000000284e+00 1.153435319478646193e-09
4.830000000000000071e+00 1.215246738309194718e-09
4.839999999999999858e+00 1.275115381338398635e-09
4.850000000000000533e+00 1.333013352478040758e-09
4.860000000000000320e+00 1.388914932717866257e-09
4.870000000000000107e+00 1.442795979911259963e-09
4.879999999999999893e+00 1.494634110921211345e-09
4.889999999999999680e+00 1.544408661721674569e-09
4.900000000000000355e+00 1.592100335248702869e-09
4.910000000000000142e+00 1.637691364464455290e-09
4.919999999999999929e+00 1.681165297251485669e-09
4.929999999999999716e+00 1.722507099628789451e-09
4.940000000000000391e+00 1.761703508768031057e-09
4.950000000000000178e+00 1.798742568955014054e-09
4.959999999999999964e+00 1.833614109505998790e-09
4.969999999999999751e+00 1.866309957271328202e-09
4.980000000000000426e+00 1.896824084086923268e-09
4.990000000000000213e+00 1.925152449781808439e-09
5.000000000000000000e+00 1.951293524329877904e-09
5.009999999999999787e+00 1.975315796348686703e-09
5.020000000000000462e+00 2.019819896406649384e-09
5.030000000000000249e+00 2.068439772760777284e-09
5.040000000000000036e+00 2.118673031285822628e-09
5.049999999999999822e+00 2.170506752195017208e-09
5.060000000000000497e+00 2.223765226648521942e-09
5.070000000000000284e+00 2.278225870976091638e-09
5.080000000000000071e+00 2.333638377156888044e-09
5.089999999999999858e+00 2.389726462721786238e-09
5.100000000000000533e+00 2.446191032286909595e-09
5.110000000000000320e+00 2.502712887408539699e-09
5.120000000000000107e+00 2.558955764300763214e-09
5.129999999999999893e+00 2.614569519113034424e-09
5.139999999999999680e+00 2.669193573849940049e-09
5.150000000000000355e+00 2.722459935440568746e-09
5.160000000000000142e+00 2.773996538116968447e-09
5.169999999999999929e+00 2.823430304658980372e-09
5.179999999999999716e+00 2.870390365498909357e-09
5.190000000000000391e+00 2.914510893910204903e-09
5.200000000000000178e+00 2.955433802201423710e-09
5.209999999999999964e+00 2.992811678169393641e-09
5.219999999999999751e+00 3.026309705438101627e-09
5.230000000000000426e+00 3.055608607284432399e-09
5.240000000000000213e+00 3.080405962425925015e-09
5.250000000000000000e+00 3.100418515672442865e-09
5.259999999999999787e+00 3.115383279475580913e-09
5.270000000000000462e+00 3.125059772589311446e-09
5.280000000000000249e+00 3.129230145837436083e-09
5.290000000000000036e+00 3.127701151024731008e-09
5.299999999999999822e+00 3.120304307470400662e-09
5.310000000000000497e+00 3.106897000088038041e-09
5.320000000000000284e+00 3.087362639847546220e-09
5.330000000000000071e+00 3.061611386287466097e-09
5.339999999999999858e+00 3.029580000063480938e-09
5.350000000000000533e+00 2.991232235863283684e-09
5.360000000000000320e+00 2.946558561381373842e-09
5.370000000000000107e+00 2.895576490385964874e-09
5.379999999999999893e+00 2.838330322510462800e-09
5.389999999999999680e+00 2.774890520487738321e-09
5.400000000000000355e+00 2.705353942603072603e-09
5.410000000000000142e+00 2.629843185233959879e-09
5.419999999999999929e+00 2.548506440602782419e-09
5.429999999999999716e+00 2.461516525331663985e-09
5.440000000000000391e+00 2.369071199631589408e-09
5.450000000000000178e+00 2.271391899219543653e-09
5.459999999999999964e+00 2.168723631235103255e-09
5.469999999999999751e+00 2.061334148512061759e-09
5.480000000000000426e+00 1.949513200177888095e-09
5.490000000000000213e+00 1.833571964399149934e-09
5.500000000000000000e+00 1.713842144590582706e-09
5.509999999999999787e+00 1.590675233892335783e-09
5.520000000000000462e+00 1.464441465662269515e-09
5.530000000000000249e+00 1.335528911419747722e-09
5.540000000000000036e+00 1.204342179803030710e-09
5.549999999999999822e+00 1.071301727884055310e-09
5.560000000000000497e+00 9.368420032795921060e-10
5.570000000000000284e+00 8.014105056658449300e-10
5.580000000000000071e+00 6.654663486926892801e-10
5.589999999999999858e+00 5.294785096476850583e-10
5.600000000000000533e+00 3.939242404493725758e-10
5.610000000000000320e+00 2.592874387419286109e-10
5.620000000000000107e+00 1.260565540839309051e-10
5.629999999999999893e+00 -5.277011466686687413e-12
5.639999999999999680e+00 -1.342215158461890212e-10
5.650000000000000355e+00 -2.602863896639107111e-10
5.660000000000000142e+00 -3.829851193126732056e-10
5.669999999999999929e+00 -5.018372384313352086e-10
5.679999999999999716e+00 -6.163709265205596921e-10
5.690000000000000391e+00 -7.261255277613010151e-10
5.700000000000000178e+00 -8.306540941194207051e-10
5.709999999999999964e+00 -9.295260672281813186e-10
5.719999999999999751e+00 -1.022330151090322659e-09
5.730000000000000426e+00 -1.108676771915950710e-09
5.740000000000000213e+00 -1.188201023682999846e-09
5.750000000000000000e+00 -1.260565325733598030e-09
5.759999999999999787e+00 -1.325462285067802171e-09
5.770000000000000462e+00 -1.382617364348304179e-09
5.780000000000000249e+00 -1.431791223777123534e-09
5.790000000000000036e+00 -1.472782670125516447e-09
5.799999999999999822e+00 -1.505430766157722644e-09
5.810000000000000497e+00 -1.529617363327240298e-09
5.820000000000000284e+00 -1.545268961400392271e-09
5.830000000000000071e+00 -1.552358550732657605e-09
5.839999999999999858e+00 -1.550907638425691459e-09
5.850000000000000533e+00 -1.540987188547449094e-09
5.860000000000000320e+00 -1.522718867663641618e-09
5.870000000000000107e+00 -1.496275854953599271e-09
5.879999999999999893e+00 -1.461882942824233034e-09
5.889999999999999680e+00 -1.419816691300423983e-09
5.900000000000000355e+00 -1.370404855566276225e-09
5.910000000000000142e+00 -1.314025426663034679e-09
5.919999999999999929e+00 -1.251105366875671088e-09
5.929999999999999716e+00 -1.182118273060361879e-09
5.940000000000000391e+00 -1.107582183954014532e-09
5.950000000000000178e+00 -1.028056629409634937e-09
5.959999999999999964e+00 -9.441389319658766155e-10
5.969999999999999751e+00 -8.564601545330008392e-10
5.980000000000000426e+00 -7.656808659328717681e-10
5.990000000000000213e+00 -6.724857198880940246e-10
6.000000000000000000e+00 -5.775780600320024050e-10
6.009999999999999787e+00 -4.816740652169304582e-10
6.020000000000000462e+00 -3.854966033889350996e-10
6.030000000000000249e+00 -2.897685112690506770e-10
6.040000000000000036e+00 -1.952058202581152813e-10
6.049999999999999822e+00 -1.025110274444074321e-10
6.060000000000000497e+00 -1.236605609578056431e-11
6.070000000000000284e+00 7.457476823569120228e-11
6.080000000000000071e+00 1.576912142531305960e-10
6.089999999999999858e+00 2.364039311530952148e-10
6.100000000000000533e+00 3.101803518895662748e-10
6.110000000000000320e+00 3.785405322531687489e-10
6.120000000000000107e+00 4.410623758582810083e-10
6.129999999999999893e+00 4.973861149337732712e-10
6.140000000000000568e+00 5.472179480381367256e-10
6.150000000000000355e+00 5.903332163381680431e-10
6.160000000000000142e+00 6.265787385467680437e-10
6.169999999999999929e+00 6.558737355305543915e-10
6.179999999999999716e+00 6.782105432812102208e-10
6.190000000000000391e+00 6.936539658636275973e-10
6.200000000000000178e+00 7.023398338606989810e-10
6.209999999999999964e+00 7.044729790836590233e-10
6.219999999999999751e+00 7.003237755334734693e-10
6.230000000000000426e+00 6.902243603057467425e-10
6.240000000000000213e+00 6.745643887223762292e-10
6.250000000000000000e+00 6.537854780122587250e-10
6.259999999999999787e+00 6.283757611469376059e-10
6.270000000000000462e+00 5.988637485215830836e-10
6.280000000000000249e+00 5.658120074900074847e-10
6.290000000000000036e+00 5.298106068446495343e-10
6.299999999999999822e+00 4.914704220849996918e-10
6.310000000000000497e+00 4.514165582135409860e-10
6.320000000000000284e+00 4.102819564123783014e-10
6.330000000000000071e+00 3.687007912520079422e-10
6.339999999999999858e+00 3.273029534033022880e-10
6.350000000000000533e+00 2.867079776716630057e-10
6.360000000000000320e+00 2.475198808936374117e-10
6.370000000000000107e+00 2.103224846887463695e-10
6.379999999999999893e+00 1.756749806931280633e-10
6.390000000000000568e+00 1.441081579154485093e-10
6.400000000000000355e+00 1.161210830182696219e-10
6.410000000000000142e+00 9.217824333690449734e-11
6.419999999999999929e+00 7.270742276473118881e-11
6.429999999999999716e+00 5.809759140787407183e-11
6.440000000000000391e+00 4.869773161109147708e-11
6.450000000000000178e+00 4.481593915417469987e-11
6.459999999999999964e+00 4.671859296992431076e-11
6.469999999999999751e+00 5.463042041312093922e-11
6.480000000000000426e+00 6.873443567784187636e-11
6.490000000000000213e+00 8.917238778979874603e-11
6.500000000000000000e+00 1.160452849265081188e-10
6.509999999999999787e+00 1.494142682842425351e-10
6.520000000000000462e+00 1.893015631401762100e-10
6.530000000000000249e+00 2.356915227222367015e-10
6.540000000000000036e+00 2.885320394066526184e-10
6.549999999999999822e+00 3.477356631809147558e-10
6.560000000000000497e+00 4.131809798815777590e-10
6.570000000000000284e+00 4.847140952501938216e-10
6.580000000000000071e+00 5.621500999072881477e-10
6.589999999999999858e+00 6.452742212087470008e-10
6.600000000000000533e+00 7.338437409826203961e-10
6.610000000000000320e+00 8.275891092215936773e-10
6.620000000000000107e+00 9.262155825293105771e-10
6.629999999999999893e+00 1.029404621440133116e-09
6.640000000000000568e+00 1.136815413506353512e-09
6.650000000000000355e+00 1.248086281026294930e-09
6.660000000000000142e+00 1.362836191121097329e-09
6.669999999999999929e+00 1.480666207698266845e-09
6.679999999999999716e+00 1.601160969436077330e-09
6.690000000000000391e+00 1.723890290933338676e-09
6.700000000000000178e+00 1.848410546151368905e-09
6.709999999999999964e+00 1.974266351095765870e-09
6.719999999999999751e+00 2.100991991493827982e-09
6.730000000000000426e+00 2.228113075986026814e-09
6.740000000000000213e+00 2.355148296870335223e-09
6.750000000000000000e+00 2.481610854310201120e-09
6.759999999999999787e+00 2.607010444327650944e-09
6.770000000000000462e+00 2.730854710766839055e-09
6.780000000000000249e+00 2.852651153489871305e-09
6.790000000000000036e+00 2.971908965448966100e-09
6.799999999999999822e+00 3.088140793430782516e-09
6.810000000000000497e+00 3.200864592475816117e-09
6.820000000000000284e+00 3.309605634688184139e-09
6.830000000000000071e+00 3.413898237020207560e-09
6.839999999999999858e+00 3.513287955697608211e-09
6.850000000000000533e+00 3.607333178695659726e-09
6.860000000000000320e+00 3.695607452003368820e-09
6.870000000000000107e+00 3.777701046078774105e-09
6.879999999999999893e+00 3.853223250888104801e-09
6.890000000000000568e+00 3.921804155732067088e-09
6.900000000000000355e+00 3.983096409990172226e-09
6.910000000000000142e+00 4.036777372443123291e-09
6.919999999999999929e+00 4.082550759260117346e-09
6.929999999999999716e+00 4.120148456784877844e-09
6.940000000000000391e+00 4.149332212891043703e-09
6.950000000000000178e+00 4.169895309255600147e-09
6.959999999999999964e+00 4.181664174651711363e-09
6.969999999999999751e+00 4.184499819565035139e-09
6.980000000000000426e+00 4.178298890905596252e-09
6.990000000000000213e+00 4.162995427547944161e-09
7.000000000000000000e+00 4.138561440596155716e-09
7.009999999999999787e+00 4.105008237845209074e-09
7.020000000000000462e+00 4.062386768123593672e-09
7.030000000000000249e+00 4.010788620494032397e-09
7.040000000000000036e+00 3.950346036396545912e-09
7.049999999999999822e+00 3.881232356339747724e-09
7.060000000000000497e+00 3.803661858571560916e-09
7.070000000000000284e+00 3.717889304581667442e-09
7.080000000000000071e+00 3.624209710118009298e-09
7.089999999999999858e+00 3.522957268790871677e-09
7.100000000000000533e+00 3.414504348535352118e-09
7.110000000000000320e+00 3.299260168017348338e-09
7.120000000000000107e+00 3.177669073185784843e-09
7.129999999999999893e+00 3.050208682853217113e-09
7.140000000000000568e+00 2.917387582380970290e-09
7.150000000000000355e+00 2.779742546386854141e-09
7.160000000000000142e+00 2.637836162174000965e-09
7.169999999999999929e+00 2.492253464367322202e-09
7.179999999999999716e+00 2.343598449854045196e-09
7.190000000000000391e+00 2.192490565836036076e-09
7.200000000000000178e+00 2.039560879560364803e-09
7.209999999999999964e+00 1.885447783143978651e-09
7.219999999999999751e+00 1.730792865799191116e-09
7.230000000000000426e+00 1.576236544932607675e-09
7.240000000000000213e+00 1.422413223664542592e-09
7.250000000000000000e+00 1.269947084124589676e-09
7.259999999999999787e+00 1.119447148260205305e-09
7.270000000000000462e+00 9.715026547986449490e-10
7.280000000000000249e+00 8.266786521819724509e-10
7.290000000000000036e+00 6.855113883225821825e-10
7.299999999999999822e+00 5.485043182455393018e-10
7.310000000000000497e+00 4.161237314063504292e-10
7.320000000000000284e+00 2.887951119565079772e-10
7.330000000000000071e+00 1.668999632508522124e-10
7.339999999999999858e+00 5.077214234976146212e-11
7.350000000000000533e+00 -5.930413061669415065e-11
7.360000000000000320e+00 -1.630967708977915098e-10
7.370000000000000107e+00 -2.604276421250273366e-10
7.379999999999999893e+00 -3.511735537781168759e-10
7.390000000000000568e+00 -4.352668087070910019e-10
7.400000000000000355e+00 -5.126954945658401819e-10
7.410000000000000142e+00 -5.835029612266673382e-10
7.419999999999999929e+00 -6.477869421428472663e-10
7.429999999999999716e+00 -7.056976478875265357e-10
7.440000000000000391e+00 -7.574362326581707272e-10
7.450000000000000178e+00 -8.032518166237179180e-10
7.459999999999999964e+00 -8.434387676128918265e-10
7.469999999999999751e+00 -8.783331145734152301e-10
7.480000000000000426e+00 -9.083090885333988673e-10
7.490000000000000213e+00 -9.337745507376205012e-10
7.500000000000000000e+00 -9.551673922289505292e-10
7.509999999999999787e+00 -9.729500365096566128e-10
7.520000000000000462e+00 -9.876056864671634017e-10
7.530000000000000249e+00 -9.996331323466889351e-10
7.540000000000000036e+00 -1.009541932689428378e-09
7.549999999999999822e+00 -1.017847818182704422e-09
7.560000000000000497e+00 -1.025067699125803422e-09
7.570000000000000284e+00 -1.031715487348483506e-09
7.580000000000000071e+00 -1.038297463631931983e-09
7.589999999999999858e+00 -1.045308114372422992e-09
7.600000000000000533e+00 -1.053226120900641050e-09
7.610000000000000320e+00 -1.062510747787404064e-09
7.620000000000000107e+00 -1.073598366457817477e-09
7.629999999999999893e+00 -1.086899355240422693e-09
7.640000000000000568e+00 -1.102795389729127606e-09
7.650000000000000355e+00 -1.121636814677140492e-09
7.660000000000000142e+00 -1.143740626513567449e-09
7.669999999999999929e+00 -1.169388608515675720e-09
7.679999999999999716e+00 -1.198825929152325109e-09
7.690000000000000391e+00 -1.232259717875994198e-09
7.700000000000000178e+00 -1.269858669605827828e-09
7.709999999999999964e+00 -1.311751849503162148e-09
7.719999999999999751e+00 -1.358028710318759380e-09
7.730000000000000426e+00 -1.408739035146933105e-09
7.740000000000000213e+00 -1.463893251410497420e-09
7.750000000000000000e+00 -1.523462597394220630e-09
7.759999999999999787e+00 -1.587379717254977507e-09
7.770000000000000462e+00 -1.655539916961545899e-09
7.780000000000000249e+00 -1.727801663894967810e-09
7.790000000000000036e+00 -1.803988274734491526e-09
7.799999999999999822e+00 -1.883888708226200137e-09
7.810000000000000497e+00 -1.967259459501047303e-09
7.820000000000000284e+00 -2.053825991221724934e-09
7.830000000000000071e+00 -2.143284379835241893e-09
7.839999999999999858e+00 -2.235303320913262226e-09
7.850000000000000533e+00 -2.329525700811574396e-09
7.860000000000000320e+00 -2.425570952424571658e-09
7.870000000000000107e+00 -2.523036859297667078e-09
7.879999999999999893e+00 -2.621501633826017752e-09
7.890000000000000568e+00 -2.720526335459050316e-09
7.900000000000000355e+00 -2.819656855224117464e-09
7.910000000000000142e+00 -2.918426406789409455e-09
7.919999999999999929e+00 -3.016357649765488702e-09
7.930000000000000604e+00 -3.112965007295853681e-09
7.940000000000000391e+00 -3.207757299367175463e-09
7.950000000000000178e+00 -3.300239869580279262e-09
7.959999999999999964e+00 -3.389917017232457752e-09
7.969999999999999751e+00 -3.476294557769321614e-09
7.980000000000000426e+00 -3.558882147314257338e-09
7.990000000000000213e+00 -3.637195791078573492e-09
8.000000000000000000e+00 -3.710760067276996921e-09
8.009999999999999787e+00 -3.779110736151780614e-09
8.019999999999999574e+00 -3.841797123482759702e-09
8.029999999999999361e+00 -3.898384191847181768e-09
8.040000000000000924e+00 -3.948455343932844031e-09
8.050000000000000711e+00 -3.991614368897833387e-09
8.060000000000000497e+00 -4.027487763430537271e-09
8.070000000000000284e+00 -4.055726976481821566e-09
8.080000000000000071e+00 -4.076010546444353011e-09
8.089999999999999858e+00 -4.088046075267914858e-09
8.099999999999999645e+00 -4.091572292780343290e-09
8.109999999999999432e+00 -4.086360961413904036e-09
8.120000000000000995e+00 -4.072218399292504287e-09
8.130000000000000782e+00 -4.048987565369310815e-09
8.140000000000000568e+00 -4.016549114138623366e-09
8.150000000000000355e+00 -3.974823269137228721e-09
8.160000000000000142e+00 -3.923770607039411829e-09
8.169999999999999929e+00 -3.863393476660759163e-09
8.179999999999999716e+00 -3.793736550600224078e-09
8.189999999999999503e+00 -3.714887862604765445e-09
8.199999999999999289e+00 -3.626978953286119634e-09
8.210000000000000853e+00 -3.530185373190608544e-09
8.220000000000000639e+00 -3.424726387896148694e-09
8.230000000000000426e+00 -3.310865023115061589e-09
8.240000000000000213e+00 -3.188907370804683339e-09
8.250000000000000000e+00 -3.059201773847330941e-09
8.259999999999999787e+00 -2.922137875421837450e-09
8.269999999999999574e+00 -2.778145054282976645e-09
8.279999999999999361e+00 -2.627690825346418180e-09
8.290000000000000924e+00 -2.471278719856639938e-09
8.300000000000000711e+00 -2.309446212392374242e-09
8.310000000000000497e+00 -2.142761777040869120e-09
8.320000000000000284e+00 -1.971822026838876418e-09
8.330000000000000071e+00 -1.797248691884356653e-09
8.339999999999999858e+00 -1.619684756107298007e-09
8.349999999999999645e+00 -1.439790911494931436e-09
8.359999999999999432e+00 -1.258241432919304792e-09
8.370000000000000995e+00 -1.075719926330043208e-09
8.380000000000000782e+00 -8.929147265329673289e-10
8.390000000000000568e+00 -7.105144771146765237e-10
8.400000000000000355e+00 -5.292034189335881322e-10
8.410000000000000142e+00 -3.496563559524101805e-10
8.419999999999999929e+00 -1.725339263819458679e-10
8.429999999999999716e+00 1.522209441828792365e-12
8.439999999999999503e+00 1.718940718931083467e-10
8.449999999999999289e+00 3.379921325458168369e-10
8.460000000000000853e+00 4.992597568004297770e-10
8.470000000000000639e+00 6.551772197688210397e-10
8.480000000000000426e+00 8.052660066537598027e-10
8.490000000000000213e+00 9.490921642346661358e-10
8.500000000000000000e+00 1.086269796335415094e-09
8.509999999999999787e+00 1.216463613867846405e-09
8.519999999999999574e+00 1.339391509161402816e-09
8.529999999999999361e+00 1.454826524874275329e-09
8.540000000000000924e+00 1.562598013656046891e-09
8.550000000000000711e+00 1.662592711941524026e-09
8.560000000000000497e+00 1.754754966332150445e-09
8.570000000000000284e+00 1.839086492469443890e-09
8.580000000000000071e+00 1.915645727115777852e-09
8.589999999999999858e+00 1.984546522774965904e-09
8.599999999999999645e+00 2.045956432918105694e-09
8.609999999999999432e+00 2.100094232630050906e-09
8.620000000000000995e+00 2.147227677346680297e-09
8.630000000000000782e+00 2.187669901135280703e-09
8.640000000000000568e+00 2.221776301131184184e-09
8.650000000000000355e+00 2.249940684283247005e-09
8.660000000000000142e+00 2.272591325628431358e-09
8.669999999999999929e+00 2.290186474924321702e-09
8.679999999999999716e+00 2.303210334475905285e-09
8.689999999999999503e+00 2.312168122763080813e-09
8.700000000000001066e+00 2.317581827661406406e-09
8.710000000000000853e+00 2.319985324510109859e-09
8.720000000000000639e+00 2.319920246358908589e-09
8.730000000000000426e+00 2.317930902339532251e-09
8.740000000000000213e+00 2.314560501159163008e-09
8.750000000000000000e+00 2.310346614107366969e-09
8.759999999999999787e+00 2.305817143992416884e-09
8.769999999999999574e+00 2.301486795412699404e-09
8.779999999999999361e+00 2.297853097903146402e-09
8.790000000000000924e+00 2.295393496803965760e-09
8.800000000000000711e+00 2.294562087643697845e-09
8.810000000000000497e+00 2.295786710911074113e-09
8.820000000000000284e+00 2.299466918959103268e-09
8.830000000000000071e+00 2.305971175294019293e-09
8.839999999999999858e+00 2.315635672794913447e-09
8.849999999999999645e+00 2.328762051251320742e-09
8.859999999999999432e+00 2.345616598523059260e-09
8.870000000000000995e+00 2.366428845414214610e-09
8.880000000000000782e+00 2.391391050460267564e-09
8.890000000000000568e+00 2.420657557213046207e-09
8.900000000000000355e+00 2.454344320661216994e-09
8.910000000000000142e+00 2.492529518720310033e-09
8.919999999999999929e+00 2.535252967630907683e-09
8.929999999999999716e+00 2.582517056107236364e-09
8.939999999999999503e+00 2.634286951769260199e-09
8.950000000000001066e+00 2.690491648915660505e-09
8.960000000000000853e+00 2.751024772568166910e-09
8.970000000000000639e+00 2.815745707776540208e-09
8.980000000000000426e+00 2.884480697698532659e-09
8.990000000000000213e+00 2.957024260868967858e-09
9.000000000000000000e+00 3.033140709082782216e-09
9.009999999999999787e+00 3.112565476193207559e-09
9.019999999999999574e+00 3.195006963857549565e-09
9.029999999999999361e+00 3.280148095849422241e-09
9.040000000000000924e+00 3.367648243601806257e-09
9.050000000000000711e+00 3.457144780519283422e-09
9.060000000000000497e+00 3.548255153237866999e-09
9.070000000000000284e+00 3.640578741248567951e-09
9.080000000000000071e+00 3.733698702643173384e-09
9.089999999999999858e+00 3.827183930882327445e-09
9.099999999999999645e+00 3.920591176362342445e-09
9.109999999999999432e+00 4.013466654503861086e-09
9.120000000000000995e+00 4.105348375485484702e-09
9.130000000000000782e+00 4.195767800904692812e-09
9.140000000000000568e+00 4.284251776259795363e-09
9.150000000000000355e+00 4.370324813846027112e-09
9.160000000000000142e+00 4.453510515228797928e-09
9.169999999999999929e+00 4.533333715361909100e-09
9.179999999999999716e+00 4.609322144452643322e-09
9.189999999999999503e+00 4.681008471466019394e-09
9.200000000000001066e+00 4.747931983337116968e-09
9.210000000000000853e+00 4.809640035199902464e-09
9.220000000000000639e+00 4.865690324609706074e-09
9.230000000000000426e+00 4.915652034725992436e-09
9.240000000000000213e+00 4.959107751181801582e-09
9.250000000000000000e+00 4.995654971293173041e-09
9.259999999999999787e+00 5.024907736433936734e-09
9.269999999999999574e+00 5.046497964303342521e-09
9.279999999999999361e+00 5.060077074361957195e-09
9.290000000000000924e+00 5.065317443264660824e-09
9.300000000000000711e+00 5.061913702433806783e-09
9.310000000000000497e+00 5.049584219513070238e-09
9.320000000000000284e+00 5.028072203386302341e-09
9.330000000000000071e+00 4.997147471860752255e-09
9.339999999999999858e+00 4.956607076167518500e-09
9.349999999999999645e+00 4.906277157115668253e-09
9.359999999999999432e+00 4.846013694492778967e-09
9.370000000000000995e+00 4.775703939946529530e-09
9.380000000000000782e+00 4.695267428328486758e-09
9.390000000000000568e+00 4.604657086182406545e-09
9.400000000000000355e+00 4.503860435642326188e-09
9.410000000000000142e+00 4.392900408017874625e-09
9.419999999999999929e+00 4.271836644836879415e-09
9.429999999999999716e+00 4.140765887290787095e-09
9.439999999999999503e+00 3.999823514067024632e-09
9.450000000000001066e+00 3.849183782475562587e-09
9.460000000000000853e+00 3.689060728770399145e-09
9.470000000000000639e+00 3.519709130053727542e-09
9.480000000000000426e+00 3.341424389784186655e-09
9.490000000000000213e+00 3.154543395597619870e-09
9.500000000000000000e+00 2.959444273843703233e-09
9.509999999999999787e+00 2.756547069597548028e-09
9.519999999999999574e+00 2.546312814245832445e-09
9.529999999999999361e+00 2.329243774419620383e-09
9.540000000000000924e+00 2.105882097175326706e-09
9.550000000000000711e+00 1.876809562796621922e-09
9.560000000000000497e+00 1.642645614148563471e-09
9.570000000000000284e+00 1.404045942010601067e-09
9.580000000000000071e+00 1.161700814537869331e-09
9.589999999999999858e+00 9.163317734803277936e-10
9.599999999999999645e+00 6.686894527679898559e-10
9.609999999999999432e+00 4.195499876333275147e-10
9.620000000000000995e+00 1.697112810526701931e-10
9.630000000000000782e+00 -8.001128882703656409e-11
9.640000000000000568e+00 -3.287894938946989143e-10
9.650000000000000355e+00 -5.757872893752402632e-10
9.660000000000000142e+00 -8.201663983381513034e-10
9.669999999999999929e+00 -1.061091892736593101e-09
9.679999999999999716e+00 -1.297738488285210545e-09
9.689999999999999503e+00 -1.529296832182211463e-09
9.700000000000001066e+00 -1.754979932861930325e-09
9.710000000000000853e+00 -1.974029399361490467e-09
9.720000000000000639e+00 -2.185722461529870930e-09
9.730000000000000426e+00 -2.389377830140648751e-09
9.740000000000000213e+00 -2.584362042944154947e-09
9.750000000000000000e+00 -2.770095185731288184e-09
9.759999999999999787e+00 -2.946055953134299021e-09
9.769999999999999574e+00 -3.111786864209292736e-09
9.779999999999999361e+00 -3.266897916250066647e-09
9.790000000000000924e+00 -3.411070538875127234e-09
9.800000000000000711e+00 -3.544059490974069138e-09
9.810000000000000497e+00 -3.665695591905174244e-09
9.820000000000000284e+00 -3.775885793920116806e-09
9.830000000000000071e+00 -3.874613723180847513e-09
9.839999999999999858e+00 -3.961938714819659979e-09
9.849999999999999645e+00 -4.037994038100234384e-09
9.859999999999999432e+00 -4.102984168131290632e-09
9.870000000000000995e+00 -4.157181869145903930e-09
9.880000000000000782e+00 -4.200923707422393738e-09
9.890000000000000568e+00 -4.234605199479601900e-09
9.900000000000000355e+00 -4.258675720663490649e-09
9.910000000000000142e+00 -4.273632792269055347e-09
9.919999999999999929e+00 -4.280015522117180948e-09
9.929999999999999716e+00 -4.278398359550128482e-09
9.939999999999999503e+00 -4.269384606698373164e-09
9.950000000000001066e+00 -4.253599091008641864e-09
9.960000000000000853e+00 -4.231682318358437334e-09
9.970000000000000639e+00 -4.204283261810548566e-09
9.980000000000000426e+00 -4.172053140460985077e-09
9.990000000000000213e+00 -4.135639340534236208e-09
1.000000000000000000e+01 -4.095679565462029270e-09
