0.000000000000000000e+00 9.927460905917181444e-01
1.000000000000000021e-02 9.927460905837358629e-01
2.000000000000000042e-02 9.927460905597903507e-01
2.999999999999999889e-02 9.927460905197833529e-01
4.000000000000000083e-02 9.927460904651376206e-01
5.000000000000000278e-02 9.927460904036501388e-01
5.999999999999999778e-02 9.927460903619224064e-01
7.000000000000000666e-02 9.927460904103709849e-01
8.000000000000000167e-02 9.927460907072012120e-01
8.999999999999999667e-02 9.927460915686323606e-01
1.000000000000000056e-01 9.927460935733003478e-01
1.100000000000000006e-01 9.927460977090795113e-01
1.199999999999999956e-01 9.927461055705367743e-01
1.300000000000000044e-01 9.927461196344204986e-01
1.400000000000000133e-01 9.927461435264554046e-01
1.499999999999999944e-01 9.927461824633780907e-01
1.600000000000000033e-01 9.927462437044174415e-01
1.700000000000000122e-01 9.927463370945738275e-01
1.799999999999999933e-01 9.927464756830455261e-01
1.900000000000000022e-01 9.927466764125061349e-01
2.000000000000000111e-01 9.927469608712806703e-01
2.099999999999999922e-01 9.927473560964641397e-01
2.200000000000000011e-01 9.927478954117845422e-01
2.300000000000000100e-01 9.927486192795980102e-01
2.399999999999999911e-01 9.927495761420330744e-01
2.500000000000000000e-01 9.927508232221086137e-01
2.600000000000000089e-01 9.927524272519281379e-01
2.700000000000000178e-01 9.927544650920290259e-01
2.800000000000000266e-01 9.927570242038934456e-01
2.899999999999999800e-01 9.927602029368248759e-01
2.999999999999999889e-01 9.927641105910449681e-01
3.099999999999999978e-01 9.927688672212315879e-01
3.200000000000000067e-01 9.927746031488449141e-01
3.300000000000000155e-01 9.927814581575762354e-01
3.400000000000000244e-01 9.927895803539398267e-01
3.500000000000000333e-01 9.927991246841940676e-01
3.599999999999999867e-01 9.928102511090644011e-01
3.699999999999999956e-01 9.928231224485627449e-01
3.800000000000000044e-01 9.928379019199838895e-01
3.900000000000000133e-01 9.928547504021072445e-01
4.000000000000000222e-01 9.928738234670396734e-01
4.100000000000000311e-01 9.928952682271671160e-01
4.199999999999999845e-01 9.929192200477648944e-01
4.299999999999999933e-01 9.929457991753389834e-01
4.400000000000000022e-01 9.929751073274829531e-01
4.500000000000000111e-01 9.930072242818728245e-01
4.600000000000000200e-01 9.930422044902869061e-01
4.700000000000000289e-01 9.930800737287738267e-01
4.799999999999999822e-01 9.931208257783824545e-01
4.899999999999999911e-01 9.931644191133683908e-01
5.000000000000000000e-01 9.932107735572990315e-01
5.100000000000000089e-01 9.932597668538554192e-01
5.200000000000000178e-01 9.933112310907140641e-01
5.300000000000000266e-01 9.933649489141989086e-01
5.400000000000000355e-01 9.934206494823444311e-01
5.500000000000000444e-01 9.934780041276513041e-01
5.600000000000000533e-01 9.935366217416060630e-01
5.700000000000000622e-01 9.935960439544373468e-01
5.799999999999999600e-01 9.936557402692239860e-01
5.899999999999999689e-01 9.937151034225051305e-01
5.999999999999999778e-01 9.937734453863622530e-01
6.099999999999999867e-01 9.938299946000821450e-01
6.199999999999999956e-01 9.938838952203872257e-01
6.300000000000000044e-01 9.939342094001801797e-01
6.400000000000000133e-01 9.939799238316586738e-01
6.500000000000000222e-01 9.940199619946525900e-01
6.600000000000000311e-01 9.940532036955760375e-01
6.700000000000000400e-01 9.940785135100356218e-01
6.800000000000000488e-01 9.940947795784328411e-01
6.900000000000000577e-01 9.941009637582072234e-01
7.000000000000000666e-01 9.940961633094975713e-01
7.099999999999999645e-01 9.940796829914990695e-01
7.199999999999999734e-01 9.940511146184064506e-01
7.299999999999999822e-01 9.940104187856205753e-01
7.399999999999999911e-01 9.939580007738755274e-01
7.500000000000000000e-01 9.938947698811694265e-01
7.600000000000000089e-01 9.938221692788160588e-01
7.700000000000000178e-01 9.937421623176209140e-01
7.800000000000000266e-01 9.936571627170315280e-01
7.900000000000000355e-01 9.935699002858856543e-01
8.000000000000000444e-01 9.934832221500127236e-01
8.100000000000000533e-01 9.933998416550831045e-01
8.200000000000000622e-01 9.933220623290405227e-01
8.300000000000000711e-01 9.932515201429442664e-01
8.399999999999999689e-01 9.931889997106413404e-01
8.499999999999999778e-01 9.931343832796714066e-01
8.599999999999999867e-01 9.930867788261356077e-01
8.699999999999999956e-01 9.930448400085775118e-01
8.800000000000000044e-01 9.930072359722137421e-01
8.900000000000000133e-01 9.929731626623780061e-01
9.000000000000000222e-01 9.929427317845369583e-01
9.100000000000000311e-01 9.929170603274137807e-01
9.200000000000000400e-01 9.928979395787864703e-01
9.300000000000000488e-01 9.928870901192565768e-01
9.400000000000000577e-01 9.928851734788899375e-01
9.500000000000000666e-01 9.928908706931079964e-01
9.599999999999999645e-01 9.929003968018373927e-01
9.699999999999999734e-01 9.929077725977688562e-01
9.799999999999999822e-01 9.929060055638768700e-01
9.899999999999999911e-01 9.928890196713628935e-01
1.000000000000000000e+00 9.928537317684752450e-01
1.010000000000000009e+00 9.928012879440019089e-01
1.020000000000000018e+00 9.927365343243396145e-01
1.030000000000000027e+00 9.926655920569793512e-01
1.040000000000000036e+00 9.925926496782004893e-01
1.050000000000000044e+00 9.925178815096933338e-01
1.060000000000000053e+00 9.924379743506750451e-01
1.070000000000000062e+00 9.923492469700798679e-01
1.080000000000000071e+00 9.922517151646577105e-01
1.090000000000000080e+00 9.921515690509936647e-01
1.100000000000000089e+00 9.920598590008066209e-01
1.110000000000000098e+00 9.919869807351587854e-01
1.120000000000000107e+00 9.919354026759761300e-01
1.130000000000000115e+00 9.918952270333207810e-01
1.140000000000000124e+00 9.918464394079857804e-01
1.150000000000000133e+00 9.917677672128087929e-01
1.159999999999999920e+00 9.916473253140709598e-01
1.169999999999999929e+00 9.914882118508013820e-01
1.179999999999999938e+00 9.913051531158129093e-01
1.189999999999999947e+00 9.911148416625888968e-01
1.199999999999999956e+00 9.909276295224344056e-01
1.209999999999999964e+00 9.907469084927921221e-01
1.219999999999999973e+00 9.905755709949419785e-01
1.229999999999999982e+00 9.904224409169273269e-01
1.239999999999999991e+00 9.903013238090454529e-01
1.250000000000000000e+00 9.902220115159559022e-01
1.260000000000000009e+00 9.901805299058692444e-01
1.270000000000000018e+00 9.901575144377920967e-01
1.280000000000000027e+00 9.901271447910877654e-01
1.290000000000000036e+00 9.900707416399162630e-01
1.300000000000000044e+00 9.899856939001081546e-01
1.310000000000000053e+00 9.898835662806021451e-01
1.320000000000000062e+00 9.897788293176571495e-01
1.330000000000000071e+00 9.896767477234729160e-01
1.340000000000000080e+00 9.895695639174770797e-01
1.350000000000000089e+00 9.894431526721170211e-01
1.360000000000000098e+00 9.892882099672086760e-01
1.370000000000000107e+00 9.891076221002153002e-01
1.380000000000000115e+00 9.889154336660822553e-01
1.390000000000000124e+00 9.887287074570425549e-01
1.400000000000000133e+00 9.885576691730546539e-01
1.409999999999999920e+00 9.883999614415424073e-01
1.419999999999999929e+00 9.882418308497558090e-01
1.429999999999999938e+00 9.880648628136338152e-01
1.439999999999999947e+00 9.878541815418919736e-01
1.449999999999999956e+00 9.876040682694346984e-01
1.459999999999999964e+00 9.873190098056019437e-01
1.469999999999999973e+00 9.870106941279231938e-01
1.479999999999999982e+00 9.866931037814467009e-01
1.489999999999999991e+00 9.863780897593350527e-01
1.500000000000000000e+00 9.860729191244543834e-01
1.510000000000000009e+00 9.857800311284302675e-01
1.520000000000000018e+00 9.854983123043802307e-01
1.530000000000000027e+00 9.852248993841457025e-01
1.540000000000000036e+00 9.849567275660718879e-01
1.550000000000000044e+00 9.846914510048405678e-01
1.560000000000000053e+00 9.844277281850166705e-01
1.570000000000000062e+00 9.841650678939151131e-01
1.580000000000000071e+00 9.839034766158659684e-01
1.590000000000000080e+00 9.836430952757924118e-01
1.600000000000000089e+00 9.833839275645429590e-01
1.610000000000000098e+00 9.831256876019309754e-01
1.620000000000000107e+00 9.828677496592983509e-01
1.630000000000000115e+00 9.826091666013256898e-01
1.640000000000000124e+00 9.823487278945524093e-01
1.650000000000000133e+00 9.820850375574943225e-01
1.660000000000000142e+00 9.818166170998915421e-01
1.669999999999999929e+00 9.815420311738913828e-01
1.679999999999999938e+00 9.812600526871533280e-01
1.689999999999999947e+00 9.809698628505687523e-01
1.699999999999999956e+00 9.806712570778142180e-01
1.709999999999999964e+00 9.803647797726355861e-01
1.719999999999999973e+00 9.800516507874865724e-01
1.729999999999999982e+00 9.797332988808333809e-01
1.739999999999999991e+00 9.794103372105339433e-01
1.750000000000000000e+00 9.790809813231338143e-01
1.760000000000000009e+00 9.787392837017199199e-01
1.770000000000000018e+00 9.783740982665174446e-01
1.780000000000000027e+00 9.779701285730039162e-01
1.790000000000000036e+00 9.775122510562688216e-01
1.800000000000000044e+00 9.769929805163013459e-01
1.810000000000000053e+00 9.764204167900087938e-01
1.820000000000000062e+00 9.758214721406799352e-01
1.830000000000000071e+00 9.752353270773770344e-01
1.840000000000000080e+00 9.746975081608388880e-01
1.850000000000000089e+00 9.742241925397444602e-01
1.860000000000000098e+00 9.738108467853427985e-01
1.870000000000000107e+00 9.734494542561360486e-01
1.880000000000000115e+00 9.731473189848225402e-01
1.890000000000000124e+00 9.729197992813576334e-01
1.900000000000000133e+00 9.727535753629852344e-01
1.910000000000000142e+00 9.725837161718418056e-01
1.919999999999999929e+00 9.723337431718865886e-01
1.929999999999999938e+00 9.719957390041409351e-01
1.939999999999999947e+00 9.716524138887725481e-01
1.949999999999999956e+00 9.713861854678733643e-01
1.959999999999999964e+00 9.711751197086342380e-01
1.969999999999999973e+00 9.709246487280349669e-01
1.979999999999999982e+00 9.705872480040181882e-01
1.989999999999999991e+00 9.701735184259342448e-01
2.000000000000000000e+00 9.696518818735946343e-01
2.010000000000000231e+00 9.689641010839536994e-01
2.020000000000000018e+00 9.681765679992742069e-01
2.030000000000000249e+00 9.674691748758204035e-01
2.040000000000000036e+00 9.669296800982553064e-01
2.049999999999999822e+00 9.665240999561440782e-01
2.060000000000000053e+00 9.662458769615369647e-01
2.069999999999999840e+00 9.660558932911822438e-01
2.080000000000000071e+00 9.657829609669292825e-01
2.089999999999999858e+00 9.653676264722234057e-01
2.100000000000000089e+00 9.649953180142695208e-01
2.109999999999999876e+00 9.647501471523449723e-01
2.120000000000000107e+00 9.644760148779077946e-01
2.129999999999999893e+00 9.640784357779490499e-01
2.140000000000000124e+00 9.635362828861592233e-01
2.149999999999999911e+00 9.627615040616979147e-01
2.160000000000000142e+00 9.618426263787079877e-01
2.169999999999999929e+00 9.610642529822277513e-01
2.180000000000000160e+00 9.605193282926587361e-01
2.189999999999999947e+00 9.601486315309235575e-01
2.200000000000000178e+00 9.599219160151024610e-01
2.209999999999999964e+00 9.596558771241849861e-01
2.220000000000000195e+00 9.591994850576228693e-01
2.229999999999999982e+00 9.587563163069023897e-01
2.240000000000000213e+00 9.584802136626714431e-01
2.250000000000000000e+00 9.581945546386296808e-01
2.260000000000000231e+00 9.577674358243225550e-01
2.270000000000000018e+00 9.571571119036634823e-01
2.280000000000000249e+00 9.562675575689560947e-01
2.290000000000000036e+00 9.552285537753384403e-01
2.300000000000000266e+00 9.543645547639492133e-01
2.310000000000000053e+00 9.537689254727826915e-01
2.319999999999999840e+00 9.533689366320233782e-01
2.330000000000000071e+00 9.531218177067328767e-01
2.339999999999999858e+00 9.528504536399571290e-01
2.350000000000000089e+00 9.523725677744897533e-01
2.359999999999999876e+00 9.518333963374653317e-01
2.370000000000000107e+00 9.514645915813533250e-01
2.379999999999999893e+00 9.511985835291174585e-01
2.390000000000000124e+00 9.508457855600584985e-01
2.399999999999999911e+00 9.503458368861613659e-01
2.410000000000000142e+00 9.496499814662233696e-01
2.419999999999999929e+00 9.486775952935425638e-01
2.430000000000000160e+00 9.475172686127779631e-01
2.439999999999999947e+00 9.464298686145035111e-01
2.450000000000000178e+00 9.455881255437028621e-01
2.459999999999999964e+00 9.449748181079750120e-01
2.470000000000000195e+00 9.445285960313485329e-01
2.479999999999999982e+00 9.442230448099094842e-01
2.490000000000000213e+00 9.439852137864193082e-01
2.500000000000000000e+00 9.436699918648335794e-01
2.510000000000000231e+00 9.431793909388844765e-01
2.520000000000000018e+00 9.425628694335559388e-01
2.530000000000000249e+00 9.419673894327628139e-01
2.540000000000000036e+00 9.415036183164127159e-01
2.550000000000000266e+00 9.411707080076963106e-01
2.560000000000000053e+00 9.408884607942217260e-01
2.569999999999999840e+00 9.405732304711102998e-01
2.580000000000000071e+00 9.401821251783391009e-01
2.589999999999999858e+00 9.397083606580114434e-01
2.600000000000000089e+00 9.391550054805464232e-01
2.609999999999999876e+00 9.385164230450930845e-01
2.620000000000000107e+00 9.377770987051808893e-01
2.629999999999999893e+00 9.369211640201926539e-01
2.640000000000000124e+00 9.359420372132478683e-01
2.649999999999999911e+00 9.348462383599069891e-01
2.660000000000000142e+00 9.336512653477191392e-01
2.669999999999999929e+00 9.323804066325704909e-01
2.680000000000000160e+00 9.310574370276325507e-01
2.689999999999999947e+00 9.297028813309267115e-01
2.700000000000000178e+00 9.283322305733343605e-01
2.709999999999999964e+00 9.269557423388263828e-01
2.720000000000000195e+00 9.255792289849904542e-01
2.729999999999999982e+00 9.242053256405406980e-01
2.740000000000000213e+00 9.228349257167425268e-01
2.750000000000000000e+00 9.214686506014655443e-01
2.760000000000000231e+00 9.201083299999350817e-01
2.770000000000000018e+00 9.187584954788455827e-01
2.780000000000000249e+00 9.174278281183478878e-01
2.790000000000000036e+00 9.161303512994021236e-01
2.800000000000000266e+00 9.148859406766800539e-01
2.810000000000000053e+00 9.137195095868959616e-01
2.819999999999999840e+00 9.126581858256965774e-01
2.830000000000000071e+00 9.117261743451067213e-01
2.839999999999999858e+00 9.109380124967617620e-01
2.850000000000000089e+00 9.102924365322636602e-01
2.859999999999999876e+00 9.097703374430304857e-01
2.870000000000000107e+00 9.093398022641780987e-01
2.879999999999999893e+00 9.089677283713643030e-01
2.890000000000000124e+00 9.086315750007463166e-01
2.899999999999999911e+00 9.083207308590525164e-01
2.910000000000000142e+00 9.080214779143777060e-01
2.919999999999999929e+00 9.076952637904651677e-01
2.930000000000000160e+00 9.072764934427441919e-01
2.939999999999999947e+00 9.067112903140361890e-01
2.950000000000000178e+00 9.060211986125771277e-01
2.959999999999999964e+00 9.053311219339065241e-01
2.970000000000000195e+00 9.048049510370893556e-01
2.979999999999999982e+00 9.045150737281317799e-01
2.990000000000000213e+00 9.043665181257397601e-01
3.000000000000000000e+00 9.041696355395001383e-01
3.010000000000000231e+00 9.037911408279905023e-01
3.020000000000000018e+00 9.032089271523500162e-01
3.030000000000000249e+00 9.024249560596518949e-01
3.040000000000000036e+00 9.014064517089943607e-01
3.050000000000000266e+00 9.001884751677580176e-01
3.060000000000000053e+00 8.989778914183982339e-01
3.070000000000000284e+00 8.980240737154977504e-01
3.080000000000000071e+00 8.973800346460532040e-01
3.089999999999999858e+00 8.969076818415746555e-01
3.100000000000000089e+00 8.965047761504274515e-01
3.109999999999999876e+00 8.961546859250459907e-01
3.120000000000000107e+00 8.957597327222178718e-01
3.129999999999999893e+00 8.951831802710711328e-01
3.140000000000000124e+00 8.945208160322563051e-01
3.149999999999999911e+00 8.940596810611280976e-01
3.160000000000000142e+00 8.938638354121578589e-01
3.169999999999999929e+00 8.936619028221275407e-01
3.180000000000000160e+00 8.932200284477107566e-01
3.189999999999999947e+00 8.925352801692123528e-01
3.200000000000000178e+00 8.916244664338165427e-01
3.209999999999999964e+00 8.904756274635268198e-01
3.220000000000000195e+00 8.892719977826962774e-01
3.229999999999999982e+00 8.883172001335452039e-01
3.240000000000000213e+00 8.876763015914108657e-01
3.250000000000000000e+00 8.871787691767329953e-01
3.260000000000000231e+00 8.867396353609204862e-01
3.270000000000000018e+00 8.863664981434171697e-01
3.280000000000000249e+00 8.859414727737058293e-01
3.290000000000000036e+00 8.853481128341458284e-01
3.300000000000000266e+00 8.847436185720007895e-01
3.310000000000000053e+00 8.843826523589060074e-01
3.320000000000000284e+00 8.842221757764847645e-01
3.330000000000000071e+00 8.839696980832729700e-01
3.339999999999999858e+00 8.834575475265984412e-01
3.350000000000000089e+00 8.827282179471493961e-01
3.359999999999999876e+00 8.818182575522636180e-01
3.370000000000000107e+00 8.807107849352684426e-01
3.379999999999999893e+00 8.795076917527864246e-01
3.390000000000000124e+00 8.784416873220036726e-01
3.399999999999999911e+00 8.776515514313971700e-01
3.410000000000000142e+00 8.770632066984890285e-01
3.419999999999999929e+00 8.765403755892278159e-01
3.430000000000000160e+00 8.760540732669327424e-01
3.439999999999999947e+00 8.756401737721090095e-01
3.450000000000000178e+00 8.752615099894914819e-01
3.459999999999999964e+00 8.748071654452485024e-01
3.470000000000000195e+00 8.742299208471286942e-01
3.479999999999999982e+00 8.736274022005808826e-01
3.490000000000000213e+00 8.731591503538485011e-01
3.500000000000000000e+00 8.728952319012850403e-01
3.510000000000000231e+00 8.727548871217438720e-01
3.520000000000000018e+00 8.725779098156156710e-01
3.530000000000000249e+00 8.722398229242653844e-01
3.540000000000000036e+00 8.717087915275100185e-01
3.550000000000000266e+00 8.710211504295725105e-01
3.560000000000000053e+00 8.702225415376009243e-01
3.570000000000000284e+00 8.693302790400214697e-01
3.580000000000000071e+00 8.683367585710636272e-01
3.589999999999999858e+00 8.672369509059064674e-01
3.600000000000000089e+00 8.660518837209962850e-01
3.609999999999999876e+00 8.648320970888924153e-01
3.620000000000000107e+00 8.636428467133528963e-01
3.629999999999999893e+00 8.625429712323744447e-01
3.640000000000000124e+00 8.615690786958376535e-01
3.649999999999999911e+00 8.607304637601174147e-01
3.660000000000000142e+00 8.600136333285993695e-01
3.669999999999999929e+00 8.593918239321968189e-01
3.680000000000000160e+00 8.588347654645037688e-01
3.689999999999999947e+00 8.583157322892953633e-01
3.700000000000000178e+00 8.578150463627401967e-01
3.709999999999999964e+00 8.573205968481405481e-01
3.720000000000000195e+00 8.568265478704769622e-01
3.729999999999999982e+00 8.563313451883248772e-01
3.740000000000000213e+00 8.558357897594288666e-01
3.750000000000000000e+00 8.553415622583204758e-01
3.760000000000000231e+00 8.548502906086650199e-01
3.770000000000000018e+00 8.543630853270087755e-01
3.780000000000000249e+00 8.538804039148023550e-01
3.790000000000000036e+00 8.534021072549992093e-01
3.800000000000000266e+00 8.529276030538820441e-01
3.810000000000000053e+00 8.524560102154029595e-01
3.820000000000000284e+00 8.519863113116148412e-01
3.830000000000000071e+00 8.515174837035318633e-01
3.839999999999999858e+00 8.510486134738368680e-01
3.850000000000000089e+00 8.505790019815121505e-01
3.859999999999999876e+00 8.501082745421901787e-01
3.870000000000000107e+00 8.496364960438209657e-01
3.879999999999999893e+00 8.491642903445879575e-01
3.890000000000000124e+00 8.486929500494548861e-01
3.899999999999999911e+00 8.482245119829068258e-01
3.910000000000000142e+00 8.477617632737202147e-01
3.919999999999999929e+00 8.473081361706409353e-01
3.930000000000000160e+00 8.468674499264182698e-01
3.939999999999999947e+00 8.464434688639044246e-01
3.950000000000000178e+00 8.460392697561330833e-01
3.959999999999999964e+00 8.456564494062330795e-01
3.970000000000000195e+00 8.452942516995246569e-01
3.979999999999999982e+00 8.449487447019746744e-01
3.990000000000000213e+00 8.446122202655969025e-01
4.000000000000000000e+00 8.442730057771306029e-01
4.009999999999999787e+00 8.439158555182868504e-01
4.020000000000000462e+00 8.435230188350308911e-01
4.030000000000000249e+00 8.430759807424988983e-01
4.040000000000000036e+00 8.425576425145508974e-01
4.049999999999999822e+00 8.419547714424278073e-01
4.060000000000000497e+00 8.412601813526237038e-01
4.070000000000000284e+00 8.404742709503818521e-01
4.080000000000000071e+00 8.396055379275496611e-01
4.089999999999999858e+00 8.386698588071714866e-01
4.099999999999999645e+00 8.376885532982887295e-01
4.110000000000000320e+00 8.366855063684606186e-01
4.120000000000000107e+00 8.356838465872350463e-01
4.129999999999999893e+00 8.347028191728785851e-01
4.139999999999999680e+00 8.337555003608462245e-01
4.150000000000000355e+00 8.328478543575852378e-01
4.160000000000000142e+00 8.319793514529892908e-01
4.169999999999999929e+00 8.311450056722444746e-01
4.179999999999999716e+00 8.303383455163152460e-01
4.190000000000000391e+00 8.295545999204625431e-01
4.200000000000000178e+00 8.287933317454739823e-01
4.209999999999999964e+00 8.280598956761104912e-01
4.219999999999999751e+00 8.273653903278123112e-01
4.230000000000000426e+00 8.267251303268277063e-01
4.240000000000000213e+00 8.261559897250370099e-01
4.250000000000000000e+00 8.256731901665409490e-01
4.259999999999999787e+00 8.252871883506004425e-01
4.270000000000000462e+00 8.250012573597533816e-01
4.280000000000000249e+00 8.248101844461797061e-01
4.290000000000000036e+00 8.247002708840888152e-01
4.299999999999999822e+00 8.246505710357964203e-01
4.310000000000000497e+00 8.246350975133776018e-01
4.320000000000000284e+00 8.246255838605058841e-01
4.330000000000000071e+00 8.245943524637350253e-01
4.339999999999999858e+00 8.245168786862960841e-01
4.350000000000000533e+00 8.243737497765022404e-01
4.360000000000000320e+00 8.241518603706832202e-01
4.370000000000000107e+00 8.238448012309055324e-01
4.379999999999999893e+00 8.234525690495577699e-01
4.389999999999999680e+00 8.229807205174937135e-01
4.400000000000000355e+00 8.224391831170254630e-01
4.410000000000000142e+00 8.218409084821886035e-01
4.419999999999999929e+00 8.212005301057595519e-01
4.429999999999999716e+00 8.205331463655602953e-01
4.440000000000000391e+00 8.198533061426336310e-01
4.450000000000000178e+00 8.191742345142245529e-01
4.459999999999999964e+00 8.185073039291653751e-01
4.469999999999999751e+00 8.178617332124581418e-01
4.480000000000000426e+00 8.172444822983879753e-01
4.490000000000000213e+00 8.166603034195496491e-01
4.500000000000000000e+00 8.161119078911169833e-01
4.509999999999999787e+00 8.156002099507274616e-01
4.520000000000000462e+00 8.151246138796495178e-01
4.530000000000000249e+00 8.146833166586798791e-01
4.540000000000000036e+00 8.142736048090452039e-01
4.549999999999999822e+00 8.138921301168651201e-01
4.560000000000000497e+00 8.135351551866419895e-01
4.570000000000000284e+00 8.131987615845190920e-01
4.580000000000000071e+00 8.128790219116517335e-01
4.589999999999999858e+00 8.125721348098484675e-01
4.600000000000000533e+00 8.122745263575356089e-01
4.610000000000000320e+00 8.119829217489000772e-01
4.620000000000000107e+00 8.116943916653187596e-01
4.629999999999999893e+00 8.114063778160386375e-01
4.639999999999999680e+00 8.111167018997473832e-01
4.650000000000000355e+00 8.108235618309016512e-01
4.660000000000000142e+00 8.105255185718087674e-01
4.669999999999999929e+00 8.102214763782420448e-01
4.679999999999999716e+00 8.099106587473250407e-01
4.690000000000000391e+00 8.095925818795405293e-01
4.700000000000000178e+00 8.092670270472078764e-01
4.709999999999999964e+00 8.089340129053922412e-01
4.719999999999999751e+00 8.085937684874866527e-01
4.730000000000000426e+00 8.082467073920931444e-01
4.740000000000000213e+00 8.078934034836762201e-01
4.750000000000000000e+00 8.075345682892242083e-01
4.759999999999999787e+00 8.071710301692305300e-01
4.770000000000000462e+00 8.068037152666693856e-01
4.780000000000000249e+00 8.064336301859705847e-01
4.790000000000000036e+00 8.060618463199679118e-01
4.799999999999999822e+00 8.056894857219318862e-01
4.810000000000000497e+00 8.053177084085301196e-01
4.820000000000000284e+00 8.049477009750644063e-01
4.830000000000000071e+00 8.045806664044621304e-01
4.839999999999999858e+00 8.042178149546387322e-01
4.850000000000000533e+00 8.038603560138327664e-01
4.860000000000000320e+00 8.035094908195515861e-01
4.870000000000000107e+00 8.031664059432812586e-01
4.879999999999999893e+00 8.028322674498096223e-01
4.889999999999999680e+00 8.025082156466442074e-01
4.900000000000000355e+00 8.021953603455016513e-01
4.910000000000000142e+00 8.018947765641682990e-01
4.919999999999999929e+00 8.016075006031214700e-01
4.929999999999999716e+00 8.013345264372331300e-01
4.940000000000000391e+00 8.010768023685852501e-01
4.950000000000000178e+00 8.008352278919330658e-01
4.959999999999999964e+00 8.006106507296241181e-01
4.969999999999999751e+00 8.004038639977617553e-01
4.980000000000000426e+00 8.002156034700660392e-01
4.990000000000000213e+00 8.000465449100961912e-01
5.000000000000000000e+00 7.998973014462693598e-01
5.009999999999999787e+00 7.997684209361254348e-01
5.020000000000000462e+00 7.996603838714472223e-01
5.030000000000000249e+00 7.995736011505035767e-01
5.040000000000000036e+00 7.995084128803761070e-01
5.049999999999999822e+00 7.994650868698890411e-01
5.060000000000000497e+00 7.994438176292956166e-01
5.070000000000000284e+00 7.994447256146754999e-01
5.080000000000000071e+00 7.994678567529208690e-01
5.089999999999999858e+00 7.995131822492005380e-01
5.100000000000000533e+00 7.995805986748946159e-01
5.110000000000000320e+00 7.996699283324140151e-01
5.120000000000000107e+00 7.997809198916419060e-01
5.129999999999999893e+00 7.999132492911671388e-01
5.139999999999999680e+00 8.000665208960031638e-01
5.150000000000000355e+00 8.002402689021360649e-01
5.160000000000000142e+00 8.004339589770520513e-01
5.169999999999999929e+00 8.006469901243370435e-01
5.179999999999999716e+00 8.008786967595467043e-01
5.190000000000000391e+00 8.011283509838257322e-01
5.200000000000000178e+00 8.013951650411926808e-01
5.209999999999999964e+00 8.016782939450141088e-01
5.219999999999999751e+00 8.019768382589659295e-01
5.230000000000000426e+00 8.022898470177095565e-01
5.240000000000000213e+00 8.026163207725758308e-01
5.250000000000000000e+00 8.029552147477844182e-01
5.259999999999999787e+00 8.033054420930424433e-01
5.270000000000000462e+00 8.036658772188257638e-01
5.280000000000000249e+00 8.040353592011946215e-01
5.290000000000000036e+00 8.044126952436044808e-01
5.299999999999999822e+00 8.047966641838696367e-01
5.310000000000000497e+00 8.051860200351750319e-01
5.320000000000000284e+00 8.055794955507713517e-01
5.330000000000000071e+00 8.059758058028034799e-01
5.339999999999999858e+00 8.063736517664686909e-01
5.350000000000000533e+00 8.067717239014930986e-01
5.360000000000000320e+00 8.071687057236500706e-01
5.370000000000000107e+00 8.075632773597491987e-01
5.379999999999999893e+00 8.079541190802010941e-01
5.389999999999999680e+00 8.083399148038660220e-01
5.400000000000000355e+00 8.087193555704523806e-01
5.410000000000000142e+00 8.090911429762255302e-01
5.419999999999999929e+00 8.094539925692080251e-01
5.429999999999999716e+00 8.098066372004162350e-01
5.440000000000000391e+00 8.101478303279601167e-01
5.450000000000000178e+00 8.104763492710588269e-01
5.459999999999999964e+00 8.107909984111771884e-01
5.469999999999999751e+00 8.110906123375796195e-01
5.480000000000000426e+00 8.113740589346252197e-01
5.490000000000000213e+00 8.116402424081040623e-01
5.500000000000000000e+00 8.118881062478373600e-01
5.509999999999999787e+00 8.121166361236336062e-01
5.520000000000000462e+00 8.123248627115285947e-01
5.530000000000000249e+00 8.125118644470397111e-01
5.540000000000000036e+00 8.126767702019196404e-01
5.549999999999999822e+00 8.128187618806447245e-01
5.560000000000000497e+00 8.129370769325928725e-01
5.570000000000000284e+00 8.130310107755712723e-01
5.580000000000000071e+00 8.130999191260526171e-01
5.589999999999999858e+00 8.131432202311753565e-01
5.600000000000000533e+00 8.131603969972525103e-01
5.610000000000000320e+00 8.131509990092410378e-01
5.620000000000000107e+00 8.131146444353195557e-01
5.629999999999999893e+00 8.130510218104540776e-01
5.639999999999999680e+00 8.129598916925691032e-01
5.650000000000000355e+00 8.128410881846779290e-01
5.660000000000000142e+00 8.126945203161366482e-01
5.669999999999999929e+00 8.125201732759648188e-01
5.679999999999999716e+00 8.123181094910155720e-01
5.690000000000000391e+00 8.120884695416550336e-01
5.700000000000000178e+00 8.118314729074840308e-01
5.709999999999999964e+00 8.115474185355908698e-01
5.719999999999999751e+00 8.112366852237857806e-01
5.730000000000000426e+00 8.108997318112822761e-01
5.740000000000000213e+00 8.105370971693544035e-01
5.750000000000000000e+00 8.101493999846014482e-01
5.759999999999999787e+00 8.097373383276152969e-01
5.770000000000000462e+00 8.093016890000523933e-01
5.780000000000000249e+00 8.088433066533942117e-01
5.790000000000000036e+00 8.083631226730059183e-01
5.799999999999999822e+00 8.078621438215185524e-01
5.810000000000000497e+00 8.073414506360223619e-01
5.820000000000000284e+00 8.068021955741271345e-01
5.830000000000000071e+00 8.062456009045724237e-01
5.839999999999999858e+00 8.056729563387994286e-01
5.850000000000000533e+00 8.050856164007087479e-01
5.860000000000000320e+00 8.044849975327550418e-01
5.870000000000000107e+00 8.038725749375268403e-01
5.879999999999999893e+00 8.032498791551062611e-01
5.889999999999999680e+00 8.026184923777148761e-01
5.900000000000000355e+00 8.019800445045082160e-01
5.910000000000000142e+00 8.013362089408216926e-01
5.919999999999999929e+00 8.006886981477521203e-01
5.929999999999999716e+00 8.000392589496082563e-01
5.940000000000000391e+00 7.993896676085465725e-01
5.950000000000000178e+00 7.987417246775743163e-01
5.959999999999999964e+00 7.980972496450319253e-01
5.969999999999999751e+00 7.974580753856987947e-01
5.980000000000000426e+00 7.968260424357195282e-01
5.990000000000000213e+00 7.962029931106353597e-01
6.000000000000000000e+00 7.955907654879229574e-01
6.009999999999999787e+00 7.949911872774981791e-01
6.020000000000000462e+00 7.944060696056836068e-01
6.030000000000000249e+00 7.938372007400708030e-01
6.040000000000000036e+00 7.932863397845197895e-01
6.049999999999999822e+00 7.927552103752172341e-01
6.060000000000000497e+00 7.922454944101465779e-01
6.070000000000000284e+00 7.917588258455785510e-01
6.080000000000000071e+00 7.912967845941152323e-01
6.089999999999999858e+00 7.908608905594851635e-01
6.100000000000000533e+00 7.904525978435652522e-01
6.110000000000000320e+00 7.900732891610486863e-01
6.120000000000000107e+00 7.897242704966942473e-01
6.129999999999999893e+00 7.894067660392318775e-01
6.140000000000000568e+00 7.891219134246729716e-01
6.150000000000000355e+00 7.888707593200754431e-01
6.160000000000000142e+00 7.886542553766566765e-01
6.169999999999999929e+00 7.884732545786168334e-01
6.179999999999999716e+00 7.883285080111238630e-01
6.190000000000000391e+00 7.882206620676714959e-01
6.200000000000000178e+00 7.881502561134693385e-01
6.209999999999999964e+00 7.881177206177559791e-01
6.219999999999999751e+00 7.881233757639558579e-01
6.230000000000000426e+00 7.881674305425128146e-01
6.240000000000000213e+00 7.882499823271010841e-01
6.250000000000000000e+00 7.883710169307932558e-01
6.259999999999999787e+00 7.885304091347131727e-01
6.270000000000000462e+00 7.887279236778282909e-01
6.280000000000000249e+00 7.889632166928639556e-01
6.290000000000000036e+00 7.892358375699015660e-01
6.299999999999999822e+00 7.895452312261771466e-01
6.310000000000000497e+00 7.898907407578551476e-01
6.320000000000000284e+00 7.902716104472625736e-01
6.330000000000000071e+00 7.906869890971790493e-01
6.339999999999999858e+00 7.911359336623330352e-01
6.350000000000000533e+00 7.916174131472515363e-01
6.360000000000000320e+00 7.921303127390583176e-01
6.370000000000000107e+00 7.926734381436685295e-01
6.379999999999999893e+00 7.932455200941108675e-01
6.390000000000000568e+00 7.938452190003315589e-01
6.400000000000000355e+00 7.944711297108298931e-01
6.410000000000000142e+00 7.951217863577479950e-01
6.419999999999999929e+00 7.957956672585686508e-01
6.429999999999999716e+00 7.964911998493230394e-01
6.440000000000000391e+00 7.972067656261198065e-01
6.450000000000000178e+00 7.979407050738301921e-01
6.459999999999999964e+00 7.986913225628634594e-01
6.469999999999999751e+00 7.994568911971139391e-01
6.480000000000000426e+00 8.002356575982633169e-01
6.490000000000000213e+00 8.010258466137365474e-01
6.500000000000000000e+00 8.018256659376041817e-01
6.509999999999999787e+00 8.026333106356468017e-01
6.520000000000000462e+00 8.034469675675879330e-01
6.530000000000000249e+00 8.042648197011672551e-01
6.540000000000000036e+00 8.050850503142138459e-01
6.549999999999999822e+00 8.059058470822437759e-01
6.560000000000000497e+00 8.067254060502628832e-01
6.570000000000000284e+00 8.075419354884794121e-01
6.580000000000000071e+00 8.083536596324754075e-01
6.589999999999999858e+00 8.091588223090548926e-01
6.600000000000000533e+00 8.099556904495255338e-01
6.610000000000000320e+00 8.107425574925484213e-01
6.620000000000000107e+00 8.115177466789218474e-01
6.629999999999999893e+00 8.122796142407976427e-01
6.640000000000000568e+00 8.130265524878151906e-01
6.650000000000000355e+00 8.137569927925477620e-01
6.660000000000000142e+00 8.144694084774687370e-01
6.669999999999999929e+00 8.151623176053738318e-01
6.679999999999999716e+00 8.158342856748683758e-01
6.690000000000000391e+00 8.164839282221636463e-01
6.700000000000000178e+00 8.171099133299788431e-01
6.709999999999999964e+00 8.177109640439217397e-01
6.719999999999999751e+00 8.182858606962403192e-01
6.730000000000000426e+00 8.188334431363568644e-01
6.740000000000000213e+00 8.193526128671224651e-01
6.750000000000000000e+00 8.198423350852547253e-01
6.759999999999999787e+00 8.203016406239566072e-01
6.770000000000000462e+00 8.207296277952693675e-01
6.780000000000000249e+00 8.211254641293115331e-01
6.790000000000000036e+00 8.214883880071376376e-01
6.799999999999999822e+00 8.218177101836209308e-01
6.810000000000000497e+00 8.221128151964202102e-01
6.820000000000000284e+00 8.223731626568155928e-01
6.830000000000000071e+00 8.225982884179549037e-01
6.839999999999999858e+00 8.227878056158299813e-01
6.850000000000000533e+00 8.229414055781596460e-01
6.860000000000000320e+00 8.230588585962199666e-01
6.870000000000000107e+00 8.231400145545826330e-01
6.879999999999999893e+00 8.231848034136933778e-01
6.890000000000000568e+00 8.231932355402213908e-01
6.900000000000000355e+00 8.231654018801515260e-01
6.910000000000000142e+00 8.231014739696987936e-01
6.919999999999999929e+00 8.230017037792282109e-01
6.929999999999999716e+00 8.228664233855542687e-01
6.940000000000000391e+00 8.226960444681965523e-01
6.950000000000000178e+00 8.224910576254180761e-01
6.959999999999999964e+00 8.222520315061676577e-01
6.969999999999999751e+00 8.219796117543787251e-01
6.980000000000000426e+00 8.216745197624446551e-01
6.990000000000000213e+00 8.213375512311090754e-01
7.000000000000000000e+00 8.209695745334576467e-01
7.009999999999999787e+00 8.205715288811952224e-01
7.020000000000000462e+00 8.201444222919265226e-01
7.030000000000000249e+00 8.196893293567448779e-01
7.040000000000000036e+00 8.192073888080433353e-01
7.049999999999999822e+00 8.186998008881468669e-01
7.060000000000000497e+00 8.181678245200639799e-01
7.070000000000000284e+00 8.176127742824144118e-01
7.080000000000000071e+00 8.170360171914040626e-01
7.089999999999999858e+00 8.164389692935449805e-01
7.100000000000000533e+00 8.158230920737363778e-01
7.110000000000000320e+00 8.151898886842340319e-01
7.120000000000000107e+00 8.145409000010266354e-01
7.129999999999999893e+00 8.138777005151511812e-01
7.140000000000000568e+00 8.132018940675205254e-01
7.150000000000000355e+00 8.125151094369301719e-01
7.160000000000000142e+00 8.118189957920014521e-01
7.169999999999999929e+00 8.111152180189524774e-01
7.179999999999999716e+00 8.104054519382093424e-01
7.190000000000000391e+00 8.096913794240092610e-01
7.200000000000000178e+00 8.089746834422603117e-01
7.209999999999999964e+00 8.082570430230234804e-01
7.219999999999999751e+00 8.075401281850405066e-01
7.230000000000000426e+00 8.068255948307475611e-01
7.240000000000000213e+00 8.061150796311435940e-01
7.250000000000000000e+00 8.054101949207667088e-01
7.259999999999999787e+00 8.047125236237745449e-01
7.270000000000000462e+00 8.040236142327923385e-01
7.280000000000000249e+00 8.033449758627005943e-01
7.290000000000000036e+00 8.026780734019066665e-01
7.299999999999999822e+00 8.020243227838683708e-01
7.310000000000000497e+00 8.013850864016535125e-01
7.320000000000000284e+00 8.007616686881835477e-01
7.330000000000000071e+00 8.001553118844628720e-01
7.339999999999999858e+00 7.995671920175255742e-01
7.350000000000000533e+00 7.989984151091040765e-01
7.360000000000000320e+00 7.984500136350343169e-01
7.370000000000000107e+00 7.979229432542457312e-01
7.379999999999999893e+00 7.974180798248367008e-01
7.390000000000000568e+00 7.969362167231415217e-01
7.400000000000000355e+00 7.964780624799983055e-01
7.410000000000000142e+00 7.960442387465200831e-01
7.419999999999999929e+00 7.956352785996396726e-01
7.429999999999999716e+00 7.952516251955799031e-01
7.440000000000000391e+00 7.948936307771521381e-01
7.450000000000000178e+00 7.945615560385145271e-01
7.459999999999999964e+00 7.942555698486969407e-01
7.469999999999999751e+00 7.939757493328902793e-01
7.480000000000000426e+00 7.937220803082067899e-01
7.490000000000000213e+00 7.934944580683924720e-01
7.500000000000000000e+00 7.932926885098414704e-01
7.509999999999999787e+00 7.931164895892285349e-01
7.520000000000000462e+00 7.929654931011954622e-01
7.530000000000000249e+00 7.928392467628067042e-01
7.540000000000000036e+00 7.927372165899223555e-01
7.549999999999999822e+00 7.926587895492998026e-01
7.560000000000000497e+00 7.926032764690571497e-01
7.570000000000000284e+00 7.925699151891844041e-01
7.580000000000000071e+00 7.925578739330514377e-01
7.589999999999999858e+00 7.925662548803104057e-01
7.600000000000000533e+00 7.925940979212662274e-01
7.610000000000000320e+00 7.926403845726370800e-01
7.620000000000000107e+00 7.927040420346707084e-01
7.629999999999999893e+00 7.927839473697899653e-01
7.640000000000000568e+00 7.928789317832927175e-01
7.650000000000000355e+00 7.929877849871366235e-01
7.660000000000000142e+00 7.931092596284454732e-01
7.669999999999999929e+00 7.932420757650793242e-01
7.679999999999999716e+00 7.933849253714124750e-01
7.690000000000000391e+00 7.935364768583017536e-01
7.700000000000000178e+00 7.936953795921298793e-01
7.709999999999999964e+00 7.938602683987230346e-01
7.719999999999999751e+00 7.940297680388809232e-01
7.730000000000000426e+00 7.942024976431776295e-01
7.740000000000000213e+00 7.943770750946053116e-01
7.750000000000000000e+00 7.945521213485284839e-01
7.759999999999999787e+00 7.947262646802467634e-01
7.770000000000000462e+00 7.948981448512884018e-01
7.780000000000000249e+00 7.950664171863084384e-01
7.790000000000000036e+00 7.952297565531591950e-01
7.799999999999999822e+00 7.953868612393657500e-01
7.810000000000000497e+00 7.955364567188170088e-01
7.820000000000000284e+00 7.956772993030154506e-01
7.830000000000000071e+00 7.958081796717147993e-01
7.839999999999999858e+00 7.959279262781838726e-01
7.850000000000000533e+00 7.960354086247095617e-01
7.860000000000000320e+00 7.961295404042736390e-01
7.870000000000000107e+00 7.962092825046045430e-01
7.879999999999999893e+00 7.962736458710489851e-01
7.890000000000000568e+00 7.963216942248929620e-01
7.900000000000000355e+00 7.963525466339329562e-01
7.910000000000000142e+00 7.963653799322297777e-01
7.919999999999999929e+00 7.963594309860850817e-01
7.930000000000000604e+00 7.963339988033795169e-01
7.940000000000000391e+00 7.962884464834771858e-01
7.950000000000000178e+00 7.962222030049690424e-01
7.959999999999999964e+00 7.961347648485888051e-01
7.969999999999999751e+00 7.960256974526727092e-01
7.980000000000000426e+00 7.958946364985937105e-01
7.990000000000000213e+00 7.957412890236440495e-01
8.000000000000000000e+00 7.955654343589065869e-01
8.009999999999999787e+00 7.953669248896936272e-01
8.019999999999999574e+00 7.951456866362278664e-01
8.029999999999999361e+00 7.949017196523057160e-01
8.040000000000000924e+00 7.946350982397678564e-01
8.050000000000000711e+00 7.943459709767474175e-01
8.060000000000000497e+00 7.940345605577481258e-01
8.070000000000000284e+00 7.937011634437709517e-01
8.080000000000000071e+00 7.933461493208947557e-01
8.089999999999999858e+00 7.929699603658504348e-01
8.099999999999999645e+00 7.925731103174062930e-01
8.109999999999999432e+00 7.921561833525636587e-01
8.120000000000000995e+00 7.917198327668821811e-01
8.130000000000000782e+00 7.912647794585074834e-01
8.140000000000000568e+00 7.907918102158393303e-01
8.150000000000000355e+00 7.903017758091435141e-01
8.160000000000000142e+00 7.897955888867808083e-01
8.169999999999999929e+00 7.892742216772375974e-01
8.179999999999999716e+00 7.887387034985438028e-01
8.189999999999999503e+00 7.881901180772901139e-01
8.199999999999999289e+00 7.876296006799295979e-01
8.210000000000000853e+00 7.870583350597721850e-01
8.220000000000000639e+00 7.864775502236551752e-01
8.230000000000000426e+00 7.858885170230572870e-01
8.240000000000000213e+00 7.852925445751662847e-01
8.250000000000000000e+00 7.846909765201836029e-01
8.259999999999999787e+00 7.840851871220814173e-01
8.269999999999999574e+00 7.834765772208233114e-01
8.279999999999999361e+00 7.828665700450939680e-01
8.290000000000000924e+00 7.822566068954450724e-01
8.300000000000000711e+00 7.816481427088463052e-01
8.310000000000000497e+00 7.810426415165655500e-01
8.320000000000000284e+00 7.804415718083428377e-01
8.330000000000000071e+00 7.798464018168590473e-01
8.339999999999999858e+00 7.792585947374353061e-01
8.349999999999999645e+00 7.786796038989456381e-01
8.359999999999999432e+00 7.781108679027761710e-01
8.370000000000000995e+00 7.775538057476185649e-01
8.380000000000000782e+00 7.770098119586036356e-01
8.390000000000000568e+00 7.764802517400651860e-01
8.400000000000000355e+00 7.759664561718022657e-01
8.410000000000000142e+00 7.754697174691812522e-01
8.419999999999999929e+00 7.749912843278370378e-01
8.429999999999999716e+00 7.745323573738595035e-01
8.439999999999999503e+00 7.740940847404892411e-01
8.449999999999999289e+00 7.736775577921342073e-01
8.460000000000000853e+00 7.732838070163058353e-01
8.470000000000000639e+00 7.729137981035075766e-01
8.480000000000000426e+00 7.725684282344851272e-01
8.490000000000000213e+00 7.722485225933815034e-01
8.500000000000000000e+00 7.719548311242447891e-01
8.509999999999999787e+00 7.716880255472037264e-01
8.519999999999999574e+00 7.714486966491296283e-01
8.529999999999999361e+00 7.712373518621705726e-01
8.540000000000000924e+00 7.710544131417649272e-01
8.550000000000000711e+00 7.709002151540429448e-01
8.560000000000000497e+00 7.707750037805658483e-01
8.570000000000000284e+00 7.706789349464285843e-01
8.580000000000000071e+00 7.706120737757713446e-01
8.589999999999999858e+00 7.705743940766673905e-01
8.599999999999999645e+00 7.705657781554232644e-01
8.609999999999999432e+00 7.705860169582693375e-01
8.620000000000000995e+00 7.706348105365814494e-01
8.630000000000000782e+00 7.707117688298702474e-01
8.640000000000000568e+00 7.708164127590929615e-01
8.650000000000000355e+00 7.709481756212284154e-01
8.660000000000000142e+00 7.711064047745469496e-01
8.669999999999999929e+00 7.712903636027732546e-01
8.679999999999999716e+00 7.714992337450846671e-01
8.689999999999999503e+00 7.717321175780091913e-01
8.700000000000001066e+00 7.719880409343679029e-01
8.710000000000000853e+00 7.722659560438621673e-01
8.720000000000000639e+00 7.725647446793567630e-01
8.730000000000000426e+00 7.728832214926202315e-01
8.740000000000000213e+00 7.732201375231591012e-01
8.750000000000000000e+00 7.735741838636875922e-01
8.759999999999999787e+00 7.739439954659821375e-01
8.769999999999999574e+00 7.743281550710016115e-01
8.779999999999999361e+00 7.747251972475913684e-01
8.790000000000000924e+00 7.751336125244012720e-01
8.800000000000000711e+00 7.755518516002454232e-01
8.810000000000000497e+00 7.759783296186132384e-01
8.820000000000000284e+00 7.764114304926547083e-01
8.830000000000000071e+00 7.768495112676326864e-01
8.839999999999999858e+00 7.772909065084062652e-01
8.849999999999999645e+00 7.777339327002490421e-01
8.859999999999999432e+00 7.781768926518783935e-01
8.870000000000000995e+00 7.786180798902855305e-01
8.880000000000000782e+00 7.790557830375133275e-01
8.890000000000000568e+00 7.794882901601807301e-01
8.900000000000000355e+00 7.799138930830959993e-01
8.910000000000000142e+00 7.803308916588242994e-01
8.919999999999999929e+00 7.807375979856288062e-01
8.929999999999999716e+00 7.811323405665979713e-01
8.939999999999999503e+00 7.815134684032831736e-01
8.950000000000001066e+00 7.818793550174854001e-01
8.960000000000000853e+00 7.822284023952632559e-01
8.970000000000000639e+00 7.825590448475071570e-01
8.980000000000000426e+00 7.828697527817412016e-01
8.990000000000000213e+00 7.831590363801070875e-01
9.000000000000000000e+00 7.834254491786662999e-01
9.009999999999999787e+00 7.836675915434533346e-01
9.019999999999999574e+00 7.838841140388348450e-01
9.029999999999999361e+00 7.840737206839825113e-01
9.040000000000000924e+00 7.842351720933651293e-01
9.050000000000000711e+00 7.843672884973840187e-01
9.060000000000000497e+00 7.844689526393664458e-01
9.070000000000000284e+00 7.845391125452856329e-01
9.080000000000000071e+00 7.845767841627182548e-01
9.089999999999999858e+00 7.845810538656243782e-01
9.099999999999999645e+00 7.845510808217106558e-01
9.109999999999999432e+00 7.844860992191725613e-01
9.120000000000000995e+00 7.843854203497969690e-01
9.130000000000000782e+00 7.842484345454319161e-01
9.140000000000000568e+00 7.840746129649726059e-01
9.150000000000000355e+00 7.838635092291008633e-01
9.160000000000000142e+00 7.836147609000585490e-01
9.169999999999999929e+00 7.833280908038823265e-01
9.179999999999999716e+00 7.830033081925198424e-01
9.189999999999999503e+00 7.826403097433934919e-01
9.200000000000001066e+00 7.822390803939462955e-01
9.210000000000000853e+00 7.817996940088317581e-01
9.220000000000000639e+00 7.813223138773776055e-01
9.230000000000000426e+00 7.808071930390122484e-01
9.240000000000000213e+00 7.802546744343554774e-01
9.250000000000000000e+00 7.796651908796407016e-01
9.259999999999999787e+00 7.790392648621841110e-01
9.269999999999999574e+00 7.783775081545254437e-01
9.279999999999999361e+00 7.776806212449071110e-01
9.290000000000000924e+00 7.769493925816511881e-01
9.300000000000000711e+00 7.761846976290183164e-01
9.310000000000000497e+00 7.753874977320409645e-01
9.320000000000000284e+00 7.745588387877923031e-01
9.330000000000000071e+00 7.736998497205576086e-01
9.339999999999999858e+00 7.728117407582748566e-01
9.349999999999999645e+00 7.718958015077075352e-01
9.359999999999999432e+00 7.709533988257246673e-01
9.370000000000000995e+00 7.699859744842340037e-01
9.380000000000000782e+00 7.689950426263036931e-01
9.390000000000000568e+00 7.679821870112369941e-01
9.400000000000000355e+00 7.669490580465454510e-01
9.410000000000000142e+00 7.658973696050191959e-01
9.419999999999999929e+00 7.648288956255274718e-01
9.429999999999999716e+00 7.637454664965553919e-01
9.439999999999999503e+00 7.626489652221244420e-01
9.450000000000001066e+00 7.615413233703447471e-01
9.460000000000000853e+00 7.604245168057177651e-01
9.470000000000000639e+00 7.593005612071741517e-01
9.480000000000000426e+00 7.581715073749418776e-01
9.490000000000000213e+00 7.570394363305456009e-01
9.500000000000000000e+00 7.559064542155716770e-01
9.509999999999999787e+00 7.547746869963810612e-01
9.519999999999999574e+00 7.536462749835496355e-01
9.529999999999999361e+00 7.525233671766493604e-01
9.540000000000000924e+00 7.514081154468335022e-01
9.550000000000000711e+00 7.503026685717586464e-01
9.560000000000000497e+00 7.492091661394290059e-01
9.570000000000000284e+00 7.481297323397397836e-01
9.580000000000000071e+00 7.470664696647010272e-01
9.589999999999999858e+00 7.460214525404749164e-01
9.599999999999999645e+00 7.449967209165908599e-01
9.609999999999999432e+00 7.439942738396900790e-01
9.620000000000000995e+00 7.430160630412008249e-01
9.630000000000000782e+00 7.420639865700346949e-01
9.640000000000000568e+00 7.411398825030219850e-01
9.650000000000000355e+00 7.402455227670804438e-01
9.660000000000000142e+00 7.393826071080638052e-01
9.669999999999999929e+00 7.385527572419456899e-01
9.679999999999999716e+00 7.377575112241390176e-01
9.689999999999999503e+00 7.369983180726745742e-01
9.700000000000001066e+00 7.362765326802418464e-01
9.710000000000000853e+00 7.355934110491052502e-01
9.720000000000000639e+00 7.349501058812886178e-01
9.730000000000000426e+00 7.343476625544534953e-01
9.740000000000000213e+00 7.337870155114577519e-01
9.750000000000000000e+00 7.332689850886752181e-01
9.759999999999999787e+00 7.327942748049784960e-01
9.769999999999999574e+00 7.323634691296447841e-01
9.779999999999999361e+00 7.319770317436844476e-01
9.790000000000000924e+00 7.316353043049439453e-01
9.800000000000000711e+00 7.313385057232332231e-01
9.810000000000000497e+00 7.310867319473940418e-01
9.820000000000000284e+00 7.308799562619898715e-01
9.830000000000000071e+00 7.307180300871523038e-01
9.839999999999999858e+00 7.306006842710146554e-01
9.849999999999999645e+00 7.305275308604486373e-01
9.859999999999999432e+00 7.304980653321745399e-01
9.870000000000000995e+00 7.305116692632117603e-01
9.880000000000000782e+00 7.305676134166987357e-01
9.890000000000000568e+00 7.306650612167404635e-01
9.900000000000000355e+00 7.308030725838975394e-01
9.910000000000000142e+00 7.309806081013251466e-01
9.919999999999999929e+00 7.311965334804884087e-01
9.929999999999999716e+00 7.314496242945696114e-01
9.939999999999999503e+00 7.317385709474732991e-01
9.950000000000001066e+00 7.320619838463124918e-01
9.960000000000000853e+00 7.324183987457719702e-01
9.970000000000000639e+00 7.328062822334302506e-01
9.980000000000000426e+00 7.332240373261704747e-01
9.990000000000000213e+00 7.336700091490859776e-01
1.000000000000000000e+01 7.341424906696929487e-01
