0.000000000000000000e+00 1.709609643359625841e-01
1.000000000000000021e-02 1.709609644347107049e-01
2.000000000000000042e-02 1.709609647309331681e-01
2.999999999999999889e-02 1.709609652257519929e-01
4.000000000000000083e-02 1.709609659022220396e-01
5.000000000000000278e-02 1.709609666677215922e-01
5.999999999999999778e-02 1.709609672063883423e-01
7.000000000000000666e-02 1.709609666822485552e-01
8.000000000000000167e-02 1.709609632172387206e-01
8.999999999999999667e-02 1.709609530576178538e-01
1.000000000000000056e-01 1.709609293347068015e-01
1.100000000000000006e-01 1.709608803220629969e-01
1.199999999999999956e-01 1.709607870916469985e-01
1.300000000000000044e-01 1.709606202435214883e-01
1.400000000000000133e-01 1.709603367392381057e-01
1.499999999999999944e-01 1.709598746540647030e-01
1.600000000000000033e-01 1.709591478172026446e-01
1.700000000000000122e-01 1.709580393613814309e-01
1.799999999999999933e-01 1.709563943790110285e-01
1.900000000000000022e-01 1.709540117345773880e-01
2.000000000000000111e-01 1.709506351259875712e-01
2.099999999999999922e-01 1.709459435338591959e-01
2.200000000000000011e-01 1.709395412469122966e-01
2.300000000000000100e-01 1.709309477020918844e-01
2.399999999999999911e-01 1.709195874278790772e-01
2.500000000000000000e-01 1.709047804260797609e-01
2.600000000000000089e-01 1.708857333685190605e-01
2.700000000000000178e-01 1.708615320176094798e-01
2.800000000000000266e-01 1.708311353007058442e-01
2.899999999999999800e-01 1.707933714746714127e-01
2.999999999999999889e-01 1.707469368067031645e-01
3.099999999999999978e-01 1.706903971684170518e-01
3.200000000000000067e-01 1.706221928916417663e-01
3.300000000000000155e-01 1.705406471666875701e-01
3.400000000000000244e-01 1.704439781788277264e-01
3.500000000000000333e-01 1.703303150796525167e-01
3.599999999999999867e-01 1.701977177816589026e-01
3.699999999999999956e-01 1.700442004531392270e-01
3.800000000000000044e-01 1.698677584834553389e-01
3.900000000000000133e-01 1.696663985941814501e-01
4.000000000000000222e-01 1.694381716975938978e-01
4.100000000000000311e-01 1.691812080583968148e-01
4.199999999999999845e-01 1.688937543041493794e-01
4.299999999999999933e-01 1.685742118596579853e-01
4.400000000000000022e-01 1.682211764533579901e-01
4.500000000000000111e-01 1.678334784593559226e-01
4.600000000000000200e-01 1.674102239939943004e-01
4.700000000000000289e-01 1.669508368735631576e-01
4.799999999999999822e-01 1.664551017492368612e-01
4.899999999999999911e-01 1.659232089513327790e-01
5.000000000000000000e-01 1.653558017778832268e-01
5.100000000000000089e-01 1.647540271274870460e-01
5.200000000000000178e-01 1.641195904729566002e-01
5.300000000000000266e-01 1.634548161632597418e-01
5.400000000000000355e-01 1.627627138819870700e-01
5.500000000000000444e-01 1.620470517278956857e-01
5.600000000000000533e-01 1.613124357550375365e-01
5.700000000000000622e-01 1.605643948467092574e-01
5.799999999999999600e-01 1.598094684244863173e-01
5.899999999999999689e-01 1.590552926392415078e-01
5.999999999999999778e-01 1.583106783000275131e-01
6.099999999999999867e-01 1.575856708527400007e-01
6.199999999999999956e-01 1.568915792801812981e-01
6.300000000000000044e-01 1.562409570347536858e-01
6.400000000000000133e-01 1.556475143883414292e-01
6.500000000000000222e-01 1.551259384842684219e-01
6.600000000000000311e-01 1.546915957859530955e-01
6.700000000000000400e-01 1.543600927171158155e-01
6.800000000000000488e-01 1.541466754892764912e-01
6.900000000000000577e-01 1.540654608608030551e-01
7.000000000000000666e-01 1.541285070059078832e-01
7.099999999999999645e-01 1.543447581292968218e-01
7.199999999999999734e-01 1.547189269185948179e-01
7.299999999999999822e-01 1.552504125221447762e-01
7.399999999999999911e-01 1.559323836016088538e-01
7.500000000000000000e-01 1.567511797484621716e-01
7.600000000000000089e-01 1.576861912520193532e-01
7.700000000000000178e-01 1.587103649203814304e-01
7.800000000000000266e-01 1.597914370827852315e-01
7.900000000000000355e-01 1.608939232754380555e-01
8.000000000000000444e-01 1.619817887725747418e-01
8.100000000000000533e-01 1.630215938795260278e-01
8.200000000000000622e-01 1.639857613400882708e-01
8.300000000000000711e-01 1.648554690415054147e-01
8.399999999999999689e-01 1.656225624070105928e-01
8.499999999999999778e-01 1.662898604977676165e-01
8.599999999999999867e-01 1.668693699335116742e-01
8.699999999999999956e-01 1.673782925414881440e-01
8.800000000000000044e-01 1.678333373033451814e-01
8.900000000000000133e-01 1.682446237280554868e-01
9.000000000000000222e-01 1.686111193810327646e-01
9.100000000000000311e-01 1.689196938152826566e-01
9.200000000000000400e-01 1.691491723998091168e-01
9.300000000000000488e-01 1.692792483040274354e-01
9.400000000000000577e-01 1.693022171298501077e-01
9.500000000000000666e-01 1.692339334539223750e-01
9.599999999999999645e-01 1.691196989067824397e-01
9.699999999999999734e-01 1.690311988121233067e-01
9.799999999999999822e-01 1.690524050569087167e-01
9.899999999999999911e-01 1.692561217375564975e-01
1.000000000000000000e+00 1.696785800345946282e-01
1.010000000000000009e+00 1.703045441055282272e-01
1.020000000000000018e+00 1.710743673966310108e-01
1.030000000000000027e+00 1.719139217743266002e-01
1.040000000000000036e+00 1.727730166189708483e-01
1.050000000000000044e+00 1.736493341306160898e-01
1.060000000000000053e+00 1.745811652680459569e-01
1.070000000000000062e+00 1.756102338255970119e-01
1.080000000000000071e+00 1.767347141125086563e-01
1.090000000000000080e+00 1.778821669414745454e-01
1.100000000000000089e+00 1.789267077390604421e-01
1.110000000000000098e+00 1.797525705631290438e-01
1.120000000000000107e+00 1.803348449917779595e-01
1.130000000000000115e+00 1.807871378644924920e-01
1.140000000000000124e+00 1.813349157369280318e-01
1.150000000000000133e+00 1.822148757741872682e-01
1.159999999999999920e+00 1.835541313441808042e-01
1.169999999999999929e+00 1.853090493386372328e-01
1.179999999999999938e+00 1.873084154986894567e-01
1.189999999999999947e+00 1.893653865191603225e-01
1.199999999999999956e+00 1.913680458650743321e-01
1.209999999999999964e+00 1.932822925928007751e-01
1.219999999999999973e+00 1.950804368767357633e-01
1.229999999999999982e+00 1.966741067857125380e-01
1.239999999999999991e+00 1.979258654381011728e-01
1.250000000000000000e+00 1.987414596412878931e-01
1.260000000000000009e+00 1.991667501875001578e-01
1.270000000000000018e+00 1.994023405488462297e-01
1.280000000000000027e+00 1.997128010122779240e-01
1.290000000000000036e+00 2.002881682921645035e-01
1.300000000000000044e+00 2.011527499731309843e-01
1.310000000000000053e+00 2.021862725761960911e-01
1.320000000000000062e+00 2.032409626114321244e-01
1.330000000000000071e+00 2.042638862351271734e-01
1.340000000000000080e+00 2.053326783592112348e-01
1.350000000000000089e+00 2.065863872245355670e-01
1.360000000000000098e+00 2.081131933613104557e-01
1.370000000000000107e+00 2.098792870788152298e-01
1.380000000000000115e+00 2.117433503348166712e-01
1.390000000000000124e+00 2.135395354550440883e-01
1.400000000000000133e+00 2.151722444310168458e-01
1.409999999999999920e+00 2.166672949726854702e-01
1.419999999999999929e+00 2.181565415999507374e-01
1.429999999999999938e+00 2.198117910699909916e-01
1.439999999999999947e+00 2.217670281322169923e-01
1.449999999999999956e+00 2.240671333386828890e-01
1.459999999999999964e+00 2.266615420721614094e-01
1.469999999999999973e+00 2.294362564772968738e-01
1.479999999999999982e+00 2.322615627272941186e-01
1.489999999999999991e+00 2.350321665718400344e-01
1.500000000000000000e+00 2.376870596409619285e-01
1.510000000000000009e+00 2.402090246489999581e-01
1.520000000000000018e+00 2.426114741372663031e-01
1.530000000000000027e+00 2.449218543427136852e-01
1.540000000000000036e+00 2.471681970411488405e-01
1.550000000000000044e+00 2.493715674540017413e-01
1.560000000000000053e+00 2.515440640435093189e-01
1.570000000000000062e+00 2.536904587947551581e-01
1.580000000000000071e+00 2.558113435450800055e-01
1.590000000000000080e+00 2.579062053866733595e-01
1.600000000000000089e+00 2.599756296286587220e-01
1.610000000000000098e+00 2.620224623624212157e-01
1.620000000000000107e+00 2.640521244858937133e-01
1.630000000000000115e+00 2.660723797980848460e-01
1.640000000000000124e+00 2.680928080625347709e-01
1.650000000000000133e+00 2.701241452765432705e-01
1.660000000000000142e+00 2.721774585522996892e-01
1.669999999999999929e+00 2.742631783767940368e-01
1.679999999999999938e+00 2.763898717128083771e-01
1.689999999999999947e+00 2.785628051748876288e-01
1.699999999999999956e+00 2.807825294582211306e-01
1.709999999999999964e+00 2.830440554874852910e-01
1.719999999999999973e+00 2.853375965712262596e-01
1.729999999999999982e+00 2.876521315911591548e-01
1.739999999999999991e+00 2.899828238726770979e-01
1.750000000000000000e+00 2.923420889658991384e-01
1.760000000000000009e+00 2.947714619697451854e-01
1.770000000000000018e+00 2.973477376223339075e-01
1.780000000000000027e+00 3.001740781135472935e-01
1.790000000000000036e+00 3.033485244149564664e-01
1.800000000000000044e+00 3.069124158673996461e-01
1.810000000000000053e+00 3.107990164493085183e-01
1.820000000000000062e+00 3.148181352290189694e-01
1.830000000000000071e+00 3.187069880063855831e-01
1.840000000000000080e+00 3.222379747872753941e-01
1.850000000000000089e+00 3.253169452067828371e-01
1.860000000000000098e+00 3.279845799418423247e-01
1.870000000000000107e+00 3.303011041500845124e-01
1.880000000000000115e+00 3.322267013804389157e-01
1.890000000000000124e+00 3.336702006719081681e-01
1.900000000000000133e+00 3.347212981329151238e-01
1.910000000000000142e+00 3.357923533408960215e-01
1.919999999999999929e+00 3.373630617861730907e-01
1.929999999999999938e+00 3.394766317755933960e-01
1.939999999999999947e+00 3.416115783423038788e-01
1.949999999999999956e+00 3.432589937616957187e-01
1.959999999999999964e+00 3.445601040286699890e-01
1.969999999999999973e+00 3.460985096627471891e-01
1.979999999999999982e+00 3.481613412046039024e-01
1.989999999999999991e+00 3.506762151129628746e-01
2.000000000000000000e+00 3.538245516451153372e-01
2.010000000000000231e+00 3.579384256383267293e-01
2.020000000000000018e+00 3.625986847856954021e-01
2.030000000000000249e+00 3.667405825385180451e-01
2.040000000000000036e+00 3.698722505820017381e-01
2.049999999999999822e+00 3.722114966178819984e-01
2.060000000000000053e+00 3.738088523236943184e-01
2.069999999999999840e+00 3.748962168618807378e-01
2.080000000000000071e+00 3.764535832819373984e-01
2.089999999999999858e+00 3.788128957422429166e-01
2.100000000000000089e+00 3.809170894819218778e-01
2.109999999999999876e+00 3.822972907909387708e-01
2.120000000000000107e+00 3.838354812212286249e-01
2.129999999999999893e+00 3.860569995469069204e-01
2.140000000000000124e+00 3.890688217416212735e-01
2.149999999999999911e+00 3.933387252247456112e-01
2.160000000000000142e+00 3.983522064893752490e-01
2.169999999999999929e+00 4.025576132864485679e-01
2.180000000000000160e+00 4.054797905949331649e-01
2.189999999999999947e+00 4.074575667690784608e-01
2.200000000000000178e+00 4.086631918159734367e-01
2.209999999999999964e+00 4.100741325736209641e-01
2.220000000000000195e+00 4.124851819783645901e-01
2.229999999999999982e+00 4.148151415624837246e-01
2.240000000000000213e+00 4.162612390729816259e-01
2.250000000000000000e+00 4.177529922427499209e-01
2.260000000000000231e+00 4.199752342435097985e-01
2.270000000000000018e+00 4.231338228920440980e-01
2.280000000000000249e+00 4.277028472987244312e-01
2.290000000000000036e+00 4.329890354652179418e-01
2.300000000000000266e+00 4.373448133429799767e-01
2.310000000000000053e+00 4.403270794644314479e-01
2.319999999999999840e+00 4.423205804411803332e-01
2.330000000000000071e+00 4.435485494097639592e-01
2.339999999999999858e+00 4.448938221991634023e-01
2.350000000000000089e+00 4.472549286025711557e-01
2.359999999999999876e+00 4.499067762596004605e-01
2.370000000000000107e+00 4.517134495673882366e-01
2.379999999999999893e+00 4.530129429623750426e-01
2.390000000000000124e+00 4.547318058514924766e-01
2.399999999999999911e+00 4.571587009807532298e-01
2.410000000000000142e+00 4.605195060096293758e-01
2.419999999999999929e+00 4.651833592960657460e-01
2.430000000000000160e+00 4.707004795578030865e-01
2.439999999999999947e+00 4.758248601209558171e-01
2.450000000000000178e+00 4.797619809433780191e-01
2.459999999999999964e+00 4.826147759305073892e-01
2.470000000000000195e+00 4.846821329403604994e-01
2.479999999999999982e+00 4.860938078609772228e-01
2.490000000000000213e+00 4.871904079914221586e-01
2.500000000000000000e+00 4.886409015672223966e-01
2.510000000000000231e+00 4.908917936488739198e-01
2.520000000000000018e+00 4.937091587543605553e-01
2.530000000000000249e+00 4.964186611305162478e-01
2.540000000000000036e+00 4.985210299327939021e-01
2.550000000000000266e+00 5.000260010361217144e-01
2.560000000000000053e+00 5.012992339145549980e-01
2.569999999999999840e+00 5.027183432778338235e-01
2.580000000000000071e+00 5.044747954266748380e-01
2.589999999999999858e+00 5.065962600219828804e-01
2.600000000000000089e+00 5.090656204480686897e-01
2.609999999999999876e+00 5.119040948879148845e-01
2.620000000000000107e+00 5.151756134414542387e-01
2.629999999999999893e+00 5.189437558484787383e-01
2.640000000000000124e+00 5.232293112318030515e-01
2.649999999999999911e+00 5.279947885520815953e-01
2.660000000000000142e+00 5.331555798092658671e-01
2.669999999999999929e+00 5.386041432219064173e-01
2.680000000000000160e+00 5.442337338101161937e-01
2.689999999999999947e+00 5.499543685743429888e-01
2.700000000000000178e+00 5.556997636715057531e-01
2.709999999999999964e+00 5.614272951913099607e-01
2.720000000000000195e+00 5.671138653982582545e-01
2.729999999999999982e+00 5.727499967142307691e-01
2.740000000000000213e+00 5.783335153848910837e-01
2.750000000000000000e+00 5.838633714520168327e-01
2.760000000000000231e+00 5.893336664662333080e-01
2.770000000000000018e+00 5.947278520641576804e-01
2.780000000000000249e+00 6.000133066655825020e-01
2.790000000000000036e+00 6.051370707358790790e-01
2.800000000000000266e+00 6.100243308150575805e-01
2.810000000000000053e+00 6.145819985755588410e-01
2.819999999999999840e+00 6.187098201030077904e-01
2.830000000000000071e+00 6.223199795118323774e-01
2.839999999999999858e+00 6.253623913626863429e-01
2.850000000000000089e+00 6.278473186998662081e-01
2.859999999999999876e+00 6.298523589164618519e-01
2.870000000000000107e+00 6.315026975832168654e-01
2.879999999999999893e+00 6.329267292597017258e-01
2.890000000000000124e+00 6.342115332039458542e-01
2.899999999999999911e+00 6.353981352675429628e-01
2.910000000000000142e+00 6.365391653559332452e-01
2.919999999999999929e+00 6.377815258552484989e-01
2.930000000000000160e+00 6.393741461192471442e-01
2.939999999999999947e+00 6.415197159960751572e-01
2.950000000000000178e+00 6.441332949039556555e-01
2.959999999999999964e+00 6.467402158038706439e-01
2.970000000000000195e+00 6.487235651222180710e-01
2.979999999999999982e+00 6.498146261823717351e-01
2.990000000000000213e+00 6.503733325687663935e-01
3.000000000000000000e+00 6.511133367279746675e-01
3.010000000000000231e+00 6.525344938721928667e-01
3.020000000000000018e+00 6.547168587216779523e-01
3.030000000000000249e+00 6.576484691903671242e-01
3.040000000000000036e+00 6.614452512841689780e-01
3.050000000000000266e+00 6.659683770221233035e-01
3.060000000000000053e+00 6.704458335934800894e-01
3.070000000000000284e+00 6.739610960808176676e-01
3.080000000000000071e+00 6.763285474479014958e-01
3.089999999999999858e+00 6.780617871224634552e-01
3.100000000000000089e+00 6.795381433793529213e-01
3.109999999999999876e+00 6.808194441125065000e-01
3.120000000000000107e+00 6.822632491580391534e-01
3.129999999999999893e+00 6.843677235168065254e-01
3.140000000000000124e+00 6.867807907785281607e-01
3.149999999999999911e+00 6.884578649357849800e-01
3.160000000000000142e+00 6.891694111850590332e-01
3.169999999999999929e+00 6.899026303448348996e-01
3.180000000000000160e+00 6.915055232882458824e-01
3.189999999999999947e+00 6.939852460864602834e-01
3.200000000000000178e+00 6.972758332333913733e-01
3.209999999999999964e+00 7.014138632612052504e-01
3.220000000000000195e+00 7.057345842089062238e-01
3.229999999999999982e+00 7.091516017800834071e-01
3.240000000000000213e+00 7.114401375532581895e-01
3.250000000000000000e+00 7.132139462977176159e-01
3.260000000000000231e+00 7.147775426616167493e-01
3.270000000000000018e+00 7.161046806809103771e-01
3.280000000000000249e+00 7.176147365473120043e-01
3.290000000000000036e+00 7.197199756918077895e-01
3.300000000000000266e+00 7.218612955943821685e-01
3.310000000000000053e+00 7.231383258502968037e-01
3.320000000000000284e+00 7.237056723186396923e-01
3.330000000000000071e+00 7.245977940997487821e-01
3.339999999999999858e+00 7.264056572641451881e-01
3.350000000000000089e+00 7.289760157457453316e-01
3.359999999999999876e+00 7.321762402168183748e-01
3.370000000000000107e+00 7.360611760883623012e-01
3.379999999999999893e+00 7.402694328705574645e-01
3.390000000000000124e+00 7.439878386276708166e-01
3.399999999999999911e+00 7.467378121271963654e-01
3.410000000000000142e+00 7.487821191975739810e-01
3.419999999999999929e+00 7.505964097292679993e-01
3.430000000000000160e+00 7.522819511136841220e-01
3.439999999999999947e+00 7.537150429547788688e-01
3.450000000000000178e+00 7.550249361229913747e-01
3.459999999999999964e+00 7.565951277891278526e-01
3.470000000000000195e+00 7.585877135680439975e-01
3.479999999999999982e+00 7.606647726389187403e-01
3.490000000000000213e+00 7.622770393912625675e-01
3.500000000000000000e+00 7.631850138160162222e-01
3.510000000000000231e+00 7.636676349929055752e-01
3.520000000000000018e+00 7.642760150881590109e-01
3.530000000000000249e+00 7.654375670795934283e-01
3.540000000000000036e+00 7.672602730269978411e-01
3.550000000000000266e+00 7.696173978148331818e-01
3.560000000000000053e+00 7.723505252795614950e-01
3.570000000000000284e+00 7.753986808079028625e-01
3.580000000000000071e+00 7.787860403916340157e-01
3.589999999999999858e+00 7.825276688347855281e-01
3.600000000000000089e+00 7.865499910499245129e-01
3.609999999999999876e+00 7.906802097968345100e-01
3.620000000000000107e+00 7.946975121542610987e-01
3.629999999999999893e+00 7.984047025212436255e-01
3.640000000000000124e+00 8.016808006966132938e-01
3.649999999999999911e+00 8.044970530047553803e-01
3.660000000000000142e+00 8.069008676509755729e-01
3.669999999999999929e+00 8.089834888042575223e-01
3.680000000000000160e+00 8.108472504095467492e-01
3.689999999999999947e+00 8.125821128620274170e-01
3.700000000000000178e+00 8.142541302310025708e-01
3.709999999999999964e+00 8.159038693148017440e-01
3.720000000000000195e+00 8.175508428474363987e-01
3.729999999999999982e+00 8.192002408067359243e-01
3.740000000000000213e+00 8.208494008464083391e-01
3.750000000000000000e+00 8.224927458071094044e-01
3.760000000000000231e+00 8.241248923579926888e-01
3.770000000000000018e+00 8.257421915018284819e-01
3.780000000000000249e+00 8.273431705800208258e-01
3.790000000000000036e+00 8.289283373649806164e-01
3.800000000000000266e+00 8.304996973298764962e-01
3.810000000000000053e+00 8.320602042539291254e-01
3.820000000000000284e+00 8.336132528889033111e-01
3.830000000000000071e+00 8.351622445086377411e-01
3.839999999999999858e+00 8.367102111227331385e-01
3.850000000000000089e+00 8.382594656451575199e-01
3.859999999999999876e+00 8.398112465492760803e-01
3.870000000000000107e+00 8.413653412011677935e-01
3.879999999999999893e+00 8.429196983507449836e-01
3.890000000000000124e+00 8.444700738688997177e-01
3.899999999999999911e+00 8.460097905554840869e-01
3.910000000000000142e+00 8.475297264442180900e-01
3.919999999999999929e+00 8.490186676194511062e-01
3.930000000000000160e+00 8.504641601335753975e-01
3.939999999999999947e+00 8.518539598489944797e-01
3.950000000000000178e+00 8.531781004508046662e-01
3.959999999999999964e+00 8.544314770747566401e-01
3.970000000000000195e+00 8.556166860455628465e-01
3.979999999999999982e+00 8.567466949117817920e-01
3.990000000000000213e+00 8.578467809223452312e-01
4.000000000000000000e+00 8.589551198090904505e-01
4.009999999999999787e+00 8.601214782886476007e-01
4.020000000000000462e+00 8.614036929734925074e-01
4.030000000000000249e+00 8.628619595903229689e-01
4.040000000000000036e+00 8.645516640777743955e-01
4.049999999999999822e+00 8.665153965931766677e-01
4.060000000000000497e+00 8.687758587673602984e-01
4.070000000000000284e+00 8.713309269513451749e-01
4.080000000000000071e+00 8.741521087848304061e-01
4.089999999999999858e+00 8.771870510696058165e-01
4.099999999999999645e+00 8.803659905389180640e-01
4.110000000000000320e+00 8.836112059712289968e-01
4.120000000000000107e+00 8.868478145007895330e-01
4.129999999999999893e+00 8.900138349207806776e-01
4.139999999999999680e+00 8.930674514509640005e-01
4.150000000000000355e+00 8.959899070684037570e-01
4.160000000000000142e+00 8.987833740048967179e-01
4.169999999999999929e+00 9.014642982663613191e-01
4.179999999999999716e+00 9.040538043838427518e-01
4.190000000000000391e+00 9.065674699675265735e-01
4.200000000000000178e+00 9.090069230670931866e-01
4.209999999999999964e+00 9.113552390374373147e-01
4.219999999999999751e+00 9.135771659669796874e-01
4.230000000000000426e+00 9.156240651633419381e-01
4.240000000000000213e+00 9.174424182313068998e-01
4.250000000000000000e+00 9.189840588241292574e-01
4.259999999999999787e+00 9.202160487057129412e-01
4.270000000000000462e+00 9.211283253849238406e-01
4.280000000000000249e+00 9.217378016797186380e-01
4.290000000000000036e+00 9.220883447058488835e-01
4.299999999999999822e+00 9.222468374755957710e-01
4.310000000000000497e+00 9.222961809352735463e-01
4.320000000000000284e+00 9.223265186208786659e-01
4.330000000000000071e+00 9.224261087760478039e-01
4.339999999999999858e+00 9.226731418875300239e-01
4.350000000000000533e+00 9.231294712548716586e-01
4.360000000000000320e+00 9.238367776200957504e-01
4.370000000000000107e+00 9.248153100891082223e-01
4.379999999999999893e+00 9.260648259422499251e-01
4.389999999999999680e+00 9.275673155760180144e-01
4.400000000000000355e+00 9.292908375599751025e-01
4.410000000000000142e+00 9.311938577607633549e-01
4.419999999999999929e+00 9.332295659016915934e-01
4.429999999999999716e+00 9.353497767306705457e-01
4.440000000000000391e+00 9.375081671760934210e-01
4.450000000000000178e+00 9.396627320370376513e-01
4.459999999999999964e+00 9.417774457654359832e-01
4.469999999999999751e+00 9.438231923972304482e-01
4.480000000000000426e+00 9.457780712893338881e-01
4.490000000000000213e+00 9.476272078560757928e-01
4.500000000000000000e+00 9.493622019293341818e-01
4.509999999999999787e+00 9.509803374490563010e-01
4.520000000000000462e+00 9.524836608312088337e-01
4.530000000000000249e+00 9.538780154025984226e-01
4.540000000000000036e+00 9.551720985526039875e-01
4.549999999999999822e+00 9.563765892042667138e-01
4.560000000000000497e+00 9.575033718780912029e-01
4.570000000000000284e+00 9.585648817820207057e-01
4.580000000000000071e+00 9.595735638267388623e-01
4.589999999999999858e+00 9.605414491092342244e-01
4.600000000000000533e+00 9.614798375137816322e-01
4.610000000000000320e+00 9.623990739442012110e-01
4.620000000000000107e+00 9.633084041792731034e-01
4.629999999999999893e+00 9.642158961954252483e-01
4.639999999999999680e+00 9.651284135512828710e-01
4.650000000000000355e+00 9.660516287350970899e-01
4.660000000000000142e+00 9.669900659690073841e-01
4.669999999999999929e+00 9.679471646448297717e-01
4.679999999999999716e+00 9.689253561979013218e-01
4.690000000000000391e+00 9.699261487228481027e-01
4.700000000000000178e+00 9.709502149517820202e-01
4.709999999999999964e+00 9.719974803338888858e-01
4.719999999999999751e+00 9.730672088776953776e-01
4.730000000000000426e+00 9.741580851577259503e-01
4.740000000000000213e+00 9.752682914666538361e-01
4.750000000000000000e+00 9.763955795359910983e-01
4.759999999999999787e+00 9.775373365764729039e-01
4.770000000000000462e+00 9.786906456255957121e-01
4.780000000000000249e+00 9.798523403538884624e-01
4.790000000000000036e+00 9.810190545901289472e-01
4.799999999999999822e+00 9.821872668928046668e-01
4.810000000000000497e+00 9.833533405318415355e-01
4.820000000000000284e+00 9.845135592598139862e-01
4.830000000000000071e+00 9.856641592522811246e-01
4.839999999999999858e+00 9.868013575876005694e-01
4.850000000000000533e+00 9.879213776212466547e-01
4.860000000000000320e+00 9.890204715908421651e-01
4.870000000000000107e+00 9.900949407675587732e-01
4.879999999999999893e+00 9.911411534483351993e-01
4.889999999999999680e+00 9.921555610621600740e-01
4.900000000000000355e+00 9.931347126428392569e-01
4.910000000000000142e+00 9.940752679003548309e-01
4.919999999999999929e+00 9.949740091031977762e-01
4.929999999999999716e+00 9.958278519649496063e-01
4.940000000000000391e+00 9.966338557098912698e-01
4.950000000000000178e+00 9.973892324746301830e-01
4.959999999999999964e+00 9.980913561857115424e-01
4.969999999999999751e+00 9.987377710370987094e-01
4.980000000000000426e+00 9.993261996764414290e-01
4.990000000000000213e+00 9.998545511954380904e-01
5.000000000000000000e+00 1.000320929007569859e+00
5.009999999999999787e+00 1.000723638753355571e+00
5.020000000000000462e+00 1.001061194628719342e+00
5.030000000000000249e+00 1.001332326112698512e+00
5.040000000000000036e+00 1.001535981449288126e+00
5.049999999999999822e+00 1.001671332185542607e+00
5.060000000000000497e+00 1.001737776173094785e+00
5.070000000000000284e+00 1.001734939830226656e+00
5.080000000000000071e+00 1.001662679566572400e+00
5.089999999999999858e+00 1.001521082365318227e+00
5.100000000000000533e+00 1.001310465529372973e+00
5.110000000000000320e+00 1.001031375602672968e+00
5.120000000000000107e+00 1.000684586482622151e+00
5.129999999999999893e+00 1.000271096744244970e+00
5.139999999999999680e+00 9.997921262008913068e-01
5.150000000000000355e+00 9.992491117301642856e-01
5.160000000000000142e+00 9.986437023971729277e-01
5.169999999999999929e+00 9.979777539101247763e-01
5.179999999999999716e+00 9.972533224457492684e-01
5.190000000000000391e+00 9.964726578839392390e-01
5.200000000000000178e+00 9.956381964924226891e-01
5.209999999999999964e+00 9.947525531031806700e-01
5.219999999999999751e+00 9.938185128227081666e-01
5.230000000000000426e+00 9.928390223181551288e-01
5.240000000000000213e+00 9.918171807208653323e-01
5.250000000000000000e+00 9.907562301878917177e-01
5.259999999999999787e+00 9.896595461608178601e-01
5.270000000000000462e+00 9.885306273595925175e-01
5.280000000000000249e+00 9.873730855472580004e-01
5.290000000000000036e+00 9.861906350994085191e-01
5.299999999999999822e+00 9.849870824100090960e-01
5.310000000000000497e+00 9.837663151629428837e-01
5.320000000000000284e+00 9.825322914963457999e-01
5.330000000000000071e+00 9.812890290844736851e-01
5.339999999999999858e+00 9.800405941596616044e-01
5.350000000000000533e+00 9.787910904947890733e-01
5.360000000000000320e+00 9.775446483647288742e-01
5.370000000000000107e+00 9.763054135034856529e-01
5.379999999999999893e+00 9.750775360721647411e-01
5.389999999999999680e+00 9.738651596516111342e-01
5.400000000000000355e+00 9.726724102724865206e-01
5.410000000000000142e+00 9.715033854947608960e-01
5.419999999999999929e+00 9.703621435480591639e-01
5.429999999999999716e+00 9.692526925440583252e-01
5.440000000000000391e+00 9.681789797721066515e-01
5.450000000000000178e+00 9.671448810894932580e-01
5.459999999999999964e+00 9.661541904182687768e-01
5.469999999999999751e+00 9.652106093611816373e-01
5.480000000000000426e+00 9.643177369501710894e-01
5.490000000000000213e+00 9.634790595418596393e-01
5.500000000000000000e+00 9.626979408756105583e-01
5.509999999999999787e+00 9.619776123109574639e-01
5.520000000000000462e+00 9.613211632624663050e-01
5.530000000000000249e+00 9.607315318513877100e-01
5.540000000000000036e+00 9.602114957947486262e-01
5.549999999999999822e+00 9.597636635537408756e-01
5.560000000000000497e+00 9.593904657644363176e-01
5.570000000000000284e+00 9.590941469748963666e-01
5.580000000000000071e+00 9.588767577136404485e-01
5.589999999999999858e+00 9.587401469152196931e-01
5.600000000000000533e+00 9.586859547291898265e-01
5.610000000000000320e+00 9.587156057391800212e-01
5.620000000000000107e+00 9.588303026189392009e-01
5.629999999999999893e+00 9.590310202522086547e-01
5.639999999999999680e+00 9.593185003430483304e-01
5.650000000000000355e+00 9.596932465427996384e-01
5.660000000000000142e+00 9.601555201192357725e-01
5.669999999999999929e+00 9.607053361926117807e-01
5.679999999999999716e+00 9.613424605623467345e-01
5.690000000000000391e+00 9.620664071468986167e-01
5.700000000000000178e+00 9.628764360580963633e-01
5.709999999999999964e+00 9.637715523298016063e-01
5.719999999999999751e+00 9.647505053192393376e-01
5.730000000000000426e+00 9.658117887977815119e-01
5.740000000000000213e+00 9.669536417463201472e-01
5.750000000000000000e+00 9.681740498686982610e-01
5.759999999999999787e+00 9.694707478349914309e-01
5.770000000000000462e+00 9.708412222647276879e-01
5.780000000000000249e+00 9.722827154584441356e-01
5.790000000000000036e+00 9.737922298843105784e-01
5.799999999999999822e+00 9.753665334248441399e-01
5.810000000000000497e+00 9.770021653870910594e-01
5.820000000000000284e+00 9.786954432779469970e-01
5.830000000000000071e+00 9.804424703445691058e-01
5.839999999999999858e+00 9.822391438780873063e-01
5.850000000000000533e+00 9.840811642769620171e-01
5.860000000000000320e+00 9.859640448644109156e-01
5.870000000000000107e+00 9.878831224522514054e-01
5.879999999999999893e+00 9.898335686412490508e-01
5.889999999999999680e+00 9.918104018456285198e-01
5.900000000000000355e+00 9.938085000267167235e-01
5.910000000000000142e+00 9.958226141177356494e-01
5.919999999999999929e+00 9.978473821185106507e-01
5.929999999999999716e+00 9.998773438353147913e-01
5.940000000000000391e+00 1.001906956237161861e+00
5.950000000000000178e+00 1.003930609395632167e+00
5.959999999999999964e+00 1.005942642970774736e+00
5.969999999999999751e+00 1.007937363200722913e+00
5.980000000000000426e+00 1.009909060347532250e+00
5.990000000000000213e+00 1.011852026546330219e+00
6.000000000000000000e+00 1.013760573999289427e+00
6.009999999999999787e+00 1.015629053450244124e+00
6.020000000000000462e+00 1.017451872870050122e+00
6.030000000000000249e+00 1.019223516277142361e+00
6.040000000000000036e+00 1.020938562612310641e+00
6.049999999999999822e+00 1.022591704581544025e+00
6.060000000000000497e+00 1.024177767376130754e+00
6.070000000000000284e+00 1.025691727175052970e+00
6.080000000000000071e+00 1.027128729331315160e+00
6.089999999999999858e+00 1.028484106141286825e+00
6.100000000000000533e+00 1.029753394094542696e+00
6.110000000000000320e+00 1.030932350501161388e+00
6.120000000000000107e+00 1.032016969394154327e+00
6.129999999999999893e+00 1.033003496606587079e+00
6.140000000000000568e+00 1.033888443926244127e+00
6.150000000000000355e+00 1.034668602235270018e+00
6.160000000000000142e+00 1.035341053548132884e+00
6.169999999999999929e+00 1.035903181868528256e+00
6.179999999999999716e+00 1.036352682794273727e+00
6.190000000000000391e+00 1.036687571808869279e+00
6.200000000000000178e+00 1.036906191208991412e+00
6.209999999999999964e+00 1.037007215628650503e+00
6.219999999999999751e+00 1.036989656132827786e+00
6.230000000000000426e+00 1.036852862865981439e+00
6.240000000000000213e+00 1.036596526253600548e+00
6.250000000000000000e+00 1.036220676767770188e+00
6.259999999999999787e+00 1.035725683280313891e+00
6.270000000000000462e+00 1.035112250039168735e+00
6.280000000000000249e+00 1.034381412315132698e+00
6.290000000000000036e+00 1.033534530776712534e+00
6.299999999999999822e+00 1.032573284660346147e+00
6.310000000000000497e+00 1.031499663811658474e+00
6.320000000000000284e+00 1.030315959680466298e+00
6.330000000000000071e+00 1.029024755357891951e+00
6.339999999999999858e+00 1.027628914748203837e+00
6.350000000000000533e+00 1.026131570970727047e+00
6.360000000000000320e+00 1.024536114088475225e+00
6.370000000000000107e+00 1.022846178260076622e+00
6.379999999999999893e+00 1.021065628410110504e+00
6.390000000000000568e+00 1.019198546510336145e+00
6.400000000000000355e+00 1.017249217560524999e+00
6.410000000000000142e+00 1.015222115352850230e+00
6.419999999999999929e+00 1.013121888098263979e+00
6.429999999999999716e+00 1.010953343987028630e+00
6.440000000000000391e+00 1.008721436748860834e+00
6.450000000000000178e+00 1.006431251271048710e+00
6.459999999999999964e+00 1.004087989325646024e+00
6.469999999999999751e+00 1.001696955449509874e+00
6.480000000000000426e+00 9.992635430137304375e-01
6.490000000000000213e+00 9.967932205119844902e-01
6.500000000000000000e+00 9.942915180906412020e-01
6.509999999999999787e+00 9.917640143372054018e-01
6.520000000000000462e+00 9.892163233378913345e-01
6.530000000000000249e+00 9.866540820099281017e-01
6.540000000000000036e+00 9.840829377096199648e-01
6.549999999999999822e+00 9.815085361132356301e-01
6.560000000000000497e+00 9.789365093645556737e-01
6.570000000000000284e+00 9.763724644803232211e-01
6.580000000000000071e+00 9.738219720029255289e-01
6.589999999999999858e+00 9.712905548884329665e-01
6.600000000000000533e+00 9.687836776174874043e-01
6.610000000000000320e+00 9.663067355165662065e-01
6.620000000000000107e+00 9.638650442777230154e-01
6.629999999999999893e+00 9.614638296660076300e-01
6.640000000000000568e+00 9.591082174053495724e-01
6.650000000000000355e+00 9.568032232356881162e-01
6.660000000000000142e+00 9.545537431364645720e-01
6.669999999999999929e+00 9.523645437142838066e-01
6.679999999999999716e+00 9.502402527554000278e-01
6.690000000000000391e+00 9.481853499467676194e-01
6.700000000000000178e+00 9.462041577725506247e-01
6.709999999999999964e+00 9.443008325962025662e-01
6.719999999999999751e+00 9.424793559414087474e-01
6.730000000000000426e+00 9.407435259882985790e-01
6.740000000000000213e+00 9.390969493043059835e-01
6.750000000000000000e+00 9.375430328318131723e-01
6.759999999999999787e+00 9.360849761572715977e-01
6.770000000000000462e+00 9.347257640887005614e-01
6.780000000000000249e+00 9.334681595703792079e-01
6.790000000000000036e+00 9.323146969650843996e-01
6.799999999999999822e+00 9.312676757353470780e-01
6.810000000000000497e+00 9.303291545559357889e-01
6.820000000000000284e+00 9.295009458900475030e-01
6.830000000000000071e+00 9.287846110615259887e-01
6.839999999999999858e+00 9.281814558548628913e-01
6.850000000000000533e+00 9.276925266736866238e-01
6.860000000000000320e+00 9.273186072870379659e-01
6.870000000000000107e+00 9.270602161909181627e-01
6.879999999999999893e+00 9.269176046104194988e-01
6.890000000000000568e+00 9.268907551652838528e-01
6.900000000000000355e+00 9.269793812189750515e-01
6.910000000000000142e+00 9.271829269283651254e-01
6.919999999999999929e+00 9.275005680080027348e-01
6.929999999999999716e+00 9.279312132196253504e-01
6.940000000000000391e+00 9.284735065942411048e-01
6.950000000000000178e+00 9.291258303907166116e-01
6.959999999999999964e+00 9.298863087914686076e-01
6.969999999999999751e+00 9.307528123325506941e-01
6.980000000000000426e+00 9.317229630622754222e-01
6.990000000000000213e+00 9.327941404194678432e-01
7.000000000000000000e+00 9.339634878195816059e-01
7.009999999999999787e+00 9.352279199342663496e-01
7.020000000000000462e+00 9.365841306474972372e-01
7.030000000000000249e+00 9.380286016691363749e-01
7.040000000000000036e+00 9.395576117847898034e-01
7.049999999999999822e+00 9.411672467189668989e-01
7.060000000000000497e+00 9.428534095869532949e-01
7.070000000000000284e+00 9.446118319093329552e-01
7.080000000000000071e+00 9.464380851617875123e-01
7.089999999999999858e+00 9.483275928316236003e-01
7.100000000000000533e+00 9.502756429513645742e-01
7.110000000000000320e+00 9.522774010786980714e-01
7.120000000000000107e+00 9.543279236910579000e-01
7.129999999999999893e+00 9.564221719620616957e-01
7.140000000000000568e+00 9.585550258859650841e-01
7.150000000000000355e+00 9.607212987151456662e-01
7.160000000000000142e+00 9.629157516743845902e-01
7.169999999999999929e+00 9.651331089143957431e-01
7.179999999999999716e+00 9.673680726655794482e-01
7.190000000000000391e+00 9.696153385514172385e-01
7.200000000000000178e+00 9.718696110192348581e-01
7.209999999999999964e+00 9.741256188442944941e-01
7.219999999999999751e+00 9.763781306612921984e-01
7.230000000000000426e+00 9.786219704754572923e-01
7.240000000000000213e+00 9.808520331035245343e-01
7.250000000000000000e+00 9.830632994929570101e-01
7.259999999999999787e+00 9.852508518660207937e-01
7.270000000000000462e+00 9.874098886336314385e-01
7.280000000000000249e+00 9.895357390224335248e-01
7.290000000000000036e+00 9.916238773573798904e-01
7.299999999999999822e+00 9.936699369411579053e-01
7.310000000000000497e+00 9.956697234713220990e-01
7.320000000000000284e+00 9.976192279358959691e-01
7.330000000000000071e+00 9.995146389285961552e-01
7.339999999999999858e+00 1.001352354325778071e+00
7.350000000000000533e+00 1.003128992268662589e+00
7.360000000000000320e+00 1.004841401396480149e+00
7.370000000000000107e+00 1.006486670278852635e+00
7.379999999999999893e+00 1.008062135998961217e+00
7.390000000000000568e+00 1.009565391842945914e+00
7.400000000000000355e+00 1.010994294055370002e+00
7.410000000000000142e+00 1.012346967625521232e+00
7.419999999999999929e+00 1.013621811074753021e+00
7.429999999999999716e+00 1.014817500220869029e+00
7.440000000000000391e+00 1.015932990901714961e+00
7.450000000000000178e+00 1.016967520646559375e+00
7.459999999999999964e+00 1.017920609290418277e+00
7.469999999999999751e+00 1.018792058533116496e+00
7.480000000000000426e+00 1.019581950451520891e+00
7.490000000000000213e+00 1.020290644979881867e+00
7.500000000000000000e+00 1.020918776379499349e+00
7.509999999999999787e+00 1.021467248724961863e+00
7.520000000000000462e+00 1.021937230439790456e+00
7.530000000000000249e+00 1.022330147919502386e+00
7.540000000000000036e+00 1.022647678284774653e+00
7.549999999999999822e+00 1.022891741311447777e+00
7.560000000000000497e+00 1.023064490587641151e+00
7.570000000000000284e+00 1.023168303951101255e+00
7.580000000000000071e+00 1.023205773262137797e+00
7.589999999999999858e+00 1.023179693569139515e+00
7.600000000000000533e+00 1.023093051724622837e+00
7.610000000000000320e+00 1.022949014510189825e+00
7.620000000000000107e+00 1.022750916328624138e+00
7.629999999999999893e+00 1.022502246520684999e+00
7.640000000000000568e+00 1.022206636363055754e+00
7.650000000000000355e+00 1.021867845802398422e+00
7.660000000000000142e+00 1.021489749978591766e+00
7.669999999999999929e+00 1.021076325588136990e+00
7.679999999999999716e+00 1.020631637136353964e+00
7.690000000000000391e+00 1.020159823124511034e+00
7.700000000000000178e+00 1.019665082215451823e+00
7.709999999999999964e+00 1.019151659418672251e+00
7.719999999999999751e+00 1.018623832333188428e+00
7.730000000000000426e+00 1.018085897484008129e+00
7.740000000000000213e+00 1.017542156785575580e+00
7.750000000000000000e+00 1.016996904163236737e+00
7.759999999999999787e+00 1.016454412361643911e+00
7.770000000000000462e+00 1.015918919967018219e+00
7.780000000000000249e+00 1.015394618668411297e+00
7.790000000000000036e+00 1.014885640781520104e+00
7.799999999999999822e+00 1.014396047057189554e+00
7.810000000000000497e+00 1.013929814795547113e+00
7.820000000000000284e+00 1.013490826285677437e+00
7.830000000000000071e+00 1.013082857589852948e+00
7.839999999999999858e+00 1.012709567690668333e+00
7.850000000000000533e+00 1.012374488018775498e+00
7.860000000000000320e+00 1.012081012378465594e+00
7.870000000000000107e+00 1.011832387287929569e+00
7.879999999999999893e+00 1.011631702750663164e+00
7.890000000000000568e+00 1.011481883474191212e+00
7.900000000000000355e+00 1.011385680551965205e+00
7.910000000000000142e+00 1.011345663623972380e+00
7.919999999999999929e+00 1.011364213531273260e+00
7.930000000000000604e+00 1.011443515479264699e+00
7.940000000000000391e+00 1.011585552724034720e+00
7.950000000000000178e+00 1.011792100795653626e+00
7.959999999999999964e+00 1.012064722271624806e+00
7.969999999999999751e+00 1.012404762113046308e+00
7.980000000000000426e+00 1.012813343575246883e+00
7.990000000000000213e+00 1.013291364703800435e+00
8.000000000000000000e+00 1.013839495425851389e+00
8.009999999999999787e+00 1.014458175245686933e+00
8.019999999999999574e+00 1.015147611552365658e+00
8.029999999999999361e+00 1.015907778546039308e+00
8.040000000000000924e+00 1.016738416788465438e+00
8.050000000000000711e+00 1.017639033381834146e+00
8.060000000000000497e+00 1.018608902778882941e+00
8.070000000000000284e+00 1.019647068225926434e+00
8.080000000000000071e+00 1.020752343839096188e+00
8.089999999999999858e+00 1.021923317312920076e+00
8.099999999999999645e+00 1.023158353258941000e+00
8.109999999999999432e+00 1.024455597171004539e+00
8.120000000000000995e+00 1.025812980012439368e+00
8.130000000000000782e+00 1.027228223419338393e+00
8.140000000000000568e+00 1.028698845512836524e+00
8.150000000000000355e+00 1.030222167312195181e+00
8.160000000000000142e+00 1.031795319739414074e+00
8.169999999999999929e+00 1.033415251204834018e+00
8.179999999999999716e+00 1.035078735762229307e+00
8.189999999999999503e+00 1.036782381820551713e+00
8.199999999999999289e+00 1.038522641398477386e+00
8.210000000000000853e+00 1.040295819906482011e+00
8.220000000000000639e+00 1.042098086440023330e+00
8.230000000000000426e+00 1.043925484565880746e+00
8.240000000000000213e+00 1.045773943582237964e+00
8.250000000000000000e+00 1.047639290231535902e+00
8.259999999999999787e+00 1.049517260843227051e+00
8.269999999999999574e+00 1.051403513881854934e+00
8.279999999999999361e+00 1.053293642873656122e+00
8.290000000000000924e+00 1.055183189682905143e+00
8.300000000000000711e+00 1.057067658106722430e+00
8.310000000000000497e+00 1.058942527754765051e+00
8.320000000000000284e+00 1.060803268177622050e+00
8.330000000000000071e+00 1.062645353205031729e+00
8.339999999999999858e+00 1.064464275452493558e+00
8.349999999999999645e+00 1.066255560951932413e+00
8.359999999999999432e+00 1.068014783859577488e+00
8.370000000000000995e+00 1.069737581191372078e+00
8.380000000000000782e+00 1.071419667533911824e+00
8.390000000000000568e+00 1.073056849676396141e+00
8.400000000000000355e+00 1.074645041107031407e+00
8.410000000000000142e+00 1.076180276315535922e+00
8.419999999999999929e+00 1.077658724841763727e+00
8.429999999999999716e+00 1.079076705009576864e+00
8.439999999999999503e+00 1.080430697284248565e+00
8.449999999999999289e+00 1.081717357191775086e+00
8.460000000000000853e+00 1.082933527738664026e+00
8.470000000000000639e+00 1.084076251271971714e+00
8.480000000000000426e+00 1.085142780720788513e+00
8.490000000000000213e+00 1.086130590162635912e+00
8.500000000000000000e+00 1.087037384661114769e+00
8.509999999999999787e+00 1.087861109324386844e+00
8.519999999999999574e+00 1.088599957538269880e+00
8.529999999999999361e+00 1.089252378332021376e+00
8.540000000000000924e+00 1.089817082840106366e+00
8.550000000000000711e+00 1.090293049828476635e+00
8.560000000000000497e+00 1.090679530259817342e+00
8.570000000000000284e+00 1.090976050878224468e+00
8.580000000000000071e+00 1.091182416799963528e+00
8.589999999999999858e+00 1.091298713103457718e+00
8.599999999999999645e+00 1.091325305417810698e+00
8.609999999999999432e+00 1.091262839515662275e+00
8.620000000000000995e+00 1.091112239922044758e+00
8.630000000000000782e+00 1.090874707556962697e+00
8.640000000000000568e+00 1.090551716434753571e+00
8.650000000000000355e+00 1.090145009448447500e+00
8.660000000000000142e+00 1.089656593272031460e+00
8.669999999999999929e+00 1.089088732417465399e+00
8.679999999999999716e+00 1.088443942487068439e+00
8.689999999999999503e+00 1.087724982664642681e+00
8.700000000000001066e+00 1.086934847491306311e+00
8.710000000000000853e+00 1.086076757973594598e+00
8.720000000000000639e+00 1.085154152072751677e+00
8.730000000000000426e+00 1.084170674624738595e+00
8.740000000000000213e+00 1.083130166740547073e+00
8.750000000000000000e+00 1.082036654736205694e+00
8.759999999999999787e+00 1.080894338640882690e+00
8.769999999999999574e+00 1.079707580330519168e+00
8.779999999999999361e+00 1.078480891332725955e+00
8.790000000000000924e+00 1.077218920347108089e+00
8.800000000000000711e+00 1.075926440523034877e+00
8.810000000000000497e+00 1.074608336534887965e+00
8.820000000000000284e+00 1.073269591492583386e+00
8.830000000000000071e+00 1.071915273722861883e+00
8.839999999999999858e+00 1.070550523454780523e+00
8.849999999999999645e+00 1.069180539440508948e+00
8.859999999999999432e+00 1.067810565540692203e+00
8.870000000000000995e+00 1.066445877301557932e+00
8.880000000000000782e+00 1.065091768549400575e+00
8.890000000000000568e+00 1.063753538026405154e+00
8.900000000000000355e+00 1.062436476090518944e+00
8.910000000000000142e+00 1.061145851501016146e+00
8.919999999999999929e+00 1.059886898310383074e+00
8.929999999999999716e+00 1.058664802882669953e+00
8.939999999999999503e+00 1.057484691057795301e+00
8.950000000000001066e+00 1.056351615481221584e+00
8.960000000000000853e+00 1.055270543118136839e+00
8.970000000000000639e+00 1.054246342971476125e+00
8.980000000000000426e+00 1.053283774023246577e+00
8.990000000000000213e+00 1.052387473418829211e+00
9.000000000000000000e+00 1.051561944914417124e+00
9.009999999999999787e+00 1.050811547607930940e+00
9.019999999999999574e+00 1.050140484974311672e+00
9.029999999999999361e+00 1.049552794226238595e+00
9.040000000000000924e+00 1.049052336021764287e+00
9.050000000000000711e+00 1.048642784540377182e+00
9.060000000000000497e+00 1.048327617949167179e+00
9.070000000000000284e+00 1.048110109280652402e+00
9.080000000000000071e+00 1.047993317743508568e+00
9.089999999999999858e+00 1.047980080487149079e+00
9.099999999999999645e+00 1.048073004840319733e+00
9.109999999999999432e+00 1.048274461043238848e+00
9.120000000000000995e+00 1.048586575491639694e+00
9.130000000000000782e+00 1.049011224510046691e+00
9.140000000000000568e+00 1.049550028670131363e+00
9.150000000000000355e+00 1.050204347668525218e+00
9.160000000000000142e+00 1.050975275776856899e+00
9.169999999999999929e+00 1.051863637874884683e+00
9.179999999999999716e+00 1.052869986075924302e+00
9.189999999999999503e+00 1.053994596951683516e+00
9.200000000000001066e+00 1.055237469361892444e+00
9.210000000000000853e+00 1.056598322892063679e+00
9.220000000000000639e+00 1.058076596901019517e+00
9.230000000000000426e+00 1.059671450178034213e+00
9.240000000000000213e+00 1.061381761207814911e+00
9.250000000000000000e+00 1.063206129040217496e+00
9.259999999999999787e+00 1.065142874760208969e+00
9.269999999999999574e+00 1.067190043552736833e+00
9.279999999999999361e+00 1.069345407356219413e+00
9.290000000000000924e+00 1.071606468098021070e+00
9.300000000000000711e+00 1.073970461504856200e+00
9.310000000000000497e+00 1.076434361481197755e+00
9.320000000000000284e+00 1.078994885048977004e+00
9.330000000000000071e+00 1.081648497842331746e+00
9.339999999999999858e+00 1.084391420152007735e+00
9.349999999999999645e+00 1.087219633514791006e+00
9.359999999999999432e+00 1.090128887844602490e+00
9.370000000000000995e+00 1.093114709102923854e+00
9.380000000000000782e+00 1.096172407507650215e+00
9.390000000000000568e+00 1.099297086280630165e+00
9.400000000000000355e+00 1.102483650935424331e+00
9.410000000000000142e+00 1.105726819107998082e+00
9.419999999999999929e+00 1.109021130933862676e+00
9.429999999999999716e+00 1.112360959976043118e+00
9.439999999999999503e+00 1.115740524708441317e+00
9.450000000000001066e+00 1.119153900559307413e+00
9.460000000000000853e+00 1.122595032518902913e+00
9.470000000000000639e+00 1.126057748314550411e+00
9.480000000000000426e+00 1.129535772154639961e+00
9.490000000000000213e+00 1.133022739040910887e+00
9.500000000000000000e+00 1.136512209645577309e+00
9.509999999999999787e+00 1.139997685746132472e+00
9.519999999999999574e+00 1.143472626206569087e+00
9.529999999999999361e+00 1.146930463488591956e+00
9.540000000000000924e+00 1.150364620670907279e+00
9.550000000000000711e+00 1.153768528948184713e+00
9.560000000000000497e+00 1.157135645574513649e+00
9.570000000000000284e+00 1.160459472208692056e+00
9.580000000000000071e+00 1.163733573610812089e+00
9.589999999999999858e+00 1.166951596631598420e+00
9.599999999999999645e+00 1.170107289427509079e+00
9.609999999999999432e+00 1.173194520826512655e+00
9.620000000000000995e+00 1.176207299761165448e+00
9.630000000000000782e+00 1.179139794678061959e+00
9.640000000000000568e+00 1.181986352825399100e+00
9.650000000000000355e+00 1.184741519314025604e+00
9.660000000000000142e+00 1.187400055841910662e+00
9.669999999999999929e+00 1.189956958967472112e+00
9.679999999999999716e+00 1.192407477814335648e+00
9.689999999999999503e+00 1.194747131088297554e+00
9.700000000000001066e+00 1.196971723287454603e+00
9.710000000000000853e+00 1.199077359987926972e+00
9.720000000000000639e+00 1.201060462091144920e+00
9.730000000000000426e+00 1.202917778923754621e+00
9.740000000000000213e+00 1.204646400088026148e+00
9.750000000000000000e+00 1.206243765969322368e+00
9.759999999999999787e+00 1.207707676817093567e+00
9.769999999999999574e+00 1.209036300327551272e+00
9.779999999999999361e+00 1.210228177668677185e+00
9.790000000000000924e+00 1.211282227902112929e+00
9.800000000000000711e+00 1.212197750770716453e+00
9.810000000000000497e+00 1.212974427835624924e+00
9.820000000000000284e+00 1.213612321961691443e+00
9.830000000000000071e+00 1.214111875165120980e+00
9.839999999999999858e+00 1.214473904851900432e+00
9.849999999999999645e+00 1.214699598489426435e+00
9.859999999999999432e+00 1.214790506767061684e+00
9.870000000000000995e+00 1.214748535313169286e+00
9.880000000000000782e+00 1.214575935047110145e+00
9.890000000000000568e+00 1.214275291253864575e+00
9.900000000000000355e+00 1.213849511476787768e+00
9.910000000000000142e+00 1.213301812330250806e+00
9.919999999999999929e+00 1.212635705338334313e+00
9.929999999999999716e+00 1.211854981908889517e+00
9.939999999999999503e+00 1.210963697553461227e+00
9.950000000000001066e+00 1.209966155463665149e+00
9.960000000000000853e+00 1.208866889552961066e+00
9.970000000000000639e+00 1.207670647070162140e+00
9.980000000000000426e+00 1.206382370887165933e+00
9.990000000000000213e+00 1.205007181558558571e+00
1.000000000000000000e+01 1.203550359245354029e+00
