0.000000000000000000e+00 0.000000000000000000e+00
1.000000000000000021e-02 -5.196649915058590829e-21
2.000000000000000042e-02 1.759127624030245681e-19
2.999999999999999889e-02 3.009523958971926608e-18
4.000000000000000083e-02 2.225960197224669350e-17
5.000000000000000278e-02 1.049569295383678616e-16
5.999999999999999778e-02 3.717707978891083815e-16
7.000000000000000666e-02 1.079828579034948092e-15
8.000000000000000167e-02 2.710763837706683523e-15
8.999999999999999667e-02 6.083580901985726960e-15
1.000000000000000056e-01 1.249319418937922308e-14
1.100000000000000006e-01 2.386852688835633762e-14
1.199999999999999956e-01 4.294112926676366167e-14
1.300000000000000044e-01 7.357222562369673708e-14
1.400000000000000133e-01 1.206084839288187186e-13
1.499999999999999944e-01 1.902952182869121162e-13
1.600000000000000033e-01 2.903046654558175857e-13
1.700000000000000122e-01 4.298478269234507803e-13
1.799999999999999933e-01 6.196424883554204650e-13
1.900000000000000022e-01 8.718436553136553151e-13
2.000000000000000111e-01 1.199777674500313272e-12
2.099999999999999922e-01 1.617740198842849494e-12
2.200000000000000011e-01 2.140326007122644795e-12
2.300000000000000100e-01 2.782121004389994969e-12
2.399999999999999911e-01 3.556410773641832677e-12
2.500000000000000000e-01 4.474588925689109715e-12
2.600000000000000089e-01 5.544475006986929032e-12
2.700000000000000178e-01 6.769444064584124976e-12
2.800000000000000266e-01 8.146477591290228868e-12
2.899999999999999800e-01 9.664194770922171813e-12
2.999999999999999889e-01 1.130105909780208720e-11
3.099999999999999978e-01 1.302319789601897205e-11
3.200000000000000067e-01 1.478188989139259935e-11
3.300000000000000155e-01 1.651149362155016089e-11
3.400000000000000244e-01 1.812650257505867916e-11
3.500000000000000333e-01 1.951889276396939046e-11
3.599999999999999867e-01 2.055681329325338266e-11
3.699999999999999956e-01 2.108036684956774963e-11
3.800000000000000044e-01 2.090077490520969175e-11
3.900000000000000133e-01 1.979815449029650234e-11
4.000000000000000222e-01 1.751846780474843890e-11
4.100000000000000311e-01 1.377318048064337143e-11
4.199999999999999845e-01 8.238761500343940308e-12
4.299999999999999933e-01 5.534183785993348188e-13
4.400000000000000022e-01 -9.679496301066632424e-12
4.500000000000000111e-01 -2.289438856647348256e-11
4.600000000000000200e-01 -3.956020028394843700e-11
4.700000000000000289e-01 -6.018012968486264628e-11
4.799999999999999822e-01 -8.528838624236589288e-11
4.899999999999999911e-01 -1.154486971118457952e-10
5.000000000000000000e-01 -1.512492039508828429e-10
5.100000000000000089e-01 -1.932988994043466260e-10
5.200000000000000178e-01 -2.422229500699109546e-10
5.300000000000000266e-01 -2.986560676159334865e-10
5.400000000000000355e-01 -3.632370616840836986e-10
5.500000000000000444e-01 -4.366007113449348583e-10
5.600000000000000533e-01 -5.193701469126117284e-10
5.700000000000000622e-01 -6.121478459005577535e-10
5.799999999999999600e-01 -7.155061679474078091e-10
5.899999999999999689e-01 -8.299758989239711971e-10
5.999999999999999778e-01 -9.560355622670439892e-10
6.099999999999999867e-01 -1.094098484677571975e-09
6.199999999999999956e-01 -1.244497776941831415e-09
6.300000000000000044e-01 -1.407474846542720250e-09
6.400000000000000133e-01 -1.583161357881224424e-09
6.500000000000000222e-01 -1.771567169646724315e-09
6.600000000000000311e-01 -1.972561889196018498e-09
6.700000000000000400e-01 -2.185862541825939454e-09
6.800000000000000488e-01 -2.411017082600067755e-09
6.900000000000000577e-01 -2.647390794823316517e-09
7.000000000000000666e-01 -2.894150263497770753e-09
7.099999999999999645e-01 -3.150245482244087732e-09
7.199999999999999734e-01 -3.414390995985047847e-09
7.299999999999999822e-01 -3.685037836984423141e-09
7.399999999999999911e-01 -3.960354548777117773e-09
7.500000000000000000e-01 -4.238465412064338996e-09
7.600000000000000089e-01 -4.517489787746981670e-09
7.700000000000000178e-01 -4.795323864922972623e-09
7.800000000000000266e-01 -5.069846660990369940e-09
7.900000000000000355e-01 -5.339000012838014198e-09
8.000000000000000444e-01 -5.600896817043649733e-09
8.100000000000000533e-01 -5.853933619398205285e-09
8.200000000000000622e-01 -6.096912220909696589e-09
8.300000000000000711e-01 -6.329190333796197936e-09
8.399999999999999689e-01 -6.550801030473515405e-09
8.499999999999999778e-01 -6.762562232459694002e-09
8.599999999999999867e-01 -6.966221777650836042e-09
8.699999999999999956e-01 -7.164498715929130195e-09
8.800000000000000044e-01 -7.361130869692329905e-09
8.900000000000000133e-01 -7.560821188539659035e-09
9.000000000000000222e-01 -7.769074053536878284e-09
9.100000000000000311e-01 -7.991908691211059127e-09
9.200000000000000400e-01 -8.235397187905562155e-09
9.300000000000000488e-01 -8.505055686751594344e-09
9.400000000000000577e-01 -8.805086918925852384e-09
9.500000000000000666e-01 -9.136643998968927670e-09
9.599999999999999645e-01 -9.499734697007849994e-09
9.699999999999999734e-01 -9.891284739811563098e-09
9.799999999999999822e-01 -1.030545667022431562e-08
9.899999999999999911e-01 -1.073400352428953316e-08
1.000000000000000000e+00 -1.116702028327912115e-08
1.010000000000000009e+00 -1.159387542073289438e-08
1.020000000000000018e+00 -1.200408481335876842e-08
1.030000000000000027e+00 -1.238818128053495263e-08
1.040000000000000036e+00 -1.273875727174533290e-08
1.050000000000000044e+00 -1.305146620370991026e-08
1.060000000000000053e+00 -1.332562763717577322e-08
1.070000000000000062e+00 -1.356420069700997470e-08
1.080000000000000071e+00 -1.377314309407001293e-08
1.090000000000000080e+00 -1.396021615406988000e-08
1.100000000000000089e+00 -1.413306206678185912e-08
1.110000000000000098e+00 -1.429728166467884294e-08
1.120000000000000107e+00 -1.445564925955437157e-08
1.130000000000000115e+00 -1.460831368188607461e-08
1.140000000000000124e+00 -1.475373242742937697e-08
1.150000000000000133e+00 -1.489080062842782870e-08
1.159999999999999920e+00 -1.502100017497818620e-08
1.169999999999999929e+00 -1.514656648206388116e-08
1.179999999999999938e+00 -1.526569223136306611e-08
1.189999999999999947e+00 -1.537192271837610892e-08
1.199999999999999956e+00 -1.543950546055142983e-08
1.209999999999999964e+00 -1.549024225892159657e-08
1.219999999999999973e+00 -1.552576665923986098e-08
1.229999999999999982e+00 -1.554737013540718889e-08
1.239999999999999991e+00 -1.555427251292898255e-08
1.250000000000000000e+00 -1.554357318649802651e-08
1.260000000000000009e+00 -1.551169058008114096e-08
1.270000000000000018e+00 -1.545456192873186651e-08
1.280000000000000027e+00 -1.536834484252872003e-08
1.290000000000000036e+00 -1.525168018687383530e-08
1.300000000000000044e+00 -1.510680188790007042e-08
1.310000000000000053e+00 -1.493772326462671361e-08
1.320000000000000062e+00 -1.476544985188283066e-08
1.330000000000000071e+00 -1.457515181435451704e-08
1.340000000000000080e+00 -1.437035452879402591e-08
1.350000000000000089e+00 -1.415910586067555602e-08
1.360000000000000098e+00 -1.394868416669441962e-08
1.370000000000000107e+00 -1.374141066490748520e-08
1.380000000000000115e+00 -1.353333568078817006e-08
1.390000000000000124e+00 -1.331583871699556864e-08
1.400000000000000133e+00 -1.307922880250112716e-08
1.409999999999999920e+00 -1.281617046731456045e-08
1.419999999999999929e+00 -1.252301996397826836e-08
1.429999999999999938e+00 -1.219957287710021403e-08
1.439999999999999947e+00 -1.184786101555740118e-08
1.449999999999999956e+00 -1.147096756793694111e-08
1.459999999999999964e+00 -1.107217600160082411e-08
1.469999999999999973e+00 -1.065479759247424308e-08
1.479999999999999982e+00 -1.022233327302073258e-08
1.489999999999999991e+00 -9.778344973097456776e-09
1.500000000000000000e+00 -9.325924961239174624e-09
1.510000000000000009e+00 -8.888466338788814692e-09
1.520000000000000018e+00 -8.437083252780980173e-09
1.530000000000000027e+00 -7.972918197367960977e-09
1.540000000000000036e+00 -7.495968485790212969e-09
1.550000000000000044e+00 -7.004544164586085990e-09
1.560000000000000053e+00 -6.495519136834951189e-09
1.570000000000000062e+00 -5.964875140524768390e-09
1.580000000000000071e+00 -5.408221261117475918e-09
1.590000000000000080e+00 -4.821214755473799467e-09
1.600000000000000089e+00 -4.199865182666281800e-09
1.610000000000000098e+00 -3.540751258751255089e-09
1.620000000000000107e+00 -2.841171665274766544e-09
1.630000000000000115e+00 -2.099260262900021161e-09
1.640000000000000124e+00 -1.344510482055838309e-09
1.650000000000000133e+00 -5.148052635584348172e-10
1.660000000000000142e+00 3.572021637893632135e-10
1.669999999999999929e+00 1.269360506306467593e-09
1.679999999999999938e+00 2.218421179505123648e-09
1.689999999999999947e+00 3.200060755728833763e-09
1.699999999999999956e+00 4.208960401541717046e-09
1.709999999999999964e+00 5.238972727061806194e-09
1.719999999999999973e+00 6.283394148838123739e-09
1.729999999999999982e+00 7.335352415651278599e-09
1.739999999999999991e+00 8.388317091614862424e-09
1.750000000000000000e+00 9.436704587917547030e-09
1.760000000000000009e+00 1.047769995781724298e-08
1.770000000000000018e+00 1.150922162676555807e-08
1.780000000000000027e+00 1.253207838260411825e-08
1.790000000000000036e+00 1.354931967428103281e-08
1.800000000000000044e+00 1.456539751068058358e-08
1.810000000000000053e+00 1.558457518797117312e-08
1.820000000000000062e+00 1.660953047629897132e-08
1.830000000000000071e+00 1.764118965112913861e-08
1.840000000000000080e+00 1.867851052710520900e-08
1.850000000000000089e+00 1.971783975939213225e-08
1.860000000000000098e+00 2.075878328572950940e-08
1.870000000000000107e+00 2.177873832640477673e-08
1.880000000000000115e+00 2.275450310458868158e-08
1.890000000000000124e+00 2.366895094675743393e-08
1.900000000000000133e+00 2.451230649114271361e-08
1.910000000000000142e+00 2.527894754775946871e-08
1.919999999999999929e+00 2.598310613609433460e-08
1.929999999999999938e+00 2.665168835552914830e-08
1.939999999999999947e+00 2.730616490202763583e-08
1.949999999999999956e+00 2.797921491043369488e-08
1.959999999999999964e+00 2.870274214020108482e-08
1.969999999999999973e+00 2.947767568146583237e-08
1.979999999999999982e+00 3.023303205856304444e-08
1.989999999999999991e+00 3.097486584660310888e-08
2.000000000000000000e+00 3.170329419416923087e-08
2.010000000000000231e+00 3.245978659708759860e-08
2.020000000000000018e+00 3.312506622987320935e-08
2.030000000000000249e+00 3.374651827740554966e-08
2.040000000000000036e+00 3.438049074704067293e-08
2.049999999999999822e+00 3.501864994259539103e-08
2.060000000000000053e+00 3.552783166950008381e-08
2.069999999999999840e+00 3.600280389697436212e-08
2.080000000000000071e+00 3.650647973360286095e-08
2.089999999999999858e+00 3.696317479006225310e-08
2.100000000000000089e+00 3.717242240135299542e-08
2.109999999999999876e+00 3.744544927813968908e-08
2.120000000000000107e+00 3.796918867547638413e-08
2.129999999999999893e+00 3.827858415319762264e-08
2.140000000000000124e+00 3.857243963586978471e-08
2.149999999999999911e+00 3.913701387126935492e-08
2.160000000000000142e+00 3.931534751299648470e-08
2.169999999999999929e+00 3.931426430208804249e-08
2.180000000000000160e+00 3.949871728381935401e-08
2.189999999999999947e+00 3.955902041133747341e-08
2.200000000000000178e+00 3.953137887955727846e-08
2.209999999999999964e+00 3.973057437974698914e-08
2.220000000000000195e+00 3.999998014472463278e-08
2.229999999999999982e+00 3.969329260215367468e-08
2.240000000000000213e+00 3.939144253733858436e-08
2.250000000000000000e+00 3.958714170925211066e-08
2.260000000000000231e+00 3.942395223183377869e-08
2.270000000000000018e+00 3.925882091882878655e-08
2.280000000000000249e+00 3.947735004870249770e-08
2.290000000000000036e+00 3.914494953336079587e-08
2.300000000000000266e+00 3.860532004700206010e-08
2.310000000000000053e+00 3.827052683217718066e-08
2.319999999999999840e+00 3.785699146612544022e-08
2.330000000000000071e+00 3.735209067138935457e-08
2.339999999999999858e+00 3.703937744958643654e-08
2.350000000000000089e+00 3.687621929017487861e-08
2.359999999999999876e+00 3.636153612936394326e-08
2.370000000000000107e+00 3.557783146807477921e-08
2.379999999999999893e+00 3.511184665448099150e-08
2.390000000000000124e+00 3.458592541079842154e-08
2.399999999999999911e+00 3.393724851200686033e-08
2.410000000000000142e+00 3.327546047233110106e-08
2.419999999999999929e+00 3.272978177041631803e-08
2.430000000000000160e+00 3.200958033904703135e-08
2.439999999999999947e+00 3.116199829427451636e-08
2.450000000000000178e+00 3.028262194002092784e-08
2.459999999999999964e+00 2.943609904337008021e-08
2.470000000000000195e+00 2.857270570110545176e-08
2.479999999999999982e+00 2.769613959094881452e-08
2.490000000000000213e+00 2.682256881688191214e-08
2.500000000000000000e+00 2.597343765505834023e-08
2.510000000000000231e+00 2.515419312608522512e-08
2.520000000000000018e+00 2.433415156589167073e-08
2.530000000000000249e+00 2.348145163344598794e-08
2.540000000000000036e+00 2.258093811712686123e-08
2.550000000000000266e+00 2.163105654001112997e-08
2.560000000000000053e+00 2.063035912507427339e-08
2.569999999999999840e+00 1.957153968480808227e-08
2.580000000000000071e+00 1.845579775954025534e-08
2.589999999999999858e+00 1.726288130631500849e-08
2.600000000000000089e+00 1.603331836995228469e-08
2.609999999999999876e+00 1.476723061703402765e-08
2.620000000000000107e+00 1.346474920224257392e-08
2.629999999999999893e+00 1.212664566005642881e-08
2.640000000000000124e+00 1.075461394920289357e-08
2.649999999999999911e+00 9.351695260047411776e-09
2.660000000000000142e+00 7.929032890351133330e-09
2.669999999999999929e+00 6.474796774288693558e-09
2.680000000000000160e+00 5.003503993691457813e-09
2.689999999999999947e+00 3.524482916298868437e-09
2.700000000000000178e+00 2.044472879921083331e-09
2.709999999999999964e+00 5.689332930249982523e-10
2.720000000000000195e+00 -8.976700558112563517e-10
2.729999999999999982e+00 -2.351488186429717783e-09
2.740000000000000213e+00 -3.788315294473148230e-09
2.750000000000000000e+00 -5.202073276282213305e-09
2.760000000000000231e+00 -6.582942364445414800e-09
2.770000000000000018e+00 -7.915166282764486048e-09
2.780000000000000249e+00 -9.174605017051627789e-09
2.790000000000000036e+00 -1.032663486663249181e-08
2.800000000000000266e+00 -1.132641008765947277e-08
2.810000000000000053e+00 -1.212539074077120781e-08
2.819999999999999840e+00 -1.268840674127909004e-08
2.830000000000000071e+00 -1.380252998505045609e-08
2.839999999999999858e+00 -1.491424038338203507e-08
2.850000000000000089e+00 -1.602522346141253033e-08
2.859999999999999876e+00 -1.712769929389831678e-08
2.870000000000000107e+00 -1.820724238455759347e-08
2.879999999999999893e+00 -1.926949377041036705e-08
2.890000000000000124e+00 -2.038467772496906723e-08
2.899999999999999911e+00 -2.166663698109763738e-08
2.910000000000000142e+00 -2.306398812634076435e-08
2.919999999999999929e+00 -2.425981830342979539e-08
2.930000000000000160e+00 -2.540081831875655557e-08
2.939999999999999947e+00 -2.664835997993244323e-08
2.950000000000000178e+00 -2.839559219754609327e-08
2.959999999999999964e+00 -3.088030355781883132e-08
2.970000000000000195e+00 -3.356287273529155988e-08
2.979999999999999982e+00 -3.533283588695526424e-08
2.990000000000000213e+00 -3.570750364754027187e-08
3.000000000000000000e+00 -3.586176432327624346e-08
3.010000000000000231e+00 -3.796542173923852988e-08
3.020000000000000018e+00 -3.857442000869431681e-08
3.030000000000000249e+00 -3.865117459257239377e-08
3.040000000000000036e+00 -3.714452341861941508e-08
3.050000000000000266e+00 -3.573591080333784701e-08
3.060000000000000053e+00 -3.715645900470265684e-08
3.070000000000000284e+00 -4.023222231783607427e-08
3.080000000000000071e+00 -4.118210171340780903e-08
3.089999999999999858e+00 -3.955104269369323749e-08
3.100000000000000089e+00 -3.963806146937735556e-08
3.109999999999999876e+00 -4.129995641845298191e-08
3.120000000000000107e+00 -3.885025867558442275e-08
3.129999999999999893e+00 -3.292149849139030966e-08
3.140000000000000124e+00 -3.275115313944006499e-08
3.149999999999999911e+00 -3.894615432664209590e-08
3.160000000000000142e+00 -4.088716907604252020e-08
3.169999999999999929e+00 -3.471058034763581854e-08
3.180000000000000160e+00 -2.982537111664721652e-08
3.189999999999999947e+00 -2.860387665090995869e-08
3.200000000000000178e+00 -2.272009885670347189e-08
3.209999999999999964e+00 -1.317910061401214582e-08
3.220000000000000195e+00 -1.106471324725780915e-08
3.229999999999999982e+00 -1.482247880874490289e-08
3.240000000000000213e+00 -1.358975274447696901e-08
3.250000000000000000e+00 -7.881202896613790302e-09
3.260000000000000231e+00 -7.490728601135662950e-09
3.270000000000000018e+00 -9.079654275878189004e-09
3.280000000000000249e+00 -3.658581884181716559e-09
3.290000000000000036e+00 4.059560451057098078e-09
3.300000000000000266e+00 3.158637267533346794e-09
3.310000000000000053e+00 -2.803945273268514278e-09
3.320000000000000284e+00 -3.034832374830862540e-09
3.330000000000000071e+00 3.034166171945675808e-09
3.339999999999999858e+00 7.160553044491179977e-09
3.350000000000000089e+00 8.239608441809586551e-09
3.359999999999999876e+00 1.126404251581742324e-08
3.370000000000000107e+00 1.661674482021341613e-08
3.379999999999999893e+00 1.928855417210692219e-08
3.390000000000000124e+00 1.771675870479198296e-08
3.399999999999999911e+00 1.564608296866727514e-08
3.410000000000000142e+00 1.604762385198868037e-08
3.419999999999999929e+00 1.750879228631201353e-08
3.430000000000000160e+00 1.354382768983179800e-08
3.439999999999999947e+00 1.047832176967458227e-08
3.450000000000000178e+00 9.720156026707710280e-09
3.459999999999999964e+00 9.577049499248941072e-09
3.470000000000000195e+00 8.338058253270967767e-09
3.479999999999999982e+00 6.160820871239011690e-09
3.490000000000000213e+00 4.434462571926360627e-09
3.500000000000000000e+00 3.896888316098517167e-09
3.510000000000000231e+00 4.181714157796215020e-09
3.520000000000000018e+00 4.634689446458504871e-09
3.530000000000000249e+00 4.872562244961841690e-09
3.540000000000000036e+00 4.858508661798269387e-09
3.550000000000000266e+00 4.715730137063752030e-09
3.560000000000000053e+00 4.529129294322474057e-09
3.570000000000000284e+00 3.147564623535180659e-10
3.580000000000000071e+00 -2.665694171840400235e-09
3.589999999999999858e+00 -5.022563895890357933e-09
3.600000000000000089e+00 -7.083267351174936924e-09
3.609999999999999876e+00 -8.852829726270366446e-09
3.620000000000000107e+00 -1.020092840746153656e-08
3.629999999999999893e+00 -1.103359554765053973e-08
3.640000000000000124e+00 -1.135945464857807273e-08
3.649999999999999911e+00 -1.126660599470793109e-08
3.660000000000000142e+00 -1.086817736799961348e-08
3.669999999999999929e+00 -1.026183513368168435e-08
3.680000000000000160e+00 -1.130509016180109539e-08
3.689999999999999947e+00 -1.140902843696865098e-08
3.700000000000000178e+00 -1.095983370800424145e-08
3.709999999999999964e+00 -1.017337553430990177e-08
3.720000000000000195e+00 -9.165641028543042159e-09
3.729999999999999982e+00 -8.010671616551046227e-09
3.740000000000000213e+00 -6.769161425979563680e-09
3.750000000000000000e+00 -5.494170990827572207e-09
3.760000000000000231e+00 -4.228274580468748417e-09
3.770000000000000018e+00 -3.001379300352430241e-09
3.780000000000000249e+00 -1.831736422421593888e-09
3.790000000000000036e+00 -7.289905406452433833e-10
3.800000000000000266e+00 3.025459184476243301e-10
3.810000000000000053e+00 1.261499244058580248e-09
3.820000000000000284e+00 2.148208594242297612e-09
3.830000000000000071e+00 2.964474314755306420e-09
3.839999999999999858e+00 3.713924201047965900e-09
3.850000000000000089e+00 4.402674270421802404e-09
3.859999999999999876e+00 5.040038700534112071e-09
3.870000000000000107e+00 5.639098774527533996e-09
3.879999999999999893e+00 6.216986771369880513e-09
3.890000000000000124e+00 6.794721353866652774e-09
3.899999999999999911e+00 7.396429490871372188e-09
3.910000000000000142e+00 8.047816781820541971e-09
3.919999999999999929e+00 8.773850304840857757e-09
3.930000000000000160e+00 9.595883223813664132e-09
3.939999999999999947e+00 1.052888964489354764e-08
3.950000000000000178e+00 1.158004848221205735e-08
3.959999999999999964e+00 1.275059877064759587e-08
3.970000000000000195e+00 1.404325684754028951e-08
3.979999999999999982e+00 1.547729466732456241e-08
3.990000000000000213e+00 1.711190139180692457e-08
4.000000000000000000e+00 1.907548224430108899e-08
4.009999999999999787e+00 2.159418520765462762e-08
4.020000000000000462e+00 2.500838192300408703e-08
4.030000000000000249e+00 2.562792288944972802e-08
4.040000000000000036e+00 2.618361401689827829e-08
4.049999999999999822e+00 2.664087922391374320e-08
4.060000000000000497e+00 2.695449156348931538e-08
4.070000000000000284e+00 2.707477294576347422e-08
4.080000000000000071e+00 2.695571843368378339e-08
4.089999999999999858e+00 2.656456439254478666e-08
4.099999999999999645e+00 2.589032580450860105e-08
4.110000000000000320e+00 2.494858144207732400e-08
4.120000000000000107e+00 2.378048720905461179e-08
4.129999999999999893e+00 2.244539192965137862e-08
4.139999999999999680e+00 2.100845281435565070e-08
4.150000000000000355e+00 1.952668458792162993e-08
4.160000000000000142e+00 1.803806072121371214e-08
4.169999999999999929e+00 1.655781726773174859e-08
4.179999999999999716e+00 1.508348068299343412e-08
4.190000000000000391e+00 1.360664123420217343e-08
4.200000000000000178e+00 1.212661318339511264e-08
4.209999999999999964e+00 1.066052605466595107e-08
4.219999999999999751e+00 9.246225509607292162e-09
4.230000000000000426e+00 7.937421828067468028e-09
4.240000000000000213e+00 6.793219928204657561e-09
4.250000000000000000e+00 5.865567542266679857e-09
4.259999999999999787e+00 5.188112939457042422e-09
4.270000000000000462e+00 4.769052185743947116e-09
4.280000000000000249e+00 4.589283991547835548e-09
4.290000000000000036e+00 4.605995548223119518e-09
4.299999999999999822e+00 4.760575867362855275e-09
4.310000000000000497e+00 4.988867580967371527e-09
4.320000000000000284e+00 5.231241341577262196e-09
4.330000000000000071e+00 5.440245343410459905e-09
4.339999999999999858e+00 5.584453092012495272e-09
4.350000000000000533e+00 5.648407639002740063e-09
4.360000000000000320e+00 6.965304571109391287e-09
4.370000000000000107e+00 8.024213466438264811e-09
4.379999999999999893e+00 8.676045791231854844e-09
4.389999999999999680e+00 8.875538680699999994e-09
4.400000000000000355e+00 8.658401689006155402e-09
4.410000000000000142e+00 8.108280317147755747e-09
4.419999999999999929e+00 7.326571311019561839e-09
4.429999999999999716e+00 6.410294972324664770e-09
4.440000000000000391e+00 5.439301578900286982e-09
4.450000000000000178e+00 4.471539018681107069e-09
4.459999999999999964e+00 3.543892371885752865e-09
4.469999999999999751e+00 2.676070788779804214e-09
4.480000000000000426e+00 1.875512462996374571e-09
4.490000000000000213e+00 1.141995570138505087e-09
4.500000000000000000e+00 4.713156841808931785e-10
4.509999999999999787e+00 -1.421640679031587597e-10
4.520000000000000462e+00 -7.039703361004578671e-10
4.530000000000000249e+00 -1.218763039870925843e-09
4.540000000000000036e+00 -1.690103703055445254e-09
4.549999999999999822e+00 -2.164219730739832444e-09
4.560000000000000497e+00 -2.665888556977813306e-09
4.570000000000000284e+00 -3.147375074504338513e-09
4.580000000000000071e+00 -3.586236867056676034e-09
4.589999999999999858e+00 -3.972714921090811368e-09
4.600000000000000533e+00 -4.304300112206565070e-09
4.610000000000000320e+00 -4.582339178492585948e-09
4.620000000000000107e+00 -4.810037646983465187e-09
4.629999999999999893e+00 -4.991366384160301070e-09
4.639999999999999680e+00 -5.130495872968297946e-09
4.650000000000000355e+00 -5.231534624080300324e-09
4.660000000000000142e+00 -5.298428203756928320e-09
4.669999999999999929e+00 -5.334929436707830560e-09
4.679999999999999716e+00 -5.344601246762919989e-09
4.690000000000000391e+00 -5.330827462298781391e-09
4.700000000000000178e+00 -5.296822038680018167e-09
4.709999999999999964e+00 -5.245635343997988910e-09
4.719999999999999751e+00 -5.180156339935021922e-09
4.730000000000000426e+00 -5.103110784097563583e-09
4.740000000000000213e+00 -5.017059053361222931e-09
4.750000000000000000e+00 -4.924391713234453789e-09
4.759999999999999787e+00 -4.827325522178849998e-09
4.770000000000000462e+00 -4.727899217300008054e-09
4.780000000000000249e+00 -4.627969981555903580e-09
4.790000000000000036e+00 -4.529210666607671307e-09
4.799999999999999822e+00 -4.433106918225313503e-09
4.810000000000000497e+00 -4.340956229261148450e-09
4.820000000000000284e+00 -4.253867628199752139e-09
4.830000000000000071e+00 -4.172761780018941651e-09
4.839999999999999858e+00 -4.098372845849970618e-09
4.850000000000000533e+00 -4.031250935258948725e-09
4.860000000000000320e+00 -3.971765774674525236e-09
4.870000000000000107e+00 -3.920110546301070182e-09
4.879999999999999893e+00 -3.876308585092163255e-09
4.889999999999999680e+00 -3.840217986113925480e-09
4.900000000000000355e+00 -3.811539936927998850e-09
4.910000000000000142e+00 -3.789826253081516177e-09
4.919999999999999929e+00 -3.774487348437964791e-09
4.929999999999999716e+00 -3.764802381467395577e-09
4.940000000000000391e+00 -3.759928319049094079e-09
4.950000000000000178e+00 -3.758911011186012752e-09
4.959999999999999964e+00 -3.760696332901371607e-09
4.969999999999999751e+00 -3.764141354371766384e-09
4.980000000000000426e+00 -3.768027666692275570e-09
4.990000000000000213e+00 -3.771073116449979999e-09
5.000000000000000000e+00 -3.771945850589583640e-09
5.009999999999999787e+00 -3.771425049735916951e-09
5.020000000000000462e+00 -3.657246905117994964e-09
5.030000000000000249e+00 -3.530182507832721570e-09
5.040000000000000036e+00 -3.401904250202097304e-09
5.049999999999999822e+00 -3.272131390543850717e-09
5.060000000000000497e+00 -3.141329267241611774e-09
5.070000000000000284e+00 -3.010043275375864552e-09
5.080000000000000071e+00 -2.878818592204180648e-09
5.089999999999999858e+00 -2.748199996748196759e-09
5.100000000000000533e+00 -2.618728103558733993e-09
5.110000000000000320e+00 -2.490935386332094243e-09
5.120000000000000107e+00 -2.365343078053010080e-09
5.129999999999999893e+00 -2.242457789220744585e-09
5.139999999999999680e+00 -2.122767932378964187e-09
5.150000000000000355e+00 -2.006741639523094710e-09
5.160000000000000142e+00 -1.894823655507279806e-09
5.169999999999999929e+00 -1.787433823748878858e-09
5.179999999999999716e+00 -1.684964449513574076e-09
5.190000000000000391e+00 -1.587779598574643674e-09
5.200000000000000178e+00 -1.496213282402834235e-09
5.209999999999999964e+00 -1.410569488072124498e-09
5.219999999999999751e+00 -1.331121332043434498e-09
5.230000000000000426e+00 -1.258110755304933582e-09
5.240000000000000213e+00 -1.191749329704892417e-09
5.250000000000000000e+00 -1.132217937911161299e-09
5.259999999999999787e+00 -1.079668639728754238e-09
5.270000000000000462e+00 -1.034224737837961837e-09
5.280000000000000249e+00 -9.959820094257813180e-10
5.290000000000000036e+00 -9.650110636619715096e-10
5.299999999999999822e+00 -9.413571588700542315e-10
5.310000000000000497e+00 -9.250428987851955593e-10
5.320000000000000284e+00 -9.160695521903639045e-10
5.330000000000000071e+00 -9.144185614419735329e-10
5.339999999999999858e+00 -9.200531153034324541e-10
5.350000000000000533e+00 -9.329197570931953929e-10
5.360000000000000320e+00 -9.529505360198331561e-10
5.370000000000000107e+00 -9.800636982359132310e-10
5.379999999999999893e+00 -1.014164854027503149e-09
5.389999999999999680e+00 -1.055149385974392366e-09
5.400000000000000355e+00 -1.102902532384352134e-09
5.410000000000000142e+00 -1.157301471051795571e-09
5.419999999999999929e+00 -1.218215164634561766e-09
5.429999999999999716e+00 -1.285506282692084132e-09
5.440000000000000391e+00 -1.359031022449402153e-09
5.450000000000000178e+00 -1.438640038764716680e-09
5.459999999999999964e+00 -1.524178899992226223e-09
5.469999999999999751e+00 -1.615488417444975329e-09
5.480000000000000426e+00 -1.712404340643535659e-09
5.490000000000000213e+00 -1.814758474186584890e-09
5.500000000000000000e+00 -1.922377607556451433e-09
5.509999999999999787e+00 -2.035084018810477559e-09
5.520000000000000462e+00 -2.152694872628521409e-09
5.530000000000000249e+00 -2.275022378221137052e-09
5.540000000000000036e+00 -2.401873120409218182e-09
5.549999999999999822e+00 -2.533047416456826585e-09
5.560000000000000497e+00 -2.668339350288634035e-09
5.570000000000000284e+00 -2.807535924389728425e-09
5.580000000000000071e+00 -2.950416049348374632e-09
5.589999999999999858e+00 -3.096750812897290436e-09
5.600000000000000533e+00 -3.246302057834848877e-09
5.610000000000000320e+00 -3.398821721997912769e-09
5.620000000000000107e+00 -3.554051727494801829e-09
5.629999999999999893e+00 -3.711722752840695106e-09
5.639999999999999680e+00 -3.871553063173038689e-09
5.650000000000000355e+00 -4.033248841342892680e-09
5.660000000000000142e+00 -4.196502799095699476e-09
5.669999999999999929e+00 -4.360993180223233665e-09
5.679999999999999716e+00 -4.526384065584272460e-09
5.690000000000000391e+00 -4.692323598774336392e-09
5.700000000000000178e+00 -4.858444632604542120e-09
5.709999999999999964e+00 -5.024362559251980197e-09
5.719999999999999751e+00 -5.189676217524156120e-09
5.730000000000000426e+00 -5.353967432639432623e-09
5.740000000000000213e+00 -5.516799683513685436e-09
5.750000000000000000e+00 -5.677719055255590685e-09
5.759999999999999787e+00 -5.836253258955881789e-09
5.770000000000000462e+00 -5.991913026643631839e-09
5.780000000000000249e+00 -6.144190685687776803e-09
5.790000000000000036e+00 -6.292561815463898141e-09
5.799999999999999822e+00 -6.436485363547102234e-09
5.810000000000000497e+00 -6.575404759091573674e-09
5.820000000000000284e+00 -6.708748846441526147e-09
5.830000000000000071e+00 -6.835933990934539328e-09
5.839999999999999858e+00 -6.956364724481295316e-09
5.850000000000000533e+00 -7.069436102798819720e-09
5.860000000000000320e+00 -7.174536131715270098e-09
5.870000000000000107e+00 -7.271048971351678255e-09
5.879999999999999893e+00 -7.358356809486888978e-09
5.889999999999999680e+00 -7.435843342808228784e-09
5.900000000000000355e+00 -7.502899098698166954e-09
5.910000000000000142e+00 -7.558924142686527148e-09
5.919999999999999929e+00 -7.603332779107942808e-09
5.929999999999999716e+00 -7.635558904696220018e-09
5.940000000000000391e+00 -7.655060197601198447e-09
5.950000000000000178e+00 -7.661324404096174328e-09
5.959999999999999964e+00 -7.653874702439982637e-09
5.969999999999999751e+00 -7.632275918723298068e-09
5.980000000000000426e+00 -7.596139782826352950e-09
5.990000000000000213e+00 -7.545132364786793855e-09
6.000000000000000000e+00 -7.478978230570388523e-09
6.009999999999999787e+00 -7.397468184860657885e-09
6.020000000000000462e+00 -7.300463507599288968e-09
6.030000000000000249e+00 -7.187902781725487530e-09
6.040000000000000036e+00 -7.059805401714905910e-09
6.049999999999999822e+00 -6.916276470509298223e-09
6.060000000000000497e+00 -6.757511778217323451e-09
6.070000000000000284e+00 -6.583798279740292731e-09
6.080000000000000071e+00 -6.395518159306568629e-09
6.089999999999999858e+00 -6.193149597447894836e-09
6.100000000000000533e+00 -5.977265517404027110e-09
6.110000000000000320e+00 -5.748533648056289472e-09
6.120000000000000107e+00 -5.507714217669003358e-09
6.129999999999999893e+00 -5.255655169089741313e-09
6.140000000000000568e+00 -4.993289485192323951e-09
6.150000000000000355e+00 -4.721627580197993883e-09
6.160000000000000142e+00 -4.441750353643081260e-09
6.169999999999999929e+00 -4.154802235310115691e-09
6.179999999999999716e+00 -3.861980519571672826e-09
6.190000000000000391e+00 -3.564526493765056252e-09
6.200000000000000178e+00 -3.263715425570943391e-09
6.209999999999999964e+00 -2.960843866628206224e-09
6.219999999999999751e+00 -2.657219806939051471e-09
6.230000000000000426e+00 -2.354149840746556035e-09
6.240000000000000213e+00 -2.052929038094235143e-09
6.250000000000000000e+00 -1.754828377592561602e-09
6.259999999999999787e+00 -1.461085680280289898e-09
6.270000000000000462e+00 -1.172893069911466338e-09
6.280000000000000249e+00 -8.913907654384741282e-10
6.290000000000000036e+00 -6.176553143410950460e-10
6.299999999999999822e+00 -3.526952481496837902e-10
6.310000000000000497e+00 -9.744254418204213197e-11
6.320000000000000284e+00 1.472507526034315687e-10
6.330000000000000071e+00 3.806178475573480712e-10
6.339999999999999858e+00 6.019784167509569936e-10
6.350000000000000533e+00 8.107411765566172177e-10
6.360000000000000320e+00 1.006403132620216438e-09
6.370000000000000107e+00 1.188548971842357828e-09
6.379999999999999893e+00 1.356849541829452553e-09
6.390000000000000568e+00 1.511058471853909614e-09
6.400000000000000355e+00 1.651009483515950869e-09
6.410000000000000142e+00 1.776610591950682417e-09
6.419999999999999929e+00 1.887840828606013459e-09
6.429999999999999716e+00 1.984743520977800150e-09
6.440000000000000391e+00 2.067422343703079114e-09
6.450000000000000178e+00 2.136033912393489248e-09
6.459999999999999964e+00 2.190782845635343278e-09
6.469999999999999751e+00 2.231916048557382396e-09
6.480000000000000426e+00 2.259716036299717822e-09
6.490000000000000213e+00 2.274496301562577278e-09
6.500000000000000000e+00 2.276596340339106837e-09
6.509999999999999787e+00 2.266375184610721504e-09
6.520000000000000462e+00 2.244208470277848785e-09
6.530000000000000249e+00 2.210483003174087769e-09
6.540000000000000036e+00 2.165593514964457091e-09
6.549999999999999822e+00 2.109939251602894899e-09
6.560000000000000497e+00 2.043920544850451492e-09
6.570000000000000284e+00 1.967936508955261471e-09
6.580000000000000071e+00 1.882383334690777486e-09
6.589999999999999858e+00 1.787651463064067049e-09
6.600000000000000533e+00 1.684124770975602583e-09
6.610000000000000320e+00 1.572179217909150747e-09
6.620000000000000107e+00 1.452182626715960593e-09
6.629999999999999893e+00 1.324493226158586015e-09
6.640000000000000568e+00 1.189460027889831109e-09
6.650000000000000355e+00 1.047422762145816502e-09
6.660000000000000142e+00 8.987115864906983919e-10
6.669999999999999929e+00 7.436479226299512229e-10
6.679999999999999716e+00 5.825448965386956559e-10
6.690000000000000391e+00 4.157075181624121895e-10
6.700000000000000178e+00 2.434341044878079465e-10
6.709999999999999964e+00 6.601591470180154026e-11
6.719999999999999751e+00 -1.162604986258466974e-10
6.730000000000000426e+00 -3.031131564210365734e-10
6.740000000000000213e+00 -4.942638866808862656e-10
6.750000000000000000e+00 -6.894371868590753175e-10
6.759999999999999787e+00 -8.883588550174749019e-10
6.770000000000000462e+00 -1.090755362016692467e-09
6.780000000000000249e+00 -1.296352877170737885e-09
6.790000000000000036e+00 -1.504876174333482987e-09
6.799999999999999822e+00 -1.716047806693725641e-09
6.810000000000000497e+00 -1.929586721145254741e-09
6.820000000000000284e+00 -2.145208031075838954e-09
6.830000000000000071e+00 -2.362621679917403010e-09
6.839999999999999858e+00 -2.581531701479854655e-09
6.850000000000000533e+00 -2.801635593102588892e-09
6.860000000000000320e+00 -3.022623204994985382e-09
6.870000000000000107e+00 -3.244176423996042988e-09
6.879999999999999893e+00 -3.465968189983115773e-09
6.890000000000000568e+00 -3.687661966263479123e-09
6.900000000000000355e+00 -3.908911624976675987e-09
6.910000000000000142e+00 -4.129359715934806291e-09
6.919999999999999929e+00 -4.348639007853545227e-09
6.929999999999999716e+00 -4.566370183967974848e-09
6.940000000000000391e+00 -4.782162446800586068e-09
6.950000000000000178e+00 -4.995613531927737063e-09
6.959999999999999964e+00 -5.206309313872505194e-09
6.969999999999999751e+00 -5.413824056553933015e-09
6.980000000000000426e+00 -5.617720321240673407e-09
6.990000000000000213e+00 -5.817549207427642450e-09
7.000000000000000000e+00 -6.012851056760671531e-09
7.009999999999999787e+00 -6.203155699885996505e-09
7.020000000000000462e+00 -6.387983615120151473e-09
7.030000000000000249e+00 -6.566846502050805777e-09
7.040000000000000036e+00 -6.739248399436517716e-09
7.049999999999999822e+00 -6.904687308281865505e-09
7.060000000000000497e+00 -7.062656434114000261e-09
7.070000000000000284e+00 -7.212645907939771942e-09
7.080000000000000071e+00 -7.354144834105674792e-09
7.089999999999999858e+00 -7.486644006764026414e-09
7.100000000000000533e+00 -7.609637394689669415e-09
7.110000000000000320e+00 -7.722625524324953678e-09
7.120000000000000107e+00 -7.825118345131254054e-09
7.129999999999999893e+00 -7.916638524040791454e-09
7.140000000000000568e+00 -7.996724259764934318e-09
7.150000000000000355e+00 -8.064933431349230387e-09
7.160000000000000142e+00 -8.120847406113881882e-09
7.169999999999999929e+00 -8.164074398448045463e-09
7.179999999999999716e+00 -8.194254350159754683e-09
7.190000000000000391e+00 -8.211062232214059113e-09
7.200000000000000178e+00 -8.214212994469968423e-09
7.209999999999999964e+00 -8.203465168494697336e-09
7.219999999999999751e+00 -8.178625459111398285e-09
7.230000000000000426e+00 -8.139552472552833766e-09
7.240000000000000213e+00 -8.086160125308719274e-09
7.250000000000000000e+00 -8.018422444286189598e-09
7.259999999999999787e+00 -7.936375778264884510e-09
7.270000000000000462e+00 -7.840121931712966689e-09
7.280000000000000249e+00 -7.729830772464387653e-09
7.290000000000000036e+00 -7.605742126306260148e-09
7.299999999999999822e+00 -7.468166854985590120e-09
7.310000000000000497e+00 -7.317488560781375822e-09
7.320000000000000284e+00 -7.154162137604249670e-09
7.330000000000000071e+00 -6.978714694045863824e-09
7.339999999999999858e+00 -6.791743375765713028e-09
7.350000000000000533e+00 -6.593913369732576178e-09
7.360000000000000320e+00 -6.385955013181408230e-09
7.370000000000000107e+00 -6.168660656204392134e-09
7.379999999999999893e+00 -5.942880030048716787e-09
7.390000000000000568e+00 -5.709515178837347172e-09
7.400000000000000355e+00 -5.469515005276992522e-09
7.410000000000000142e+00 -5.223869155410731295e-09
7.419999999999999929e+00 -4.973601455193306151e-09
7.429999999999999716e+00 -4.719762914522180467e-09
7.440000000000000391e+00 -4.463423657068770571e-09
7.450000000000000178e+00 -4.205666521775642263e-09
7.459999999999999964e+00 -3.947578372902285713e-09
7.469999999999999751e+00 -3.690243255006782872e-09
7.480000000000000426e+00 -3.434734218167765132e-09
7.490000000000000213e+00 -3.182106104538490919e-09
7.500000000000000000e+00 -2.933388891733723578e-09
7.509999999999999787e+00 -2.689580547530134542e-09
7.520000000000000462e+00 -2.451640870393738357e-09
7.530000000000000249e+00 -2.220486575019031973e-09
7.540000000000000036e+00 -1.996985183218804383e-09
7.549999999999999822e+00 -1.781951421834889828e-09
7.560000000000000497e+00 -1.576142973725648046e-09
7.570000000000000284e+00 -1.380258234512173174e-09
7.580000000000000071e+00 -1.194932959175693510e-09
7.589999999999999858e+00 -1.020739388393300410e-09
7.600000000000000533e+00 -8.581848685624965898e-10
7.610000000000000320e+00 -7.077117629681227804e-10
7.620000000000000107e+00 -5.696975928226148992e-10
7.629999999999999893e+00 -4.444561601050637145e-10
7.640000000000000568e+00 -3.322381700767205864e-10
7.650000000000000355e+00 -2.332337203981890893e-10
7.660000000000000142e+00 -1.475742147831574951e-10
7.669999999999999929e+00 -7.533464040031155306e-11
7.679999999999999716e+00 -1.653705728941491167e-11
7.690000000000000391e+00 2.884768934801562750e-11
7.700000000000000178e+00 6.089557311924099468e-11
7.709999999999999964e+00 7.972717716673511702e-11
7.719999999999999751e+00 8.550401328431032449e-11
7.730000000000000426e+00 7.842512354905179756e-11
7.740000000000000213e+00 5.872414151177577701e-11
7.750000000000000000e+00 2.666609940432849448e-11
7.759999999999999787e+00 -1.745527564022890501e-11
7.770000000000000462e+00 -7.332078207031403324e-11
7.780000000000000249e+00 -1.405885165952462763e-10
7.790000000000000036e+00 -2.188957987986757158e-10
7.799999999999999822e+00 -3.078624914349411632e-10
7.810000000000000497e+00 -4.070922937425676732e-10
7.820000000000000284e+00 -5.161747066915484299e-10
7.830000000000000071e+00 -6.346875593702565378e-10
7.839999999999999858e+00 -7.621977364316751633e-10
7.850000000000000533e+00 -8.982631118496620386e-10
7.860000000000000320e+00 -1.042433063823805409e-09
7.870000000000000107e+00 -1.194250388640160120e-09
7.879999999999999893e+00 -1.353251276522980179e-09
7.890000000000000568e+00 -1.518966610273114537e-09
7.900000000000000355e+00 -1.690921947904672916e-09
7.910000000000000142e+00 -1.868638567702302683e-09
7.919999999999999929e+00 -2.051633150717945259e-09
7.930000000000000604e+00 -2.239418253139451071e-09
7.940000000000000391e+00 -2.431502529352167477e-09
7.950000000000000178e+00 -2.627390113481337090e-09
7.959999999999999964e+00 -2.826581363235595376e-09
7.969999999999999751e+00 -3.028572309092171933e-09
7.980000000000000426e+00 -3.232854389357474195e-09
7.990000000000000213e+00 -3.438914392784917339e-09
8.000000000000000000e+00 -3.646234093789880542e-09
8.009999999999999787e+00 -3.854290238788135909e-09
8.019999999999999574e+00 -4.062554573805398588e-09
8.029999999999999361e+00 -4.270492308424729604e-09
8.040000000000000924e+00 -4.477563630176611160e-09
8.050000000000000711e+00 -4.683222471167878860e-09
8.060000000000000497e+00 -4.886917496573279764e-09
8.070000000000000284e+00 -5.088089877490828507e-09
8.080000000000000071e+00 -5.286175833089690270e-09
8.089999999999999858e+00 -5.480605400061468144e-09
8.099999999999999645e+00 -5.670802873642691314e-09
8.109999999999999432e+00 -5.856187683307176681e-09
8.120000000000000995e+00 -6.036174671236402755e-09
8.130000000000000782e+00 -6.210173643825754125e-09
8.140000000000000568e+00 -6.377592225221362200e-09
8.150000000000000355e+00 -6.537835747885464269e-09
8.160000000000000142e+00 -6.690308053140980590e-09
8.169999999999999929e+00 -6.834413970577018325e-09
8.179999999999999716e+00 -6.969559983389363032e-09
8.189999999999999503e+00 -7.095156996311577254e-09
8.199999999999999289e+00 -7.210621964197687776e-09
8.210000000000000853e+00 -7.315379721487152885e-09
8.220000000000000639e+00 -7.408866896399679139e-09
8.230000000000000426e+00 -7.490532865471182369e-09
8.240000000000000213e+00 -7.559845695384229592e-09
8.250000000000000000e+00 -7.616291848445709163e-09
8.259999999999999787e+00 -7.659383323228840354e-09
8.269999999999999574e+00 -7.688658337893179094e-09
8.279999999999999361e+00 -7.703687621416751986e-09
8.290000000000000924e+00 -7.704076819531921687e-09
8.300000000000000711e+00 -7.689472028463761475e-09
8.310000000000000497e+00 -7.659563529290831359e-09
8.320000000000000284e+00 -7.614089168344108844e-09
8.330000000000000071e+00 -7.552840256308755390e-09
8.339999999999999858e+00 -7.475664700667006248e-09
8.349999999999999645e+00 -7.382472116584234566e-09
8.359999999999999432e+00 -7.273235808725084461e-09
8.370000000000000995e+00 -7.147998549092679731e-09
8.380000000000000782e+00 -7.006874779440017351e-09
8.390000000000000568e+00 -6.850053236331713611e-09
8.400000000000000355e+00 -6.677799677748779634e-09
8.410000000000000142e+00 -6.490458171822574872e-09
8.419999999999999929e+00 -6.288453458925751540e-09
8.429999999999999716e+00 -6.072290115922592714e-09
8.439999999999999503e+00 -5.842552654417561648e-09
8.449999999999999289e+00 -5.599905578021959391e-09
8.460000000000000853e+00 -5.345089876562249036e-09
8.470000000000000639e+00 -5.078922353922860626e-09
8.480000000000000426e+00 -4.802290293260129537e-09
8.490000000000000213e+00 -4.516149430133802778e-09
8.500000000000000000e+00 -4.221516621192396523e-09
8.509999999999999787e+00 -3.919466605573567020e-09
8.519999999999999574e+00 -3.611123597873389520e-09
8.529999999999999361e+00 -3.297656563189848680e-09
8.540000000000000924e+00 -2.980268787547364686e-09
8.550000000000000711e+00 -2.660192797413319945e-09
8.560000000000000497e+00 -2.338681376774164334e-09
8.570000000000000284e+00 -2.016998199248413158e-09
8.580000000000000071e+00 -1.696410230907951830e-09
8.589999999999999858e+00 -1.378179176472743420e-09
8.599999999999999645e+00 -1.063552111633214977e-09
8.609999999999999432e+00 -7.537542372714703806e-10
8.620000000000000995e+00 -4.499809517049586473e-10
8.630000000000000782e+00 -1.533897992390401204e-10
8.640000000000000568e+00 1.349054867494306961e-10
8.650000000000000355e+00 4.138433667214512465e-10
8.660000000000000142e+00 6.824174527189284260e-10
8.669999999999999929e+00 9.396839007840139938e-10
8.679999999999999716e+00 1.184764176377679276e-09
8.689999999999999503e+00 1.416849789747947126e-09
8.700000000000001066e+00 1.635204539773954140e-09
8.710000000000000853e+00 1.839166593405126501e-09
8.720000000000000639e+00 2.028149666398043108e-09
8.730000000000000426e+00 2.201643568658012614e-09
8.740000000000000213e+00 2.359214621286458656e-09
8.750000000000000000e+00 2.500503978347742032e-09
8.759999999999999787e+00 2.625228010223862441e-09
8.769999999999999574e+00 2.733174233163853354e-09
8.779999999999999361e+00 2.824201239936243369e-09
8.790000000000000924e+00 2.898234255276928345e-09
8.800000000000000711e+00 2.955262264322484946e-09
8.810000000000000497e+00 2.995336485968372562e-09
8.820000000000000284e+00 3.018563906751803402e-09
8.830000000000000071e+00 3.025106823374415076e-09
8.839999999999999858e+00 3.015175771931216405e-09
8.849999999999999645e+00 2.989028127672783295e-09
8.859999999999999432e+00 2.946963122922772558e-09
8.870000000000000995e+00 2.889317757656163526e-09
8.880000000000000782e+00 2.816463422444282672e-09
8.890000000000000568e+00 2.728802145864060323e-09
8.900000000000000355e+00 2.626763424788332330e-09
8.910000000000000142e+00 2.510799600709521544e-09
8.919999999999999929e+00 2.381383332883131457e-09
8.929999999999999716e+00 2.239004803676497809e-09
8.939999999999999503e+00 2.084167827450246265e-09
8.950000000000001066e+00 1.917388529050958313e-09
8.960000000000000853e+00 1.739191183179251264e-09
8.970000000000000639e+00 1.550107428401411907e-09
8.980000000000000426e+00 1.350672711293021980e-09
8.990000000000000213e+00 1.141426126931057133e-09
9.000000000000000000e+00 9.229061584447630608e-10
9.009999999999999787e+00 6.956521433072279328e-10
9.019999999999999574e+00 4.602003228492570191e-10
9.029999999999999361e+00 2.170842579533456731e-10
9.040000000000000924e+00 -3.316641302255201064e-11
9.050000000000000711e+00 -2.900276329628729315e-10
9.060000000000000497e+00 -5.529808956419565132e-10
9.070000000000000284e+00 -8.215134482833134588e-10
9.080000000000000071e+00 -1.095119592146349510e-09
9.089999999999999858e+00 -1.373300082948747663e-09
9.099999999999999645e+00 -1.655562997093738703e-09
9.109999999999999432e+00 -1.941422708444469878e-09
9.120000000000000995e+00 -2.230401120718207938e-09
9.130000000000000782e+00 -2.522025728541135912e-09
9.140000000000000568e+00 -2.815830808164227183e-09
9.150000000000000355e+00 -3.111355727567574597e-09
9.160000000000000142e+00 -3.408145657763703736e-09
9.169999999999999929e+00 -3.705749465293178807e-09
9.179999999999999716e+00 -4.003719631346282883e-09
9.189999999999999503e+00 -4.301611568360165887e-09
9.200000000000001066e+00 -4.598981758347395042e-09
9.210000000000000853e+00 -4.895388255428060766e-09
9.220000000000000639e+00 -5.190388164135976656e-09
9.230000000000000426e+00 -5.483536661742351610e-09
9.240000000000000213e+00 -5.774386343884029238e-09
9.250000000000000000e+00 -6.062485443814029068e-09
9.259999999999999787e+00 -6.347376655007398039e-09
9.269999999999999574e+00 -6.628595702975952153e-09
9.279999999999999361e+00 -6.905669673877437427e-09
9.290000000000000924e+00 -7.178116104649318787e-09
9.300000000000000711e+00 -7.445440773634201688e-09
9.310000000000000497e+00 -7.707137756536127285e-09
9.320000000000000284e+00 -7.962686512002231099e-09
9.330000000000000071e+00 -8.211551757838533449e-09
9.339999999999999858e+00 -8.453181372948986632e-09
9.349999999999999645e+00 -8.687007037891149576e-09
9.359999999999999432e+00 -8.912441359349695155e-09
9.370000000000000995e+00 -9.128879435229598953e-09
9.380000000000000782e+00 -9.335696754710325538e-09
9.390000000000000568e+00 -9.532249947810659739e-09
9.400000000000000355e+00 -9.717877777060991698e-09
9.410000000000000142e+00 -9.891900258298633878e-09
9.419999999999999929e+00 -1.005362177647458512e-08
9.429999999999999716e+00 -1.020233080050775708e-08
9.439999999999999503e+00 -1.033730384721887511e-08
9.450000000000001066e+00 -1.045780630509891620e-08
9.460000000000000853e+00 -1.056309693433138303e-08
9.470000000000000639e+00 -1.065243259219551845e-08
9.480000000000000426e+00 -1.072507095041252526e-08
9.490000000000000213e+00 -1.078027734049916179e-08
9.500000000000000000e+00 -1.081732957109864956e-08
9.509999999999999787e+00 -1.083552598856855551e-08
9.519999999999999574e+00 -1.083419070728705671e-08
9.529999999999999361e+00 -1.081268351317798537e-08
9.540000000000000924e+00 -1.077040705962995369e-08
9.550000000000000711e+00 -1.070681578851505747e-08
9.560000000000000497e+00 -1.062142588334544601e-08
9.570000000000000284e+00 -1.051382327592222718e-08
9.580000000000000071e+00 -1.038367484742583242e-08
9.589999999999999858e+00 -1.023073650414334551e-08
9.599999999999999645e+00 -1.005486388362854653e-08
9.609999999999999432e+00 -9.856019160629867462e-09
9.620000000000000995e+00 -9.634281308847147411e-09
9.630000000000000782e+00 -9.389852669226801089e-09
9.640000000000000568e+00 -9.123064596866703478e-09
9.650000000000000355e+00 -8.834384509897722302e-09
9.660000000000000142e+00 -8.524417769212610506e-09
9.669999999999999929e+00 -8.193911768566175996e-09
9.679999999999999716e+00 -7.843754613377401592e-09
9.689999999999999503e+00 -7.474975822406292556e-09
9.700000000000001066e+00 -7.088741751944735748e-09
9.710000000000000853e+00 -6.686351097165197978e-09
9.720000000000000639e+00 -6.269228246194102020e-09
9.730000000000000426e+00 -5.838913918644818981e-09
9.740000000000000213e+00 -5.397054702551032804e-09
9.750000000000000000e+00 -4.945390484557335546e-09
9.759999999999999787e+00 -4.485741373121183610e-09
9.769999999999999574e+00 -4.019991449113408317e-09
9.779999999999999361e+00 -3.550073888372687668e-09
9.790000000000000924e+00 -3.077952997495099647e-09
9.800000000000000711e+00 -2.605607591155225428e-09
9.810000000000000497e+00 -2.135013777948479520e-09
9.820000000000000284e+00 -1.668126370295308720e-09
9.830000000000000071e+00 -1.206863382437432710e-09
9.839999999999999858e+00 -7.530889229491053469e-10
9.849999999999999645e+00 -3.085984140824780511e-10
9.859999999999999432e+00 1.248954372947200828e-10
9.870000000000000995e+00 5.457755724909841720e-10
9.880000000000000782e+00 9.525314608961915754e-10
9.890000000000000568e+00 1.343767474178678126e-09
9.900000000000000355e+00 1.718212330333743227e-09
9.910000000000000142e+00 2.074723899767420437e-09
9.919999999999999929e+00 2.412293067979912837e-09
9.929999999999999716e+00 2.730046736131823923e-09
9.939999999999999503e+00 3.027247567551152471e-09
9.950000000000001066e+00 3.303294129450150783e-09
9.960000000000000853e+00 3.557718015340010877e-09
9.970000000000000639e+00 3.790179970791909121e-09
9.980000000000000426e+00 4.000465746380442752e-09
9.990000000000000213e+00 4.188480216189880102e-09
1.000000000000000000e+01 4.354240386058108355e-09
