0.000000000000000000e+00 -2.887594831090937841e+00
1.000000000000000021e-02 -2.887594831199088663e+00
2.000000000000000042e-02 -2.887594837996286135e+00
2.999999999999999889e-02 -2.887594909437466661e+00
4.000000000000000083e-02 -2.887595268862690467e+00
5.000000000000000278e-02 -2.887596489176875281e+00
5.999999999999999778e-02 -2.887599738932983939e+00
7.000000000000000666e-02 -2.887607078822571172e+00
8.000000000000000167e-02 -2.887621794177190893e+00
8.999999999999999667e-02 -2.887648746463260085e+00
1.000000000000000056e-01 -2.887694724465023732e+00
1.100000000000000006e-01 -2.887768773944099809e+00
1.199999999999999956e-01 -2.887882483083811014e+00
1.300000000000000044e-01 -2.888050200011716306e+00
1.400000000000000133e-01 -2.888289158179205618e+00
1.499999999999999944e-01 -2.888619485393028263e+00
1.600000000000000033e-01 -2.889064072866175614e+00
1.700000000000000122e-01 -2.889648281805883290e+00
1.799999999999999933e-01 -2.890399466801228723e+00
1.900000000000000022e-01 -2.891346297622660710e+00
2.000000000000000111e-01 -2.892517864005252459e+00
2.099999999999999922e-01 -2.893942551552656894e+00
2.200000000000000011e-01 -2.895646683844653513e+00
2.300000000000000100e-01 -2.897652914562151683e+00
2.399999999999999911e-01 -2.899978396873921227e+00
2.500000000000000000e-01 -2.902632714443201145e+00
2.600000000000000089e-01 -2.905615599337270982e+00
2.700000000000000178e-01 -2.908914455216270678e+00
2.800000000000000266e-01 -2.912501712887709981e+00
2.899999999999999800e-01 -2.916332051929175329e+00
2.999999999999999889e-01 -2.920339528575452093e+00
3.099999999999999978e-01 -2.924434656257170140e+00
3.200000000000000067e-01 -2.928501490875804247e+00
3.300000000000000155e-01 -2.932394777907540107e+00
3.400000000000000244e-01 -2.935937222551731729e+00
3.500000000000000333e-01 -2.938916947195624019e+00
3.599999999999999867e-01 -2.941085202295555590e+00
3.699999999999999956e-01 -2.942154397249477693e+00
3.800000000000000044e-01 -2.941796516875608170e+00
3.900000000000000133e-01 -2.939641986691182041e+00
4.000000000000000222e-01 -2.935279046342385456e+00
4.100000000000000311e-01 -2.928253685379447191e+00
4.199999999999999845e-01 -2.918070189279901694e+00
4.299999999999999933e-01 -2.904192336448624179e+00
4.400000000000000022e-01 -2.886045279178993894e+00
4.500000000000000111e-01 -2.863018133610670368e+00
4.600000000000000200e-01 -2.834467295965598321e+00
4.700000000000000289e-01 -2.799720495197030701e+00
4.799999999999999822e-01 -2.758081586045213474e+00
4.899999999999999911e-01 -2.708836081713075661e+00
5.000000000000000000e-01 -2.651257422235913541e+00
5.100000000000000089e-01 -2.584613973291104649e+00
5.200000000000000178e-01 -2.508176750705293667e+00
5.300000000000000266e-01 -2.421227868117233673e+00
5.400000000000000355e-01 -2.323069708785741039e+00
5.500000000000000444e-01 -2.213034826793621956e+00
5.600000000000000533e-01 -2.090496587021055230e+00
5.700000000000000622e-01 -1.954880556081138199e+00
5.799999999999999600e-01 -1.805676656446037143e+00
5.899999999999999689e-01 -1.642452091432133665e+00
5.999999999999999778e-01 -1.464865037409438075e+00
6.099999999999999867e-01 -1.272679079080291542e+00
6.199999999999999956e-01 -1.065778331170742943e+00
6.300000000000000044e-01 -8.441831424077984591e-01
6.400000000000000133e-01 -6.080662121263903375e-01
6.500000000000000222e-01 -3.577688632520550915e-01
6.600000000000000311e-01 -9.381710508316619401e-02
6.700000000000000400e-01 1.830630166706546935e-01
6.800000000000000488e-01 4.719314474242662927e-01
6.900000000000000577e-01 7.716223810300472108e-01
7.000000000000000666e-01 1.080735807564622730e+00
7.099999999999999645e-01 1.397633634207827047e+00
7.199999999999999734e-01 1.720441884614969830e+00
7.299999999999999822e-01 2.047060687097151277e+00
7.399999999999999911e-01 2.375184043982125459e+00
7.500000000000000000e-01 2.702330757172886511e+00
7.600000000000000089e-01 3.025889515622768755e+00
7.700000000000000178e-01 3.343178795208462173e+00
7.800000000000000266e-01 3.651523283991982893e+00
7.900000000000000355e-01 3.948347179263588913e+00
8.000000000000000444e-01 4.231283625677548343e+00
8.100000000000000533e-01 4.498297946290244376e+00
8.200000000000000622e-01 4.747820224892504548e+00
8.300000000000000711e-01 4.978880260428944382e+00
8.399999999999999689e-01 5.191235061645462778e+00
8.499999999999999778e-01 5.385476150864441536e+00
8.599999999999999867e-01 5.563101443806054647e+00
8.699999999999999956e-01 5.726534998924315722e+00
8.800000000000000044e-01 5.879078266345504566e+00
8.900000000000000133e-01 6.024779432094979015e+00
9.000000000000000222e-01 6.168212911445242419e+00
9.100000000000000311e-01 6.314175244654159691e+00
9.200000000000000400e-01 6.467305690632389137e+00
9.300000000000000488e-01 6.631667314869580387e+00
9.400000000000000577e-01 6.810327715675695615e+00
9.500000000000000666e-01 7.004991057219859485e+00
9.599999999999999645e-01 7.215734395025902970e+00
9.699999999999999734e-01 7.440894582458265738e+00
9.799999999999999822e-01 7.677137068013717425e+00
9.899999999999999911e-01 7.919717052904804433e+00
1.000000000000000000e+00 8.162920465937828496e+00
1.010000000000000009e+00 8.400650376558658650e+00
1.020000000000000018e+00 8.627105260860510327e+00
1.030000000000000027e+00 8.837478231494594993e+00
1.040000000000000036e+00 9.028589834181994789e+00
1.050000000000000044e+00 9.199353199202224829e+00
1.060000000000000053e+00 9.350966849965100636e+00
1.070000000000000062e+00 9.486750907289065893e+00
1.080000000000000071e+00 9.611588030557065565e+00
1.090000000000000080e+00 9.731032834808964083e+00
1.100000000000000089e+00 9.850230277921523836e+00
1.110000000000000098e+00 9.972876201036399380e+00
1.120000000000000107e+00 1.010046496120154025e+01
1.130000000000000115e+00 1.023201135484534241e+01
1.140000000000000124e+00 1.036431316214518716e+01
1.150000000000000133e+00 1.049267998461744256e+01
1.159999999999999920e+00 1.061194197066433453e+01
1.169999999999999929e+00 1.071749822229770110e+01
1.179999999999999938e+00 1.080617044995751819e+01
1.189999999999999947e+00 1.087667697574728010e+01
1.199999999999999956e+00 1.092962218640770011e+01
1.209999999999999964e+00 1.096700348742619191e+01
1.219999999999999973e+00 1.099136458543904560e+01
1.229999999999999982e+00 1.100484077844123476e+01
1.239999999999999991e+00 1.100839734694164740e+01
1.250000000000000000e+00 1.100151284174613409e+01
1.260000000000000009e+00 1.098240803466146787e+01
1.270000000000000018e+00 1.094872843085619962e+01
1.280000000000000027e+00 1.089843820747528547e+01
1.290000000000000036e+00 1.083063338651902718e+01
1.300000000000000044e+00 1.074603133123712873e+01
1.310000000000000053e+00 1.064699834269810985e+01
1.320000000000000062e+00 1.053709142164023760e+01
1.330000000000000071e+00 1.042019499695234686e+01
1.340000000000000080e+00 1.029942910472841788e+01
1.350000000000000089e+00 1.017608452429004906e+01
1.360000000000000098e+00 1.004887283493557781e+01
1.370000000000000107e+00 9.913730473783566310e+00
1.380000000000000115e+00 9.764279626551482849e+00
1.390000000000000124e+00 9.592865367478406569e+00
1.400000000000000133e+00 9.391927712819617469e+00
1.409999999999999920e+00 9.155388217371484672e+00
1.419999999999999929e+00 8.879766131413560970e+00
1.429999999999999938e+00 8.564815624952428763e+00
1.439999999999999947e+00 8.213640646604476458e+00
1.449999999999999956e+00 7.832327835733198462e+00
1.459999999999999964e+00 7.429220104786466550e+00
1.469999999999999973e+00 7.013980981919923252e+00
1.479999999999999982e+00 6.596598994758166690e+00
1.489999999999999991e+00 6.186462148873397737e+00
1.500000000000000000e+00 5.791602545036106164e+00
1.510000000000000009e+00 5.418174686295907705e+00
1.520000000000000018e+00 5.070191879847477878e+00
1.530000000000000027e+00 4.749508257442790260e+00
1.540000000000000036e+00 4.456004344865479361e+00
1.550000000000000044e+00 4.187918437512283987e+00
1.560000000000000053e+00 3.942255586755066155e+00
1.570000000000000062e+00 3.715219940292080913e+00
1.580000000000000071e+00 3.502623123042824194e+00
1.590000000000000080e+00 3.300240507377509402e+00
1.600000000000000089e+00 3.104102505639138254e+00
1.610000000000000098e+00 2.910720836500242381e+00
1.620000000000000107e+00 2.717258502750371285e+00
1.630000000000000115e+00 2.521656918628414790e+00
1.640000000000000124e+00 2.322734830744384915e+00
1.650000000000000133e+00 2.120271803062639737e+00
1.660000000000000142e+00 1.915085326942763011e+00
1.669999999999999929e+00 1.709104403104271253e+00
1.679999999999999938e+00 1.505435040812698633e+00
1.689999999999999947e+00 1.308403691067865360e+00
1.699999999999999956e+00 1.123554153182170445e+00
1.709999999999999964e+00 9.575626470481732877e-01
1.719999999999999973e+00 8.180267466473244431e-01
1.729999999999999982e+00 7.130802783680758594e-01
1.739999999999999991e+00 6.507929282956873562e-01
1.750000000000000000e+00 6.383376774915974217e-01
1.760000000000000009e+00 6.809499410338488712e-01
1.770000000000000018e+00 7.807695314769601547e-01
1.780000000000000027e+00 9.357297104586748127e-01
1.790000000000000036e+00 1.138727647731681225e+00
1.800000000000000044e+00 1.377349386584429958e+00
1.810000000000000053e+00 1.634409583682153055e+00
1.820000000000000062e+00 1.889490964685962560e+00
1.830000000000000071e+00 2.121529766788921911e+00
1.840000000000000080e+00 2.312282400559561246e+00
1.850000000000000089e+00 2.450200138016999318e+00
1.860000000000000098e+00 2.533824995769582866e+00
1.870000000000000107e+00 2.573420545054436293e+00
1.880000000000000115e+00 2.589503706022900698e+00
1.890000000000000124e+00 2.607682693470474433e+00
1.900000000000000133e+00 2.650806393873918587e+00
1.910000000000000142e+00 2.731191868593076055e+00
1.919999999999999929e+00 2.846267908587852613e+00
1.929999999999999938e+00 2.979697520859941662e+00
1.939999999999999947e+00 3.107712575791259368e+00
1.949999999999999956e+00 3.208608467161256250e+00
1.959999999999999964e+00 3.272422396565426883e+00
1.969999999999999973e+00 3.306821112506210802e+00
1.979999999999999982e+00 3.334827826856396449e+00
1.989999999999999991e+00 3.383185776217354501e+00
2.000000000000000000e+00 3.467045984860281482e+00
2.010000000000000231e+00 3.580959278779680233e+00
2.020000000000000018e+00 3.702195445439047994e+00
2.030000000000000249e+00 3.803932742704363434e+00
2.040000000000000036e+00 3.870614947781447768e+00
2.049999999999999822e+00 3.906854104835677521e+00
2.060000000000000053e+00 3.933327245617080692e+00
2.069999999999999840e+00 3.971194444007836832e+00
2.080000000000000071e+00 4.027141002354800214e+00
2.089999999999999858e+00 4.091044131389759642e+00
2.100000000000000089e+00 4.146038796074341448e+00
2.109999999999999876e+00 4.181823682138641196e+00
2.120000000000000107e+00 4.202141750902876893e+00
2.129999999999999893e+00 4.220896328783677376e+00
2.140000000000000124e+00 4.249491525613050769e+00
2.149999999999999911e+00 4.287345640340871178e+00
2.160000000000000142e+00 4.324274879701465402e+00
2.169999999999999929e+00 4.350451923975271029e+00
2.180000000000000160e+00 4.363966242535040507e+00
2.189999999999999947e+00 4.370185991564770056e+00
2.200000000000000178e+00 4.374727851085701502e+00
2.209999999999999964e+00 4.378124660696567361e+00
2.220000000000000195e+00 4.377631059019610582e+00
2.229999999999999982e+00 4.372390133560133840e+00
2.240000000000000213e+00 4.365125808783840711e+00
2.250000000000000000e+00 4.358257338721091223e+00
2.260000000000000231e+00 4.348734711750311455e+00
2.270000000000000018e+00 4.328828977820845303e+00
2.280000000000000249e+00 4.293870296532373843e+00
2.290000000000000036e+00 4.248757442600314072e+00
2.300000000000000266e+00 4.205867009982909188e+00
2.310000000000000053e+00 4.175150280948299653e+00
2.319999999999999840e+00 4.154283349078815135e+00
2.330000000000000071e+00 4.128929811732680477e+00
2.339999999999999858e+00 4.084799732191362054e+00
2.350000000000000089e+00 4.020294962326310007e+00
2.359999999999999876e+00 3.948374797431966954e+00
2.370000000000000107e+00 3.887143216032264981e+00
2.379999999999999893e+00 3.845871918348011675e+00
2.390000000000000124e+00 3.815672179840295275e+00
2.399999999999999911e+00 3.773239359118072844e+00
2.410000000000000142e+00 3.696737709656396920e+00
2.419999999999999929e+00 3.581419691043437048e+00
2.430000000000000160e+00 3.443416940030090245e+00
2.439999999999999947e+00 3.310827700586383759e+00
2.450000000000000178e+00 3.208750092326594583e+00
2.459999999999999964e+00 3.146144964505046548e+00
2.470000000000000195e+00 3.111192435778267207e+00
2.479999999999999982e+00 3.077851742262434520e+00
2.490000000000000213e+00 3.019536048097410941e+00
2.500000000000000000e+00 2.921536352620089705e+00
2.510000000000000231e+00 2.786068916232434578e+00
2.520000000000000018e+00 2.629552013848929892e+00
2.530000000000000249e+00 2.475406210237667270e+00
2.540000000000000036e+00 2.345892851118359879e+00
2.550000000000000266e+00 2.255343004327061696e+00
2.560000000000000053e+00 2.206244677259063369e+00
2.569999999999999840e+00 2.188925506651158148e+00
2.580000000000000071e+00 2.184548937871767293e+00
2.589999999999999858e+00 2.170086730896787053e+00
2.600000000000000089e+00 2.123479918588459636e+00
2.609999999999999876e+00 2.027544789740871600e+00
2.620000000000000107e+00 1.871979970397941839e+00
2.629999999999999893e+00 1.653590458490793891e+00
2.640000000000000124e+00 1.375268353349203831e+00
2.649999999999999911e+00 1.044360687322708703e+00
2.660000000000000142e+00 6.709246588697348468e-01
2.669999999999999929e+00 2.661822525429565767e-01
2.680000000000000160e+00 -1.586840142165708845e-01
2.689999999999999947e+00 -5.933698716674791207e-01
2.700000000000000178e+00 -1.028967232098458418e+00
2.709999999999999964e+00 -1.458233790080033732e+00
2.720000000000000195e+00 -1.875694394497475104e+00
2.729999999999999982e+00 -2.277644809101471601e+00
2.740000000000000213e+00 -2.662112840498978894e+00
2.750000000000000000e+00 -3.028813047383227097e+00
2.760000000000000231e+00 -3.379111959822837186e+00
2.770000000000000018e+00 -3.716002044887849465e+00
2.780000000000000249e+00 -4.044065026484349623e+00
2.790000000000000036e+00 -4.369389114240011196e+00
2.800000000000000266e+00 -4.699391408020563432e+00
2.810000000000000053e+00 -5.042488616780585353e+00
2.819999999999999840e+00 -5.407559332775478289e+00
2.830000000000000071e+00 -5.803161137354571508e+00
2.839999999999999858e+00 -6.236493493460263160e+00
2.850000000000000089e+00 -6.712172169832253843e+00
2.859999999999999876e+00 -7.230965760038559509e+00
2.870000000000000107e+00 -7.788755046033881690e+00
2.879999999999999893e+00 -8.376065826634844669e+00
2.890000000000000124e+00 -8.978541694033165044e+00
2.899999999999999911e+00 -9.578596023986152730e+00
2.910000000000000142e+00 -1.015818768770750147e+01
2.919999999999999929e+00 -1.070224180050482587e+01
2.930000000000000160e+00 -1.120186417672699086e+01
2.939999999999999947e+00 -1.165636904565417176e+01
2.950000000000000178e+00 -1.207336768159312079e+01
2.959999999999999964e+00 -1.246666069435051760e+01
2.970000000000000195e+00 -1.285223946424664554e+01
2.979999999999999982e+00 -1.324319950368296617e+01
2.990000000000000213e+00 -1.364497109990746182e+01
3.000000000000000000e+00 -1.405267972715720504e+01
3.010000000000000231e+00 -1.445235125525414688e+01
3.020000000000000018e+00 -1.482625709698460170e+01
3.030000000000000249e+00 -1.516038942921066734e+01
3.040000000000000036e+00 -1.545046339289227966e+01
3.050000000000000266e+00 -1.570343881500748395e+01
3.060000000000000053e+00 -1.593395609450979222e+01
3.070000000000000284e+00 -1.615749356090523037e+01
3.080000000000000071e+00 -1.638334395400521615e+01
3.089999999999999858e+00 -1.661073888946608790e+01
3.100000000000000089e+00 -1.683028660359765993e+01
3.109999999999999876e+00 -1.703002630409859819e+01
3.120000000000000107e+00 -1.720219571777539613e+01
3.129999999999999893e+00 -1.734645075116593205e+01
3.140000000000000124e+00 -1.746823454311597246e+01
3.149999999999999911e+00 -1.757426069687547709e+01
3.160000000000000142e+00 -1.766819072627155762e+01
3.169999999999999929e+00 -1.774895236199781223e+01
3.180000000000000160e+00 -1.781254122025888265e+01
3.189999999999999947e+00 -1.785574361581231884e+01
3.200000000000000178e+00 -1.787862783572620984e+01
3.209999999999999964e+00 -1.788386006770001302e+01
3.220000000000000195e+00 -1.787383725170546711e+01
3.229999999999999982e+00 -1.784830496250751608e+01
3.240000000000000213e+00 -1.780448666346389786e+01
3.250000000000000000e+00 -1.773972965569717175e+01
3.260000000000000231e+00 -1.765450792445556516e+01
3.270000000000000018e+00 -1.755299781709207352e+01
3.280000000000000249e+00 -1.744043466580522761e+01
3.290000000000000036e+00 -1.731928634696695823e+01
3.300000000000000266e+00 -1.718710549842818835e+01
3.310000000000000053e+00 -1.703758879256904990e+01
3.320000000000000284e+00 -1.686452949836944981e+01
3.330000000000000071e+00 -1.666660904020495693e+01
3.339999999999999858e+00 -1.644981067158273547e+01
3.350000000000000089e+00 -1.622522725539803190e+01
3.359999999999999876e+00 -1.600326826543655301e+01
3.370000000000000107e+00 -1.578790708275680643e+01
3.379999999999999893e+00 -1.557426792309092001e+01
3.390000000000000124e+00 -1.535061031988041513e+01
3.399999999999999911e+00 -1.510357243873367317e+01
3.410000000000000142e+00 -1.482434244949694424e+01
3.419999999999999929e+00 -1.451288395596997560e+01
3.430000000000000160e+00 -1.417806906216937790e+01
3.439999999999999947e+00 -1.383371647725626197e+01
3.450000000000000178e+00 -1.349277324265114153e+01
3.459999999999999964e+00 -1.316252304584675770e+01
3.470000000000000195e+00 -1.284257238268063794e+01
3.479999999999999982e+00 -1.252574289393325557e+01
3.490000000000000213e+00 -1.220101732678832107e+01
3.500000000000000000e+00 -1.185741661916015666e+01
3.510000000000000231e+00 -1.148768765230613731e+01
3.520000000000000018e+00 -1.109074374292355891e+01
3.530000000000000249e+00 -1.067218138944423700e+01
3.540000000000000036e+00 -1.024282134257008536e+01
3.550000000000000266e+00 -9.815920257471837829e+00
3.560000000000000053e+00 -9.404058258750449539e+00
3.570000000000000284e+00 -9.016611220894812817e+00
3.580000000000000071e+00 -8.658313892278856727e+00
3.589999999999999858e+00 -8.328975051765134197e+00
3.600000000000000089e+00 -8.024103198619613408e+00
3.609999999999999876e+00 -7.736094324150473156e+00
3.620000000000000107e+00 -7.455627504692854401e+00
3.629999999999999893e+00 -7.173022756115847720e+00
3.640000000000000124e+00 -6.879376803972262699e+00
3.649999999999999911e+00 -6.567382824824127496e+00
3.660000000000000142e+00 -6.231804857086846283e+00
3.669999999999999929e+00 -5.869630478052728861e+00
3.680000000000000160e+00 -5.479962137307859749e+00
3.689999999999999947e+00 -5.063726060458034084e+00
3.700000000000000178e+00 -4.623282484283147475e+00
3.709999999999999964e+00 -4.162002854825197495e+00
3.720000000000000195e+00 -3.683872248830552198e+00
3.729999999999999982e+00 -3.193146889177143954e+00
3.740000000000000213e+00 -2.694082730708183160e+00
3.750000000000000000e+00 -2.190737017820308719e+00
3.760000000000000231e+00 -1.686836043956418951e+00
3.770000000000000018e+00 -1.185697830985998902e+00
3.780000000000000249e+00 -6.901970602259378529e-01
3.790000000000000036e+00 -2.027601935320573756e-01
3.800000000000000266e+00 2.746192819075219949e-01
3.810000000000000053e+00 7.403540942075337306e-01
3.820000000000000284e+00 1.193230247293233015e+00
3.830000000000000071e+00 1.632372262405604069e+00
3.839999999999999858e+00 2.057208904849651798e+00
3.850000000000000089e+00 2.467440533149789950e+00
3.859999999999999876e+00 2.863008272737299631e+00
3.870000000000000107e+00 3.244064559521280255e+00
3.879999999999999893e+00 3.610944178062889254e+00
3.890000000000000124e+00 3.964134702075976513e+00
3.899999999999999911e+00 4.304245230010890211e+00
3.910000000000000142e+00 4.631972335340344138e+00
3.919999999999999929e+00 4.948062736091974223e+00
3.930000000000000160e+00 5.253272312683027856e+00
3.939999999999999947e+00 5.548321978581661540e+00
3.950000000000000178e+00 5.833851559080946103e+00
3.959999999999999964e+00 6.110373647254363050e+00
3.970000000000000195e+00 6.378230167785567950e+00
3.979999999999999982e+00 6.637554982297594997e+00
3.990000000000000213e+00 6.888246178923830954e+00
4.000000000000000000e+00 7.129951578482878638e+00
4.009999999999999787e+00 7.362070374332549960e+00
4.020000000000000462e+00 7.583772688993546396e+00
4.030000000000000249e+00 7.794037258395102974e+00
4.040000000000000036e+00 7.991705622985933566e+00
4.049999999999999822e+00 8.175549370699931373e+00
4.060000000000000497e+00 8.344345429187418617e+00
4.070000000000000284e+00 8.496953404325347847e+00
4.080000000000000071e+00 8.632388678807231486e+00
4.089999999999999858e+00 8.749885454760113035e+00
4.099999999999999645e+00 8.848945040563164000e+00
4.110000000000000320e+00 8.929366223094245214e+00
4.120000000000000107e+00 8.991256258351565833e+00
4.129999999999999893e+00 9.035022602258367286e+00
4.139999999999999680e+00 9.061346818278634530e+00
4.150000000000000355e+00 9.071143079824182109e+00
4.160000000000000142e+00 9.065504374084731865e+00
4.169999999999999929e+00 9.045640004968131365e+00
4.179999999999999716e+00 9.012808375183842813e+00
4.190000000000000391e+00 8.968249333065012152e+00
4.200000000000000178e+00 8.913120552472078018e+00
4.209999999999999964e+00 8.848442366265919290e+00
4.219999999999999751e+00 8.775055071939604545e+00
4.230000000000000426e+00 8.693591890276723078e+00
4.240000000000000213e+00 8.604469490621992733e+00
4.250000000000000000e+00 8.507896411943701054e+00
4.259999999999999787e+00 8.403898009658867352e+00
4.270000000000000462e+00 8.292354991652635121e+00
4.280000000000000249e+00 8.173051407606594765e+00
4.290000000000000036e+00 8.045727291925686586e+00
4.299999999999999822e+00 7.910131100314230501e+00
4.310000000000000497e+00 7.766067584121298495e+00
4.320000000000000284e+00 7.613437686498133239e+00
4.330000000000000071e+00 7.452268237963244779e+00
4.339999999999999858e+00 7.282730481604289707e+00
4.350000000000000533e+00 7.105147599693315108e+00
4.360000000000000320e+00 6.919992322925101469e+00
4.370000000000000107e+00 6.727876318886776730e+00
4.379999999999999893e+00 6.529533371476331283e+00
4.389999999999999680e+00 6.325798414432225236e+00
4.400000000000000355e+00 6.117584332335550990e+00
4.410000000000000142e+00 5.905858162806753242e+00
4.419999999999999929e+00 5.691617991142148725e+00
4.429999999999999716e+00 5.475871477422539435e+00
4.440000000000000391e+00 5.259616633748374959e+00
4.450000000000000178e+00 5.043825197059866206e+00
4.459999999999999964e+00 4.829428728880845512e+00
4.469999999999999751e+00 4.617307415633445267e+00
4.480000000000000426e+00 4.408281478794591202e+00
4.490000000000000213e+00 4.203104754316317582e+00
4.500000000000000000e+00 4.002460708233503972e+00
4.509999999999999787e+00 3.806960072734374201e+00
4.520000000000000462e+00 3.617140143624846704e+00
4.530000000000000249e+00 3.433465410996930256e+00
4.540000000000000036e+00 3.256329279068112648e+00
4.549999999999999822e+00 3.086056647146355747e+00
4.560000000000000497e+00 2.922907143842242039e+00
4.570000000000000284e+00 2.767078828705509697e+00
4.580000000000000071e+00 2.618712198639483901e+00
4.589999999999999858e+00 2.477894360057272927e+00
4.600000000000000533e+00 2.344663251147409255e+00
4.610000000000000320e+00 2.219011821222652170e+00
4.620000000000000107e+00 2.100892095401323711e+00
4.629999999999999893e+00 1.990219072376098408e+00
4.639999999999999680e+00 1.886874420423495957e+00
4.650000000000000355e+00 1.790709951882174300e+00
4.660000000000000142e+00 1.701550868975746367e+00
4.669999999999999929e+00 1.619198784078815123e+00
4.679999999999999716e+00 1.543434525416109926e+00
4.690000000000000391e+00 1.474020744904040559e+00
4.700000000000000178e+00 1.410704348604963965e+00
4.709999999999999964e+00 1.353218772307262618e+00
4.719999999999999751e+00 1.301286125328261489e+00
4.730000000000000426e+00 1.254619225018318129e+00
4.740000000000000213e+00 1.212923542874962068e+00
4.750000000000000000e+00 1.175899080888437531e+00
4.759999999999999787e+00 1.143242193948701857e+00
4.770000000000000462e+00 1.114647371038282042e+00
4.780000000000000249e+00 1.089808984681514437e+00
4.790000000000000036e+00 1.068423014858930875e+00
4.799999999999999822e+00 1.050188750443107555e+00
4.810000000000000497e+00 1.034810468262463257e+00
4.820000000000000284e+00 1.021999090511829689e+00
4.830000000000000071e+00 1.011473798149328029e+00
4.839999999999999858e+00 1.002963631005454381e+00
4.850000000000000533e+00 9.962090244263943628e-01
4.860000000000000320e+00 9.909632971377302368e-01
4.870000000000000107e+00 9.869940730442767762e-01
4.879999999999999893e+00 9.840846264428414480e-01
4.889999999999999680e+00 9.820351395159315766e-01
4.900000000000000355e+00 9.806638611119805615e-01
4.910000000000000142e+00 9.798081562654645804e-01
4.919999999999999929e+00 9.793254365964142449e-01
4.929999999999999716e+00 9.790939626181637268e-01
4.940000000000000391e+00 9.790135100396587520e-01
4.950000000000000178e+00 9.790058933409946373e-01
4.959999999999999964e+00 9.790153411972586373e-01
4.969999999999999751e+00 9.790087196982445450e-01
4.980000000000000426e+00 9.789756007352096168e-01
4.990000000000000213e+00 9.789281743782567435e-01
5.000000000000000000e+00 9.789010055292938217e-01
5.009999999999999787e+00 9.789010055562610280e-01
5.020000000000000462e+00 9.789010055428470913e-01
5.030000000000000249e+00 9.789010055689408851e-01
5.040000000000000036e+00 9.789010055954062706e-01
5.049999999999999822e+00 9.789010056217660738e-01
5.060000000000000497e+00 9.789010056481235456e-01
5.070000000000000284e+00 9.789010056744817945e-01
5.080000000000000071e+00 9.789010057008403765e-01
5.089999999999999858e+00 9.789010057271990695e-01
5.100000000000000533e+00 9.789010057535579845e-01
5.110000000000000320e+00 9.789010057799163445e-01
5.120000000000000107e+00 9.789010058062747044e-01
5.129999999999999893e+00 9.789010058326331754e-01
5.139999999999999680e+00 9.789010058589918684e-01
5.150000000000000355e+00 9.789010058853498952e-01
5.160000000000000142e+00 9.789010059117081441e-01
5.169999999999999929e+00 9.789010059380665041e-01
5.179999999999999716e+00 9.789010059644249750e-01
5.190000000000000391e+00 9.789010059907837791e-01
5.200000000000000178e+00 9.789010060171422500e-01
5.209999999999999964e+00 9.789010060435008320e-01
5.219999999999999751e+00 9.789010060698593030e-01
5.230000000000000426e+00 9.789010060962171078e-01
5.240000000000000213e+00 9.789010061225755788e-01
5.250000000000000000e+00 9.789010061489341608e-01
5.259999999999999787e+00 9.789010061752927427e-01
5.270000000000000462e+00 9.789010062016517688e-01
5.280000000000000249e+00 9.789010062280101288e-01
5.290000000000000036e+00 9.789010062543684887e-01
5.299999999999999822e+00 9.789010062807268486e-01
5.310000000000000497e+00 9.789010063070848755e-01
5.320000000000000284e+00 9.789010063334434575e-01
5.330000000000000071e+00 9.789010063598017064e-01
5.339999999999999858e+00 9.789010063861602884e-01
5.350000000000000533e+00 9.789010064125190924e-01
5.360000000000000320e+00 9.789010064388775634e-01
5.370000000000000107e+00 9.789010064652361454e-01
5.379999999999999893e+00 9.789010064915948384e-01
5.389999999999999680e+00 9.789010065179531983e-01
5.400000000000000355e+00 9.789010065443110031e-01
5.410000000000000142e+00 9.789010065706695851e-01
5.419999999999999929e+00 9.789010065970280561e-01
5.429999999999999716e+00 9.789010066233865270e-01
5.440000000000000391e+00 9.789010066497448870e-01
5.450000000000000178e+00 9.789010066761035800e-01
5.459999999999999964e+00 9.789010067024618289e-01
5.469999999999999751e+00 9.789010067288204109e-01
5.480000000000000426e+00 9.789010067551783267e-01
5.490000000000000213e+00 9.789010067815367977e-01
5.500000000000000000e+00 9.789010068078953797e-01
5.509999999999999787e+00 9.789010068342536286e-01
5.520000000000000462e+00 9.789010068606127657e-01
5.530000000000000249e+00 9.789010068869712367e-01
5.540000000000000036e+00 9.789010069133295966e-01
5.549999999999999822e+00 9.789010069396881786e-01
5.560000000000000497e+00 9.789010069660459834e-01
5.570000000000000284e+00 9.789010069924046764e-01
5.580000000000000071e+00 9.789010070187631474e-01
5.589999999999999858e+00 9.789010070451215073e-01
5.600000000000000533e+00 9.789010070714805334e-01
5.610000000000000320e+00 9.789010070978388933e-01
5.620000000000000107e+00 9.789010071241973643e-01
5.629999999999999893e+00 9.789010071505561683e-01
5.639999999999999680e+00 9.789010071769146393e-01
5.650000000000000355e+00 9.789010072032724441e-01
5.660000000000000142e+00 9.789010072296308040e-01
5.669999999999999929e+00 9.789010072559889419e-01
5.679999999999999716e+00 9.789010072823478570e-01
5.690000000000000391e+00 9.789010073087065500e-01
5.700000000000000178e+00 9.789010073350650210e-01
5.709999999999999964e+00 9.789010073614234919e-01
5.719999999999999751e+00 9.789010073877819629e-01
5.730000000000000426e+00 9.789010074141396567e-01
5.740000000000000213e+00 9.789010074404982387e-01
5.750000000000000000e+00 9.789010074668570427e-01
5.759999999999999787e+00 9.789010074932152916e-01
5.770000000000000462e+00 9.789010075195738736e-01
5.780000000000000249e+00 9.789010075459325666e-01
5.790000000000000036e+00 9.789010075722908155e-01
5.799999999999999822e+00 9.789010075986495085e-01
5.810000000000000497e+00 9.789010076250074244e-01
5.820000000000000284e+00 9.789010076513660064e-01
5.830000000000000071e+00 9.789010076777242553e-01
5.839999999999999858e+00 9.789010077040827262e-01
5.850000000000000533e+00 9.789010077304417523e-01
5.860000000000000320e+00 9.789010077568001122e-01
5.870000000000000107e+00 9.789010077831588053e-01
5.879999999999999893e+00 9.789010078095172762e-01
5.889999999999999680e+00 9.789010078358757472e-01
5.900000000000000355e+00 9.789010078622335520e-01
5.910000000000000142e+00 9.789010078885923560e-01
5.919999999999999929e+00 9.789010079149504939e-01
5.929999999999999716e+00 9.789010079413089649e-01
5.940000000000000391e+00 9.789010079676678799e-01
5.950000000000000178e+00 9.789010079940264619e-01
5.959999999999999964e+00 9.789010080203850439e-01
5.969999999999999751e+00 9.789010080467435149e-01
5.980000000000000426e+00 9.789010080731013197e-01
5.990000000000000213e+00 9.789010080994596796e-01
6.000000000000000000e+00 9.789010081258184837e-01
6.009999999999999787e+00 9.789010081521767326e-01
6.020000000000000462e+00 9.789010081785358697e-01
6.030000000000000249e+00 9.789010082048942296e-01
6.040000000000000036e+00 9.789010082312527006e-01
6.049999999999999822e+00 9.789010082576107274e-01
6.060000000000000497e+00 9.789010082839686433e-01
6.070000000000000284e+00 9.789010083103270032e-01
6.080000000000000071e+00 9.789010083366855852e-01
6.089999999999999858e+00 9.789010083630440562e-01
6.100000000000000533e+00 9.789010083894026382e-01
6.110000000000000320e+00 9.789010084157611091e-01
6.120000000000000107e+00 9.789010084421196911e-01
6.129999999999999893e+00 9.789010084684779400e-01
6.140000000000000568e+00 9.789010084948356338e-01
6.150000000000000355e+00 9.789010085211941048e-01
6.160000000000000142e+00 9.789010085475527978e-01
6.169999999999999929e+00 9.789010085739117129e-01
6.179999999999999716e+00 9.789010086002700728e-01
6.190000000000000391e+00 9.789010086266287658e-01
6.200000000000000178e+00 9.789010086529875698e-01
6.209999999999999964e+00 9.789010086793455967e-01
6.219999999999999751e+00 9.789010087057044007e-01
6.230000000000000426e+00 9.789010087320618725e-01
6.240000000000000213e+00 9.789010087584204545e-01
6.250000000000000000e+00 9.789010087847789254e-01
6.259999999999999787e+00 9.789010088111375074e-01
6.270000000000000462e+00 9.789010088374964225e-01
6.280000000000000249e+00 9.789010088638551155e-01
6.290000000000000036e+00 9.789010088902131423e-01
6.299999999999999822e+00 9.789010089165722794e-01
6.310000000000000497e+00 9.789010089429300843e-01
6.320000000000000284e+00 9.789010089692884442e-01
6.330000000000000071e+00 9.789010089956470262e-01
6.339999999999999858e+00 9.789010090220057192e-01
6.350000000000000533e+00 9.789010090483643012e-01
6.360000000000000320e+00 9.789010090747227721e-01
6.370000000000000107e+00 9.789010091010814651e-01
6.379999999999999893e+00 9.789010091274399361e-01
6.390000000000000568e+00 9.789010091537979630e-01
6.400000000000000355e+00 9.789010091801561009e-01
6.410000000000000142e+00 9.789010092065144608e-01
6.419999999999999929e+00 9.789010092328732648e-01
6.429999999999999716e+00 9.789010092592316248e-01
6.440000000000000391e+00 9.789010092855907619e-01
6.450000000000000178e+00 9.789010093119492328e-01
6.459999999999999964e+00 9.789010093383079258e-01
6.469999999999999751e+00 9.789010093646662858e-01
6.480000000000000426e+00 9.789010093910243127e-01
6.490000000000000213e+00 9.789010094173825616e-01
6.500000000000000000e+00 9.789010094437410325e-01
6.509999999999999787e+00 9.789010094700995035e-01
6.520000000000000462e+00 9.789010094964581965e-01
6.530000000000000249e+00 9.789010095228167785e-01
6.540000000000000036e+00 9.789010095491751384e-01
6.549999999999999822e+00 9.789010095755338314e-01
6.560000000000000497e+00 9.789010096018913032e-01
6.570000000000000284e+00 9.789010096282497742e-01
6.580000000000000071e+00 9.789010096546083561e-01
6.589999999999999858e+00 9.789010096809668271e-01
6.600000000000000533e+00 9.789010097073257421e-01
6.610000000000000320e+00 9.789010097336839911e-01
6.620000000000000107e+00 9.789010097600425730e-01
6.629999999999999893e+00 9.789010097864012661e-01
6.640000000000000568e+00 9.789010098127591819e-01
6.650000000000000355e+00 9.789010098391174308e-01
6.660000000000000142e+00 9.789010098654759018e-01
6.669999999999999929e+00 9.789010098918345948e-01
6.679999999999999716e+00 9.789010099181930658e-01
6.690000000000000391e+00 9.789010099445519808e-01
6.700000000000000178e+00 9.789010099709106738e-01
6.709999999999999964e+00 9.789010099972687007e-01
6.719999999999999751e+00 9.789010100236278378e-01
6.730000000000000426e+00 9.789010100499856426e-01
6.740000000000000213e+00 9.789010100763436695e-01
6.750000000000000000e+00 9.789010101027024735e-01
6.759999999999999787e+00 9.789010101290608334e-01
6.770000000000000462e+00 9.789010101554196375e-01
6.780000000000000249e+00 9.789010101817784415e-01
6.790000000000000036e+00 9.789010102081369125e-01
6.799999999999999822e+00 9.789010102344951614e-01
6.810000000000000497e+00 9.789010102608531882e-01
6.820000000000000284e+00 9.789010102872115482e-01
6.830000000000000071e+00 9.789010103135697971e-01
6.839999999999999858e+00 9.789010103399286011e-01
6.850000000000000533e+00 9.789010103662875162e-01
6.860000000000000320e+00 9.789010103926457651e-01
6.870000000000000107e+00 9.789010104190041250e-01
6.879999999999999893e+00 9.789010104453627070e-01
6.890000000000000568e+00 9.789010104717205119e-01
6.900000000000000355e+00 9.789010104980789828e-01
6.910000000000000142e+00 9.789010105244372317e-01
6.919999999999999929e+00 9.789010105507959247e-01
6.929999999999999716e+00 9.789010105771543957e-01
6.940000000000000391e+00 9.789010106035134218e-01
6.950000000000000178e+00 9.789010106298717817e-01
6.959999999999999964e+00 9.789010106562305857e-01
6.969999999999999751e+00 9.789010106825890567e-01
6.980000000000000426e+00 9.789010107089470836e-01
6.990000000000000213e+00 9.789010107353054435e-01
7.000000000000000000e+00 9.789010107616640255e-01
7.009999999999999787e+00 9.789010107880222744e-01
7.020000000000000462e+00 9.789010108143814115e-01
7.030000000000000249e+00 9.789010108407399935e-01
7.040000000000000036e+00 9.789010108670981314e-01
7.049999999999999822e+00 9.789010108934566023e-01
7.060000000000000497e+00 9.789010109198146292e-01
7.070000000000000284e+00 9.789010109461731002e-01
7.080000000000000071e+00 9.789010109725315711e-01
7.089999999999999858e+00 9.789010109988898201e-01
7.100000000000000533e+00 9.789010110252491792e-01
7.110000000000000320e+00 9.789010110516072061e-01
7.120000000000000107e+00 9.789010110779657881e-01
7.129999999999999893e+00 9.789010111043243700e-01
7.140000000000000568e+00 9.789010111306823969e-01
7.150000000000000355e+00 9.789010111570408679e-01
7.160000000000000142e+00 9.789010111833991168e-01
7.169999999999999929e+00 9.789010112097576988e-01
7.179999999999999716e+00 9.789010112361161697e-01
7.190000000000000391e+00 9.789010112624749738e-01
7.200000000000000178e+00 9.789010112888339998e-01
7.209999999999999964e+00 9.789010113151924708e-01
7.219999999999999751e+00 9.789010113415508307e-01
7.230000000000000426e+00 9.789010113679090797e-01
7.240000000000000213e+00 9.789010113942674396e-01
7.250000000000000000e+00 9.789010114206259106e-01
7.259999999999999787e+00 9.789010114469847146e-01
7.270000000000000462e+00 9.789010114733434076e-01
7.280000000000000249e+00 9.789010114997016565e-01
7.290000000000000036e+00 9.789010115260601275e-01
7.299999999999999822e+00 9.789010115524188205e-01
7.310000000000000497e+00 9.789010115787767363e-01
7.320000000000000284e+00 9.789010116051354293e-01
7.330000000000000071e+00 9.789010116314936782e-01
7.339999999999999858e+00 9.789010116578523713e-01
7.350000000000000533e+00 9.789010116842111753e-01
7.360000000000000320e+00 9.789010117105694242e-01
7.370000000000000107e+00 9.789010117369280062e-01
7.379999999999999893e+00 9.789010117632863661e-01
7.390000000000000568e+00 9.789010117896442820e-01
7.400000000000000355e+00 9.789010118160025309e-01
7.410000000000000142e+00 9.789010118423606688e-01
7.419999999999999929e+00 9.789010118687192508e-01
7.429999999999999716e+00 9.789010118950776107e-01
7.440000000000000391e+00 9.789010119214364147e-01
7.450000000000000178e+00 9.789010119477949967e-01
7.459999999999999964e+00 9.789010119741530236e-01
7.469999999999999751e+00 9.789010120005119386e-01
7.480000000000000426e+00 9.789010120268695214e-01
7.490000000000000213e+00 9.789010120532283254e-01
7.500000000000000000e+00 9.789010120795869074e-01
7.509999999999999787e+00 9.789010121059453784e-01
7.520000000000000462e+00 9.789010121323042934e-01
7.530000000000000249e+00 9.789010121586629865e-01
7.540000000000000036e+00 9.789010121850215684e-01
7.549999999999999822e+00 9.789010122113800394e-01
7.560000000000000497e+00 9.789010122377378442e-01
7.570000000000000284e+00 9.789010122640963152e-01
7.580000000000000071e+00 9.789010122904546751e-01
7.589999999999999858e+00 9.789010123168133681e-01
7.600000000000000533e+00 9.789010123431718391e-01
7.610000000000000320e+00 9.789010123695304211e-01
7.620000000000000107e+00 9.789010123958890031e-01
7.629999999999999893e+00 9.789010124222476961e-01
7.640000000000000568e+00 9.789010124486053899e-01
7.650000000000000355e+00 9.789010124749637498e-01
7.660000000000000142e+00 9.789010125013222208e-01
7.669999999999999929e+00 9.789010125276808028e-01
7.679999999999999716e+00 9.789010125540392737e-01
7.690000000000000391e+00 9.789010125803982998e-01
7.700000000000000178e+00 9.789010126067565487e-01
7.709999999999999964e+00 9.789010126331152417e-01
7.719999999999999751e+00 9.789010126594737127e-01
7.730000000000000426e+00 9.789010126858318506e-01
7.740000000000000213e+00 9.789010127121900995e-01
7.750000000000000000e+00 9.789010127385489035e-01
7.759999999999999787e+00 9.789010127649073745e-01
7.770000000000000462e+00 9.789010127912661785e-01
7.780000000000000249e+00 9.789010128176245384e-01
7.790000000000000036e+00 9.789010128439832314e-01
7.799999999999999822e+00 9.789010128703417024e-01
7.810000000000000497e+00 9.789010128966995072e-01
7.820000000000000284e+00 9.789010129230579782e-01
7.830000000000000071e+00 9.789010129494165602e-01
7.839999999999999858e+00 9.789010129757748091e-01
7.850000000000000533e+00 9.789010130021339462e-01
7.860000000000000320e+00 9.789010130284924172e-01
7.870000000000000107e+00 9.789010130548507771e-01
7.879999999999999893e+00 9.789010130812091370e-01
7.890000000000000568e+00 9.789010131075669419e-01
7.900000000000000355e+00 9.789010131339254128e-01
7.910000000000000142e+00 9.789010131602838838e-01
7.919999999999999929e+00 9.789010131866419107e-01
7.930000000000000604e+00 9.789010132130008257e-01
7.940000000000000391e+00 9.789010132393592967e-01
7.950000000000000178e+00 9.789010132657177676e-01
7.959999999999999964e+00 9.789010132920762386e-01
7.969999999999999751e+00 9.789010133184348206e-01
7.980000000000000426e+00 9.789010133447928474e-01
7.990000000000000213e+00 9.789010133711510964e-01
8.000000000000000000e+00 9.789010133975094563e-01
8.009999999999999787e+00 9.789010134238680383e-01
8.019999999999999574e+00 9.789010134502289517e-01
8.029999999999999361e+00 9.789010134765878668e-01
8.040000000000000924e+00 9.789010135029472259e-01
8.050000000000000711e+00 9.789010135293079173e-01
8.060000000000000497e+00 9.789010135556669434e-01
8.070000000000000284e+00 9.789010135820274128e-01
8.080000000000000071e+00 9.789010136083864388e-01
8.089999999999999858e+00 9.789010136347469082e-01
8.099999999999999645e+00 9.789010136611057122e-01
8.109999999999999432e+00 9.789010136874665147e-01
8.120000000000000995e+00 9.789010137138259848e-01
8.130000000000000782e+00 9.789010137401847889e-01
8.140000000000000568e+00 9.789010137665454803e-01
8.150000000000000355e+00 9.789010137929041733e-01
8.160000000000000142e+00 9.789010138192649757e-01
8.169999999999999929e+00 9.789010138456236687e-01
8.179999999999999716e+00 9.789010138719848042e-01
8.189999999999999503e+00 9.789010138983430531e-01
8.199999999999999289e+00 9.789010139247039666e-01
8.210000000000000853e+00 9.789010139510634367e-01
8.220000000000000639e+00 9.789010139774222408e-01
8.230000000000000426e+00 9.789010140037828211e-01
8.240000000000000213e+00 9.789010140301417362e-01
8.250000000000000000e+00 9.789010140565024276e-01
8.259999999999999787e+00 9.789010140828613427e-01
8.269999999999999574e+00 9.789010141092221451e-01
8.279999999999999361e+00 9.789010141355806160e-01
8.290000000000000924e+00 9.789010141619397531e-01
8.300000000000000711e+00 9.789010141883007776e-01
8.310000000000000497e+00 9.789010142146594706e-01
8.320000000000000284e+00 9.789010142410208282e-01
8.330000000000000071e+00 9.789010142673792991e-01
8.339999999999999858e+00 9.789010142937399905e-01
8.349999999999999645e+00 9.789010143200984615e-01
8.359999999999999432e+00 9.789010143464594860e-01
8.370000000000000995e+00 9.789010143728190672e-01
8.380000000000000782e+00 9.789010143991777602e-01
8.390000000000000568e+00 9.789010144255384516e-01
8.400000000000000355e+00 9.789010144518973666e-01
8.410000000000000142e+00 9.789010144782580580e-01
8.419999999999999929e+00 9.789010145046168621e-01
8.429999999999999716e+00 9.789010145309775535e-01
8.439999999999999503e+00 9.789010145573362465e-01
8.449999999999999289e+00 9.789010145836970489e-01
8.460000000000000853e+00 9.789010146100564080e-01
8.470000000000000639e+00 9.789010146364153231e-01
8.480000000000000426e+00 9.789010146627759035e-01
8.490000000000000213e+00 9.789010146891348185e-01
8.500000000000000000e+00 9.789010147154955099e-01
8.509999999999999787e+00 9.789010147418544250e-01
8.519999999999999574e+00 9.789010147682154495e-01
8.529999999999999361e+00 9.789010147945740314e-01
8.540000000000000924e+00 9.789010148209335016e-01
8.550000000000000711e+00 9.789010148472946371e-01
8.560000000000000497e+00 9.789010148736533301e-01
8.570000000000000284e+00 9.789010149000140215e-01
8.580000000000000071e+00 9.789010149263728255e-01
8.589999999999999858e+00 9.789010149527334059e-01
8.599999999999999645e+00 9.789010149790919879e-01
8.609999999999999432e+00 9.789010150054529014e-01
8.620000000000000995e+00 9.789010150318123715e-01
8.630000000000000782e+00 9.789010150581711756e-01
8.640000000000000568e+00 9.789010150845317559e-01
8.650000000000000355e+00 9.789010151108905600e-01
8.660000000000000142e+00 9.789010151372513624e-01
8.669999999999999929e+00 9.789010151636100554e-01
8.679999999999999716e+00 9.789010151899708578e-01
8.689999999999999503e+00 9.789010152163294398e-01
8.700000000000001066e+00 9.789010152426891320e-01
8.710000000000000853e+00 9.789010152690496014e-01
8.720000000000000639e+00 9.789010152954082944e-01
8.730000000000000426e+00 9.789010153217690968e-01
8.740000000000000213e+00 9.789010153481277898e-01
8.750000000000000000e+00 9.789010153744885923e-01
8.759999999999999787e+00 9.789010154008475073e-01
8.769999999999999574e+00 9.789010154272080877e-01
8.779999999999999361e+00 9.789010154535671138e-01
8.790000000000000924e+00 9.789010154799265839e-01
8.800000000000000711e+00 9.789010155062874974e-01
8.810000000000000497e+00 9.789010155326461904e-01
8.820000000000000284e+00 9.789010155590069928e-01
8.830000000000000071e+00 9.789010155853657968e-01
8.839999999999999858e+00 9.789010156117263772e-01
8.849999999999999645e+00 9.789010156380851813e-01
8.859999999999999432e+00 9.789010156644458727e-01
8.870000000000000995e+00 9.789010156908053428e-01
8.880000000000000782e+00 9.789010157171640358e-01
8.890000000000000568e+00 9.789010157435247272e-01
8.900000000000000355e+00 9.789010157698834202e-01
8.910000000000000142e+00 9.789010157962444447e-01
8.919999999999999929e+00 9.789010158226031377e-01
8.929999999999999716e+00 9.789010158489638291e-01
8.939999999999999503e+00 9.789010158753229662e-01
8.950000000000001066e+00 9.789010159016824364e-01
8.960000000000000853e+00 9.789010159280430168e-01
8.970000000000000639e+00 9.789010159544019318e-01
8.980000000000000426e+00 9.789010159807626232e-01
8.990000000000000213e+00 9.789010160071214273e-01
9.000000000000000000e+00 9.789010160334821187e-01
9.009999999999999787e+00 9.789010160598407007e-01
9.019999999999999574e+00 9.789010160862015031e-01
9.029999999999999361e+00 9.789010161125605292e-01
9.040000000000000924e+00 9.789010161389197773e-01
9.050000000000000711e+00 9.789010161652809128e-01
9.060000000000000497e+00 9.789010161916390507e-01
9.070000000000000284e+00 9.789010162179998531e-01
9.080000000000000071e+00 9.789010162443586571e-01
9.089999999999999858e+00 9.789010162707194596e-01
9.099999999999999645e+00 9.789010162970783746e-01
9.109999999999999432e+00 9.789010163234392881e-01
9.120000000000000995e+00 9.789010163497990913e-01
9.130000000000000782e+00 9.789010163761574512e-01
9.140000000000000568e+00 9.789010164025180316e-01
9.150000000000000355e+00 9.789010164288766136e-01
9.160000000000000142e+00 9.789010164552378601e-01
9.169999999999999929e+00 9.789010164815966641e-01
9.179999999999999716e+00 9.789010165079574666e-01
9.189999999999999503e+00 9.789010165343161596e-01
9.200000000000001066e+00 9.789010165606757408e-01
9.210000000000000853e+00 9.789010165870363211e-01
9.220000000000000639e+00 9.789010166133952362e-01
9.230000000000000426e+00 9.789010166397558166e-01
9.240000000000000213e+00 9.789010166661147316e-01
9.250000000000000000e+00 9.789010166924755341e-01
9.259999999999999787e+00 9.789010167188342271e-01
9.269999999999999574e+00 9.789010167451950295e-01
9.279999999999999361e+00 9.789010167715538335e-01
9.290000000000000924e+00 9.789010167979135257e-01
9.300000000000000711e+00 9.789010168242741061e-01
9.310000000000000497e+00 9.789010168506329101e-01
9.320000000000000284e+00 9.789010168769938236e-01
9.330000000000000071e+00 9.789010169033521835e-01
9.339999999999999858e+00 9.789010169297130970e-01
9.349999999999999645e+00 9.789010169560721231e-01
9.359999999999999432e+00 9.789010169824328145e-01
9.370000000000000995e+00 9.789010170087920626e-01
9.380000000000000782e+00 9.789010170351506446e-01
9.390000000000000568e+00 9.789010170615116690e-01
9.400000000000000355e+00 9.789010170878701400e-01
9.410000000000000142e+00 9.789010171142311645e-01
9.419999999999999929e+00 9.789010171405896354e-01
9.429999999999999716e+00 9.789010171669503269e-01
9.439999999999999503e+00 9.789010171933092419e-01
9.450000000000001066e+00 9.789010172196688231e-01
9.460000000000000853e+00 9.789010172460295145e-01
9.470000000000000639e+00 9.789010172723879855e-01
9.480000000000000426e+00 9.789010172987490099e-01
9.490000000000000213e+00 9.789010173251075919e-01
9.500000000000000000e+00 9.789010173514685054e-01
9.509999999999999787e+00 9.789010173778270874e-01
9.519999999999999574e+00 9.789010174041878898e-01
9.529999999999999361e+00 9.789010174305466938e-01
9.540000000000000924e+00 9.789010174569058309e-01
9.550000000000000711e+00 9.789010174832668554e-01
9.560000000000000497e+00 9.789010175096254374e-01
9.570000000000000284e+00 9.789010175359864618e-01
9.580000000000000071e+00 9.789010175623452659e-01
9.589999999999999858e+00 9.789010175887059573e-01
9.599999999999999645e+00 9.789010176150646503e-01
9.609999999999999432e+00 9.789010176414253417e-01
9.620000000000000995e+00 9.789010176677848118e-01
9.630000000000000782e+00 9.789010176941436159e-01
9.640000000000000568e+00 9.789010177205041963e-01
9.650000000000000355e+00 9.789010177468628893e-01
9.660000000000000142e+00 9.789010177732235807e-01
9.669999999999999929e+00 9.789010177995822737e-01
9.679999999999999716e+00 9.789010178259431871e-01
9.689999999999999503e+00 9.789010178523017691e-01
9.700000000000001066e+00 9.789010178786613503e-01
9.710000000000000853e+00 9.789010179050219307e-01
9.720000000000000639e+00 9.789010179313808457e-01
9.730000000000000426e+00 9.789010179577414261e-01
9.740000000000000213e+00 9.789010179841005632e-01
9.750000000000000000e+00 9.789010180104613656e-01
9.759999999999999787e+00 9.789010180368201697e-01
9.769999999999999574e+00 9.789010180631813052e-01
9.779999999999999361e+00 9.789010180895399982e-01
9.790000000000000924e+00 9.789010181158992463e-01
9.800000000000000711e+00 9.789010181422601597e-01
9.810000000000000497e+00 9.789010181686192968e-01
9.820000000000000284e+00 9.789010181949795442e-01
9.830000000000000071e+00 9.789010182213383482e-01
9.839999999999999858e+00 9.789010182476993727e-01
9.849999999999999645e+00 9.789010182740582877e-01
9.859999999999999432e+00 9.789010183004189791e-01
9.870000000000000995e+00 9.789010183267784493e-01
9.880000000000000782e+00 9.789010183531372533e-01
9.890000000000000568e+00 9.789010183794980557e-01
9.900000000000000355e+00 9.789010184058567487e-01
9.910000000000000142e+00 9.789010184322173291e-01
9.919999999999999929e+00 9.789010184585759111e-01
9.929999999999999716e+00 9.789010184849368246e-01
9.939999999999999503e+00 9.789010185112955176e-01
9.950000000000001066e+00 9.789010185376547657e-01
9.960000000000000853e+00 9.789010185640159012e-01
9.970000000000000639e+00 9.789010185903747052e-01
9.980000000000000426e+00 9.789010186167355076e-01
9.990000000000000213e+00 9.789010186430942007e-01
1.000000000000000000e+01 9.789010186694551141e-01
