0.000000000000000000e+00 0.000000000000000000e+00
1.000000000000000021e-02 5.551115123170474138e-17
2.000000000000000042e-02 0.000000000000000000e+00
2.999999999999999889e-02 5.551115122688387680e-17
4.000000000000000083e-02 -1.110223024466522529e-16
5.000000000000000278e-02 -5.551115122484976198e-17
5.999999999999999778e-02 1.110223024686249134e-16
7.000000000000000666e-02 1.110223025101644797e-16
8.000000000000000167e-02 1.110223025818706295e-16
8.999999999999999667e-02 -2.220446053839032657e-16
1.000000000000000056e-01 -1.110223028491023148e-16
1.100000000000000006e-01 1.110223030623265857e-16
1.199999999999999956e-01 0.000000000000000000e+00
1.300000000000000044e-01 3.330669110803568138e-16
1.400000000000000133e-01 0.000000000000000000e+00
1.499999999999999944e-01 2.220446093128768718e-16
1.600000000000000033e-01 -6.661338316965464887e-16
1.700000000000000122e-01 -4.440892240599012710e-16
1.799999999999999933e-01 -8.881784548699797979e-16
1.900000000000000022e-01 -4.440892312733847209e-16
2.000000000000000111e-01 -4.440892355855562878e-16
2.099999999999999922e-01 0.000000000000000000e+00
2.200000000000000011e-01 -2.220446201867342837e-16
2.300000000000000100e-01 -2.220446201869301677e-16
2.399999999999999911e-01 4.440892403693566299e-16
2.500000000000000000e-01 -6.661338605383610182e-16
2.600000000000000089e-01 -1.332267721024232021e-15
2.700000000000000178e-01 2.220446201578707999e-16
2.800000000000000266e-01 2.220446201403924526e-16
2.899999999999999800e-01 0.000000000000000000e+00
2.999999999999999889e-01 2.220446200894137464e-16
3.099999999999999978e-01 4.440892401100170295e-16
3.200000000000000067e-01 0.000000000000000000e+00
3.300000000000000155e-01 0.000000000000000000e+00
3.400000000000000244e-01 4.440892398255348545e-16
3.500000000000000333e-01 -2.220446198522404473e-16
3.599999999999999867e-01 2.220446197855594154e-16
3.699999999999999956e-01 1.110223098566389575e-16
3.800000000000000044e-01 -1.110223098180859199e-16
3.900000000000000133e-01 -2.220446195552363872e-16
4.000000000000000222e-01 2.220446194716726966e-16
4.100000000000000311e-01 -2.220446193868627538e-16
4.199999999999999845e-01 0.000000000000000000e+00
4.299999999999999933e-01 -5.551115480492384681e-17
4.400000000000000022e-01 1.110223095703040932e-16
4.500000000000000111e-01 -2.775557738333611895e-16
4.600000000000000200e-01 -2.775557737493186110e-16
4.700000000000000289e-01 5.551115473506324949e-17
4.799999999999999822e-01 6.938894340318799930e-17
4.899999999999999911e-01 1.110223094250742089e-16
5.000000000000000000e-01 6.245004904330957812e-17
5.100000000000000089e-01 -2.775557735025308108e-17
5.200000000000000178e-01 0.000000000000000000e+00
5.300000000000000266e-01 2.775557734971408570e-17
5.400000000000000355e-01 -2.775557735153416037e-17
5.500000000000000444e-01 2.775557735483430450e-17
5.600000000000000533e-01 1.387778867989857586e-17
5.700000000000000622e-01 4.163336605015698769e-17
5.799999999999999600e-01 5.551115475269696545e-17
5.899999999999999689e-01 -1.769418058577756629e-16
5.999999999999999778e-01 -2.081668305559360273e-17
6.099999999999999867e-01 1.665334645937064437e-16
6.199999999999999956e-01 1.110223098661868861e-16
6.300000000000000044e-01 8.326673254102056175e-17
6.400000000000000133e-01 -5.551115515605975172e-17
6.500000000000000222e-01 -1.110223106600621610e-16
6.600000000000000311e-01 1.665334666867121481e-16
6.700000000000000400e-01 2.775557793389654141e-16
6.800000000000000488e-01 -3.330669375821309375e-16
6.900000000000000577e-01 2.220446270728228564e-16
7.000000000000000666e-01 3.469447337493107662e-17
7.099999999999999645e-01 -2.775557908796206456e-17
7.199999999999999734e-01 -3.330669546584145630e-16
7.299999999999999822e-01 -2.220446408305004920e-16
7.399999999999999911e-01 2.220446406205810060e-16
7.500000000000000000e-01 -4.440892806198049717e-16
7.600000000000000089e-01 2.220446398622700705e-16
7.700000000000000178e-01 0.000000000000000000e+00
7.800000000000000266e-01 0.000000000000000000e+00
7.900000000000000355e-01 -8.881785484016076997e-16
8.000000000000000444e-01 4.440892708257218286e-16
8.100000000000000533e-01 4.440892662641043577e-16
8.200000000000000622e-01 8.881785203326971942e-16
8.300000000000000711e-01 -5.551115651246278704e-16
8.399999999999999689e-01 8.881784830659921641e-16
8.499999999999999778e-01 -8.881784556384742867e-16
8.599999999999999867e-01 4.440892101758124718e-16
8.699999999999999956e-01 4.440891876620873808e-16
8.800000000000000044e-01 -4.440891591542758190e-16
8.900000000000000133e-01 2.220445616588221077e-16
9.000000000000000222e-01 1.110222810342476872e-16
9.100000000000000311e-01 2.220445626492941912e-16
9.200000000000000400e-01 0.000000000000000000e+00
9.300000000000000488e-01 0.000000000000000000e+00
9.400000000000000577e-01 -2.220445659905882201e-15
9.500000000000000666e-01 -8.881782716441142020e-16
9.599999999999999645e-01 8.881782816666669446e-16
9.699999999999999734e-01 -8.881782945937164976e-16
9.799999999999999822e-01 8.881783110855885452e-16
9.899999999999999911e-01 1.776356663811544113e-15
1.000000000000000000e+00 0.000000000000000000e+00
1.010000000000000009e+00 -1.110222987652329117e-16
1.020000000000000018e+00 0.000000000000000000e+00
1.030000000000000027e+00 0.000000000000000000e+00
1.040000000000000036e+00 8.881785350847110746e-16
1.050000000000000044e+00 2.220446509328566422e-15
1.060000000000000053e+00 0.000000000000000000e+00
1.070000000000000062e+00 0.000000000000000000e+00
1.080000000000000071e+00 0.000000000000000000e+00
1.090000000000000080e+00 -6.661340299081733397e-16
1.100000000000000089e+00 -1.776357431916287506e-15
1.110000000000000098e+00 -1.776357453152637250e-15
1.120000000000000107e+00 -1.776357476900484247e-15
1.130000000000000115e+00 4.440893758061345907e-16
1.140000000000000124e+00 1.776357532143133907e-15
1.150000000000000133e+00 0.000000000000000000e+00
1.159999999999999920e+00 4.440893993912687709e-16
1.169999999999999929e+00 8.881788169095362162e-16
1.179999999999999938e+00 0.000000000000000000e+00
1.189999999999999947e+00 -8.881788561612351789e-16
1.199999999999999956e+00 0.000000000000000000e+00
1.209999999999999964e+00 -8.881788983355634128e-16
1.219999999999999973e+00 0.000000000000000000e+00
1.229999999999999982e+00 0.000000000000000000e+00
1.239999999999999991e+00 1.776357926829462624e-15
1.250000000000000000e+00 -8.881789846315894868e-16
1.260000000000000009e+00 8.881790051989863668e-16
1.270000000000000018e+00 -1.332268537325347299e-15
1.280000000000000027e+00 1.776358086945472480e-15
1.290000000000000036e+00 1.776358121564749269e-15
1.300000000000000044e+00 0.000000000000000000e+00
1.310000000000000053e+00 -8.881790910051463847e-16
1.320000000000000062e+00 0.000000000000000000e+00
1.330000000000000071e+00 0.000000000000000000e+00
1.340000000000000080e+00 0.000000000000000000e+00
1.350000000000000089e+00 0.000000000000000000e+00
1.360000000000000098e+00 8.881791387076903579e-16
1.370000000000000107e+00 4.440895719029558127e-16
1.380000000000000115e+00 8.881791476912306551e-16
1.390000000000000124e+00 0.000000000000000000e+00
1.400000000000000133e+00 1.776358304922604310e-15
1.409999999999999920e+00 -4.440896389766474788e-16
1.419999999999999929e+00 0.000000000000000000e+00
1.429999999999999938e+00 2.664538402909261034e-15
1.439999999999999947e+00 -2.664538607523543907e-15
1.449999999999999956e+00 0.000000000000000000e+00
1.459999999999999964e+00 -2.220449075428543844e-16
1.469999999999999973e+00 4.440898303543198487e-16
1.479999999999999982e+00 8.881796828878006941e-16
1.489999999999999991e+00 8.881796985099437329e-16
1.500000000000000000e+00 8.881797091392198501e-16
1.510000000000000009e+00 -1.776359432179259845e-15
1.520000000000000018e+00 5.551123252672781413e-16
1.530000000000000027e+00 -6.661347922406733804e-16
1.540000000000000036e+00 -8.881797742786149130e-16
1.550000000000000044e+00 0.000000000000000000e+00
1.560000000000000053e+00 4.440899176001049689e-16
1.570000000000000062e+00 0.000000000000000000e+00
1.580000000000000071e+00 0.000000000000000000e+00
1.590000000000000080e+00 0.000000000000000000e+00
1.600000000000000089e+00 2.220449664728541900e-16
1.610000000000000098e+00 0.000000000000000000e+00
1.620000000000000107e+00 -2.220449667116175862e-16
1.630000000000000115e+00 0.000000000000000000e+00
1.640000000000000124e+00 -1.110224862180044412e-16
1.650000000000000133e+00 0.000000000000000000e+00
1.660000000000000142e+00 1.110224874789417755e-16
1.669999999999999929e+00 5.551124373201631245e-17
1.679999999999999938e+00 -2.775562185093927975e-17
1.689999999999999947e+00 1.110224871999196766e-16
1.699999999999999956e+00 -4.440899465004662896e-16
1.709999999999999964e+00 -4.440899409015135902e-16
1.719999999999999973e+00 4.440899287315225081e-16
1.729999999999999982e+00 8.881798090317040072e-16
1.739999999999999991e+00 8.881798079709819125e-16
1.750000000000000000e+00 4.440899032943701144e-16
1.760000000000000009e+00 5.551123781843648669e-17
1.770000000000000018e+00 2.664539412302150738e-15
1.780000000000000027e+00 -8.881798049107236290e-16
1.790000000000000036e+00 -1.776359619905608460e-15
1.800000000000000044e+00 0.000000000000000000e+00
1.810000000000000053e+00 -1.179613839357455291e-16
1.820000000000000062e+00 8.881798458634335008e-16
1.830000000000000071e+00 0.000000000000000000e+00
1.840000000000000080e+00 -2.664539703773877990e-15
1.850000000000000089e+00 -1.332269927883608332e-15
1.860000000000000098e+00 1.776360053993442994e-15
1.870000000000000107e+00 -8.881801363725936619e-16
1.880000000000000115e+00 0.000000000000000000e+00
1.890000000000000124e+00 0.000000000000000000e+00
1.900000000000000133e+00 -8.881802635526744515e-16
1.910000000000000142e+00 0.000000000000000000e+00
1.919999999999999929e+00 -1.776360405484377026e-15
1.929999999999999938e+00 0.000000000000000000e+00
1.939999999999999947e+00 5.329080526948148915e-15
1.949999999999999956e+00 1.776360000531615668e-15
1.959999999999999964e+00 0.000000000000000000e+00
1.969999999999999973e+00 -1.776359663149504286e-15
1.979999999999999982e+00 0.000000000000000000e+00
1.989999999999999991e+00 -1.776359331856877260e-15
2.000000000000000000e+00 3.552718182765703148e-15
2.010000000000000231e+00 -1.776358786758614083e-15
2.020000000000000018e+00 -1.776358405874772421e-15
2.030000000000000249e+00 1.776357935657815246e-15
2.040000000000000036e+00 0.000000000000000000e+00
2.049999999999999822e+00 0.000000000000000000e+00
2.060000000000000053e+00 0.000000000000000000e+00
2.069999999999999840e+00 -2.220446048371858087e-15
2.080000000000000071e+00 0.000000000000000000e+00
2.089999999999999858e+00 0.000000000000000000e+00
2.100000000000000089e+00 3.552714392971443488e-15
2.109999999999999876e+00 1.776357347131839030e-15
2.120000000000000107e+00 -1.776357514088875900e-15
2.129999999999999893e+00 -7.105430789636809846e-15
2.140000000000000124e+00 3.552715793859313284e-15
2.149999999999999911e+00 3.552716224484432621e-15
2.160000000000000142e+00 -3.552716685318830439e-15
2.169999999999999929e+00 0.000000000000000000e+00
2.180000000000000160e+00 -3.552717689268814584e-15
2.189999999999999947e+00 1.776359113480700141e-15
2.200000000000000178e+00 1.776359392068000093e-15
2.209999999999999964e+00 0.000000000000000000e+00
2.220000000000000195e+00 -8.881799853763799059e-16
2.229999999999999982e+00 0.000000000000000000e+00
2.240000000000000213e+00 3.552721127024899908e-15
2.250000000000000000e+00 0.000000000000000000e+00
2.260000000000000231e+00 -7.105444605210235873e-15
2.270000000000000018e+00 0.000000000000000000e+00
2.280000000000000249e+00 0.000000000000000000e+00
2.290000000000000036e+00 0.000000000000000000e+00
2.300000000000000266e+00 -2.664543351490222042e-15
2.310000000000000053e+00 0.000000000000000000e+00
2.319999999999999840e+00 -1.776362695934584660e-15
2.330000000000000071e+00 -1.776362901380327717e-15
2.339999999999999858e+00 -3.552726177373187399e-15
2.350000000000000089e+00 1.776363257407705386e-15
2.359999999999999876e+00 -7.105453630070393664e-15
2.370000000000000107e+00 -8.881817696920746981e-16
2.379999999999999893e+00 0.000000000000000000e+00
2.390000000000000124e+00 0.000000000000000000e+00
2.399999999999999911e+00 3.552725136752822638e-15
2.410000000000000142e+00 -3.552724368677555821e-15
2.419999999999999929e+00 3.552723770229487510e-15
2.430000000000000160e+00 -1.776361656185198463e-15
2.439999999999999947e+00 1.065816890646245147e-14
2.450000000000000178e+00 4.440903395530814268e-16
2.459999999999999964e+00 0.000000000000000000e+00
2.470000000000000195e+00 8.881806021125522070e-16
2.479999999999999982e+00 1.776360842697588932e-15
2.490000000000000213e+00 -3.552721135887140811e-15
2.500000000000000000e+00 -1.776360363398830748e-15
2.510000000000000231e+00 -3.552720428802293584e-15
2.520000000000000018e+00 8.881800541660475669e-16
2.530000000000000249e+00 -1.776360034645744192e-15
2.540000000000000036e+00 1.776359984783737667e-15
2.550000000000000266e+00 3.552720106533623552e-15
2.560000000000000053e+00 0.000000000000000000e+00
2.569999999999999840e+00 0.000000000000000000e+00
2.580000000000000071e+00 0.000000000000000000e+00
2.589999999999999858e+00 1.776360074347237641e-15
2.600000000000000089e+00 -8.881800330334450618e-16
2.609999999999999876e+00 4.440900148343960881e-16
2.620000000000000107e+00 1.554315181086832860e-15
2.629999999999999893e+00 0.000000000000000000e+00
2.640000000000000124e+00 0.000000000000000000e+00
2.649999999999999911e+00 2.664540504822425056e-15
2.660000000000000142e+00 8.881801712121026654e-16
2.669999999999999929e+00 4.440900860249162588e-16
2.680000000000000160e+00 4.440901078016656999e-16
2.689999999999999947e+00 2.220450586607969709e-16
2.700000000000000178e+00 0.000000000000000000e+00
2.709999999999999964e+00 2.220450609686142823e-16
2.720000000000000195e+00 -4.440901221918896281e-16
2.729999999999999982e+00 -2.220450611218466674e-16
2.740000000000000213e+00 -1.110225305672092486e-16
2.750000000000000000e+00 0.000000000000000000e+00
2.760000000000000231e+00 2.220450611997619660e-16
2.770000000000000018e+00 -2.220450611020817575e-16
2.780000000000000249e+00 0.000000000000000000e+00
2.790000000000000036e+00 -4.440901160365961280e-16
2.800000000000000266e+00 -8.881802078881636728e-16
2.810000000000000053e+00 0.000000000000000000e+00
2.819999999999999840e+00 8.881801547331963357e-16
2.830000000000000071e+00 8.881801534307629209e-16
2.839999999999999858e+00 -1.221247709440091076e-15
2.850000000000000089e+00 0.000000000000000000e+00
2.859999999999999876e+00 -2.664540466023815651e-15
2.870000000000000107e+00 8.881801644199836474e-16
2.879999999999999893e+00 -2.220450461436292792e-15
2.890000000000000124e+00 -2.220450486479006253e-16
2.899999999999999911e+00 8.881802102420196955e-16
2.910000000000000142e+00 0.000000000000000000e+00
2.919999999999999929e+00 5.551126684260460595e-16
2.930000000000000160e+00 -8.881803208558134134e-16
2.939999999999999947e+00 0.000000000000000000e+00
2.950000000000000178e+00 8.604248546666487796e-16
2.959999999999999964e+00 -1.776361266702548897e-15
2.970000000000000195e+00 0.000000000000000000e+00
2.979999999999999982e+00 2.220451513991518388e-15
2.990000000000000213e+00 -3.552722335192625876e-15
3.000000000000000000e+00 -8.881805549594086364e-16
3.010000000000000231e+00 0.000000000000000000e+00
3.020000000000000018e+00 -2.664541409780686657e-15
3.030000000000000249e+00 2.664541230872452827e-15
3.040000000000000036e+00 -3.552721347319984334e-15
3.050000000000000266e+00 -5.551126548476236047e-16
3.060000000000000053e+00 3.552720565555175623e-15
3.070000000000000284e+00 4.440900081057971362e-15
3.080000000000000071e+00 -5.329079825447647247e-15
3.089999999999999858e+00 0.000000000000000000e+00
3.100000000000000089e+00 -1.776359714563201394e-15
3.109999999999999876e+00 -8.881797882510926185e-16
3.120000000000000107e+00 1.776359421758606869e-15
3.129999999999999893e+00 -2.664538875792213081e-15
3.140000000000000124e+00 0.000000000000000000e+00
3.149999999999999911e+00 -1.776358861427234902e-15
3.160000000000000142e+00 3.552717291906013738e-15
3.169999999999999929e+00 -8.881792093763659250e-16
3.180000000000000160e+00 0.000000000000000000e+00
3.189999999999999947e+00 -4.440894844694939779e-15
3.200000000000000178e+00 -1.776357689215862358e-15
3.209999999999999964e+00 0.000000000000000000e+00
3.220000000000000195e+00 1.776357189045448771e-15
3.229999999999999982e+00 4.440892357558488747e-15
3.240000000000000213e+00 3.552713406422815439e-15
3.250000000000000000e+00 8.881782360074225009e-16
3.260000000000000231e+00 -1.776356251575544772e-15
3.270000000000000018e+00 4.440890109254863038e-16
3.280000000000000249e+00 1.776355849819888554e-15
3.290000000000000036e+00 0.000000000000000000e+00
3.300000000000000266e+00 -1.776355507755694626e-15
3.310000000000000053e+00 1.776355360505357099e-15
3.320000000000000284e+00 1.776355229166692904e-15
3.330000000000000071e+00 0.000000000000000000e+00
3.339999999999999858e+00 1.776355012558772550e-15
3.350000000000000089e+00 4.440887314455771919e-15
3.359999999999999876e+00 -1.776354851994264307e-15
3.370000000000000107e+00 0.000000000000000000e+00
3.379999999999999893e+00 8.881771001561092599e-16
3.390000000000000124e+00 1.776353933348898391e-15
3.399999999999999911e+00 1.110221063876998253e-15
3.410000000000000142e+00 1.776353504036830537e-15
3.419999999999999929e+00 4.440883339807846482e-16
3.430000000000000160e+00 0.000000000000000000e+00
3.439999999999999947e+00 -1.776353077942503439e-15
3.450000000000000178e+00 0.000000000000000000e+00
3.459999999999999964e+00 0.000000000000000000e+00
3.470000000000000195e+00 -4.440882106161677267e-16
3.479999999999999982e+00 -8.881763966996510376e-16
3.490000000000000213e+00 -1.776352755086712043e-15
3.500000000000000000e+00 -1.332264654888942809e-15
3.510000000000000231e+00 -8.881764774993916022e-16
3.520000000000000018e+00 0.000000000000000000e+00
3.530000000000000249e+00 -4.440882612230349608e-16
3.540000000000000036e+00 0.000000000000000000e+00
3.550000000000000266e+00 0.000000000000000000e+00
3.560000000000000053e+00 -4.440882709254363937e-16
3.570000000000000284e+00 8.881765428327260479e-16
3.580000000000000071e+00 8.881765427483686153e-16
3.589999999999999858e+00 2.664529626389890083e-15
3.600000000000000089e+00 0.000000000000000000e+00
3.609999999999999876e+00 4.440883531122437590e-16
3.620000000000000107e+00 0.000000000000000000e+00
3.629999999999999893e+00 0.000000000000000000e+00
3.640000000000000124e+00 1.776353607810548411e-15
3.649999999999999911e+00 -8.881768169008391876e-16
3.660000000000000142e+00 5.551105155886235208e-16
3.669999999999999929e+00 -8.881768297361268623e-16
3.680000000000000160e+00 8.881768324684724309e-16
3.689999999999999947e+00 8.881768888358490070e-16
3.700000000000000178e+00 4.440884642590127107e-16
3.709999999999999964e+00 0.000000000000000000e+00
3.720000000000000195e+00 0.000000000000000000e+00
3.729999999999999982e+00 0.000000000000000000e+00
3.740000000000000213e+00 -1.110221237773770131e-16
3.750000000000000000e+00 -4.163329657830232840e-17
3.760000000000000231e+00 5.551106221216540124e-17
3.770000000000000018e+00 0.000000000000000000e+00
3.780000000000000249e+00 1.110221245564054451e-16
3.790000000000000036e+00 0.000000000000000000e+00
3.800000000000000266e+00 2.775553206503445081e-17
3.810000000000000053e+00 8.326659673022685783e-17
3.820000000000000284e+00 -5.551106468042652520e-17
3.830000000000000071e+00 5.551106485081359053e-17
3.839999999999999858e+00 1.110221302133177520e-16
3.850000000000000089e+00 -1.110221310457924964e-16
3.859999999999999876e+00 0.000000000000000000e+00
3.870000000000000107e+00 -2.220442678992226355e-16
3.879999999999999893e+00 -2.220442720112600181e-16
3.890000000000000124e+00 -2.220442766992633845e-16
3.899999999999999911e+00 0.000000000000000000e+00
3.910000000000000142e+00 -5.551106907168676575e-17
3.919999999999999929e+00 1.110221379429239262e-16
3.930000000000000160e+00 -4.440885505896104659e-16
3.939999999999999947e+00 0.000000000000000000e+00
3.950000000000000178e+00 4.440885466729498446e-16
3.959999999999999964e+00 0.000000000000000000e+00
3.970000000000000195e+00 8.881770800044393160e-16
3.979999999999999982e+00 1.776354141633939200e-15
3.990000000000000213e+00 -8.881770597761245340e-16
4.000000000000000000e+00 -4.440885234044010271e-16
4.009999999999999787e+00 -6.661327739236312756e-16
4.020000000000000462e+00 2.775553172152011691e-16
4.030000000000000249e+00 -4.440884982439173877e-16
4.040000000000000036e+00 -1.332265464398177700e-15
4.049999999999999822e+00 -8.881769546489805868e-16
4.060000000000000497e+00 0.000000000000000000e+00
4.070000000000000284e+00 8.881769083869279838e-16
4.080000000000000071e+00 -8.881768844086605341e-16
4.089999999999999858e+00 0.000000000000000000e+00
4.099999999999999645e+00 4.440884182849746047e-16
4.110000000000000320e+00 0.000000000000000000e+00
4.120000000000000107e+00 4.440883956450454753e-16
4.129999999999999893e+00 0.000000000000000000e+00
4.139999999999999680e+00 0.000000000000000000e+00
4.150000000000000355e+00 -8.881767336284065228e-16
4.160000000000000142e+00 1.332265077111388532e-15
4.169999999999999929e+00 -8.881767045973195116e-16
4.179999999999999716e+00 -6.661325199488220363e-16
4.190000000000000391e+00 -4.440883420467759775e-16
4.200000000000000178e+00 -8.881766770500020617e-16
4.209999999999999964e+00 0.000000000000000000e+00
4.219999999999999751e+00 -8.881766689992571458e-16
4.230000000000000426e+00 -4.440883338632428943e-16
4.240000000000000213e+00 0.000000000000000000e+00
4.250000000000000000e+00 2.220441674536693303e-16
4.259999999999999787e+00 0.000000000000000000e+00
4.270000000000000462e+00 0.000000000000000000e+00
4.280000000000000249e+00 0.000000000000000000e+00
4.290000000000000036e+00 0.000000000000000000e+00
4.299999999999999822e+00 -8.881766924673908292e-16
4.310000000000000497e+00 -4.440883491851918181e-16
4.320000000000000284e+00 -4.440883521618540678e-16
4.330000000000000071e+00 2.220441775480511864e-16
4.339999999999999858e+00 0.000000000000000000e+00
4.350000000000000533e+00 0.000000000000000000e+00
4.360000000000000320e+00 4.440883631416083155e-16
4.370000000000000107e+00 8.881767309194853900e-16
4.379999999999999893e+00 8.881767351320566608e-16
4.389999999999999680e+00 0.000000000000000000e+00
4.400000000000000355e+00 8.881767422606546344e-16
4.410000000000000142e+00 0.000000000000000000e+00
4.419999999999999929e+00 0.000000000000000000e+00
4.429999999999999716e+00 4.440883749604745491e-16
4.440000000000000391e+00 -4.440883758865708250e-16
4.450000000000000178e+00 6.938880885393711746e-17
4.459999999999999964e+00 -1.110220943284197308e-16
4.469999999999999751e+00 0.000000000000000000e+00
4.480000000000000426e+00 -2.220441849601716118e-16
4.490000000000000213e+00 0.000000000000000000e+00
4.500000000000000000e+00 0.000000000000000000e+00
4.509999999999999787e+00 0.000000000000000000e+00
4.520000000000000462e+00 0.000000000000000000e+00
4.530000000000000249e+00 2.220441788956866762e-16
4.540000000000000036e+00 4.440883579996454503e-16
4.549999999999999822e+00 -2.220441792670856937e-16
4.560000000000000497e+00 2.220441796312764947e-16
4.570000000000000284e+00 -2.220441800438686947e-16
4.580000000000000071e+00 1.110220902351781302e-16
4.589999999999999858e+00 3.330662713307510932e-16
4.600000000000000533e+00 0.000000000000000000e+00
4.610000000000000320e+00 1.665331362279109269e-16
4.620000000000000107e+00 -5.551104548928953846e-17
4.629999999999999893e+00 1.110220911189055621e-16
4.639999999999999680e+00 5.551104562006304746e-17
4.650000000000000355e+00 -1.110220913434811839e-16
4.660000000000000142e+00 -5.551104571530770960e-17
4.669999999999999929e+00 0.000000000000000000e+00
4.679999999999999716e+00 0.000000000000000000e+00
4.690000000000000391e+00 5.551104580655339545e-17
4.700000000000000178e+00 0.000000000000000000e+00
4.709999999999999964e+00 5.551104584326795573e-17
4.719999999999999751e+00 1.110220917132884281e-16
4.730000000000000426e+00 0.000000000000000000e+00
4.740000000000000213e+00 0.000000000000000000e+00
4.750000000000000000e+00 -1.665331376504597790e-16
4.759999999999999787e+00 0.000000000000000000e+00
4.770000000000000462e+00 0.000000000000000000e+00
4.780000000000000249e+00 -1.110220917965813421e-16
4.790000000000000036e+00 0.000000000000000000e+00
4.799999999999999822e+00 0.000000000000000000e+00
4.810000000000000497e+00 -5.551104590725446056e-17
4.820000000000000284e+00 0.000000000000000000e+00
4.830000000000000071e+00 0.000000000000000000e+00
4.839999999999999858e+00 -5.551104632948371203e-17
4.850000000000000533e+00 -2.775552324904712821e-17
4.860000000000000320e+00 -2.775552333505032799e-17
4.870000000000000107e+00 -2.775552342216180954e-17
4.879999999999999893e+00 -2.775552351005031600e-17
4.889999999999999680e+00 2.775552359856554472e-17
4.900000000000000355e+00 2.775552368767395986e-17
4.910000000000000142e+00 -1.387776188870311573e-17
4.919999999999999929e+00 1.387776193390741248e-17
4.929999999999999716e+00 0.000000000000000000e+00
4.940000000000000391e+00 0.000000000000000000e+00
4.950000000000000178e+00 0.000000000000000000e+00
4.959999999999999964e+00 1.387776211816616541e-17
4.969999999999999751e+00 -6.938881082427615445e-18
4.980000000000000426e+00 2.775552442314606864e-17
4.990000000000000213e+00 2.081664338721826062e-17
5.000000000000000000e+00 6.938881152184523778e-18
5.009999999999999787e+00 2.081664345569881050e-17
5.020000000000000462e+00 0.000000000000000000e+00
5.030000000000000249e+00 -1.387776230365228114e-17
5.040000000000000036e+00 -2.775552460648308383e-17
5.049999999999999822e+00 -2.775552460566567910e-17
5.060000000000000497e+00 -2.775552460484835449e-17
5.070000000000000284e+00 0.000000000000000000e+00
5.080000000000000071e+00 2.775552460321364364e-17
5.089999999999999858e+00 0.000000000000000000e+00
5.100000000000000533e+00 -5.551104920315787792e-17
5.110000000000000320e+00 2.775552460076158354e-17
5.120000000000000107e+00 2.775552459994423427e-17
5.129999999999999893e+00 -2.775552459912687885e-17
5.139999999999999680e+00 1.110220983932381430e-16
5.150000000000000355e+00 5.551104919498440996e-17
5.160000000000000142e+00 -5.551104919334971144e-17
5.169999999999999929e+00 0.000000000000000000e+00
5.179999999999999716e+00 -5.551104919008030207e-17
5.190000000000000391e+00 0.000000000000000000e+00
5.200000000000000178e+00 -5.551104918681087421e-17
5.209999999999999964e+00 -5.551104918517616336e-17
5.219999999999999751e+00 0.000000000000000000e+00
5.230000000000000426e+00 5.551104918190679097e-17
5.240000000000000213e+00 -5.551104918027209245e-17
5.250000000000000000e+00 5.551104917863739393e-17
5.259999999999999787e+00 -5.551104917700268308e-17
5.270000000000000462e+00 -1.110220983507359198e-16
5.280000000000000249e+00 -5.551104917373326138e-17
5.290000000000000036e+00 0.000000000000000000e+00
5.299999999999999822e+00 0.000000000000000000e+00
5.310000000000000497e+00 5.551104916882920280e-17
5.320000000000000284e+00 0.000000000000000000e+00
5.330000000000000071e+00 0.000000000000000000e+00
5.339999999999999858e+00 -1.110220983278501898e-16
5.350000000000000533e+00 -5.551104916229035940e-17
5.360000000000000320e+00 -5.551104916065566088e-17
5.370000000000000107e+00 0.000000000000000000e+00
5.379999999999999893e+00 -5.551104915738626384e-17
5.389999999999999680e+00 5.551104915575155299e-17
5.400000000000000355e+00 -2.775552457705844572e-17
5.410000000000000142e+00 5.551104915248219292e-17
5.419999999999999929e+00 2.775552457542374104e-17
5.429999999999999716e+00 -2.775552457460639794e-17
5.440000000000000391e+00 8.326657372136709365e-17
5.450000000000000178e+00 -2.775552457297168709e-17
5.459999999999999964e+00 0.000000000000000000e+00
5.469999999999999751e+00 0.000000000000000000e+00
5.480000000000000426e+00 5.551104914103930327e-17
5.490000000000000213e+00 2.775552456970230237e-17
5.500000000000000000e+00 1.387776228444247348e-17
5.509999999999999787e+00 -2.775552456806759153e-17
5.520000000000000462e+00 0.000000000000000000e+00
5.530000000000000249e+00 -6.938881141608221710e-18
5.540000000000000036e+00 0.000000000000000000e+00
5.549999999999999822e+00 -6.938881141199545539e-18
5.560000000000000497e+00 -1.734720285248802711e-17
5.570000000000000284e+00 -6.938881140790873990e-18
5.580000000000000071e+00 2.775552456234614054e-17
5.589999999999999858e+00 0.000000000000000000e+00
5.600000000000000533e+00 0.000000000000000000e+00
5.610000000000000320e+00 0.000000000000000000e+00
5.620000000000000107e+00 -1.387776227953836404e-17
5.629999999999999893e+00 2.775552455825937266e-17
5.639999999999999680e+00 5.551104911488403448e-17
5.650000000000000355e+00 -2.775552455662469263e-17
5.660000000000000142e+00 -2.775552455580733721e-17
5.669999999999999929e+00 2.775552455498998794e-17
5.679999999999999716e+00 2.775552455417263868e-17
5.690000000000000391e+00 0.000000000000000000e+00
5.700000000000000178e+00 -5.551104910507584334e-17
5.709999999999999964e+00 5.551104910344115715e-17
5.719999999999999751e+00 -5.551104910180644630e-17
5.730000000000000426e+00 0.000000000000000000e+00
5.740000000000000213e+00 5.551104909853707391e-17
5.750000000000000000e+00 0.000000000000000000e+00
5.759999999999999787e+00 0.000000000000000000e+00
5.770000000000000462e+00 0.000000000000000000e+00
5.780000000000000249e+00 0.000000000000000000e+00
5.790000000000000036e+00 0.000000000000000000e+00
5.799999999999999822e+00 0.000000000000000000e+00
5.810000000000000497e+00 0.000000000000000000e+00
5.820000000000000284e+00 -1.110220981709189715e-16
5.830000000000000071e+00 0.000000000000000000e+00
5.839999999999999858e+00 0.000000000000000000e+00
5.850000000000000533e+00 0.000000000000000000e+00
5.860000000000000320e+00 -5.551104907892064234e-17
5.870000000000000107e+00 -5.551104907728594382e-17
5.879999999999999893e+00 1.110220981513024906e-16
5.889999999999999680e+00 5.551104907401654678e-17
5.900000000000000355e+00 5.551104907238187291e-17
5.910000000000000142e+00 -5.551104907074718671e-17
5.919999999999999929e+00 1.110220981382249517e-16
5.929999999999999716e+00 0.000000000000000000e+00
5.940000000000000391e+00 0.000000000000000000e+00
5.950000000000000178e+00 0.000000000000000000e+00
5.959999999999999964e+00 5.551104906257365712e-17
5.969999999999999751e+00 -1.110220981218778925e-16
5.980000000000000426e+00 0.000000000000000000e+00
5.990000000000000213e+00 0.000000000000000000e+00
6.000000000000000000e+00 0.000000000000000000e+00
6.009999999999999787e+00 -2.775552452720008842e-17
6.020000000000000462e+00 5.551104905276545367e-17
6.030000000000000249e+00 -5.551104905113074898e-17
6.040000000000000036e+00 -5.551104904949605046e-17
6.049999999999999822e+00 0.000000000000000000e+00
6.060000000000000497e+00 0.000000000000000000e+00
6.070000000000000284e+00 2.775552452229599594e-17
6.080000000000000071e+00 4.163328678221796231e-17
6.089999999999999858e+00 2.775552452066129125e-17
6.100000000000000533e+00 2.775552451984392966e-17
6.110000000000000320e+00 1.387776225951329328e-17
6.120000000000000107e+00 -1.387776225910461865e-17
6.129999999999999893e+00 2.775552451739188188e-17
6.140000000000000568e+00 -4.163328677486182820e-17
6.150000000000000355e+00 3.469440564469651155e-17
6.160000000000000142e+00 2.775552451493985259e-17
6.169999999999999929e+00 -1.387776225706125166e-17
6.179999999999999716e+00 0.000000000000000000e+00
6.190000000000000391e+00 0.000000000000000000e+00
6.200000000000000178e+00 -2.775552451167044322e-17
6.209999999999999964e+00 -5.551104902170617559e-17
6.219999999999999751e+00 -5.551104902007148939e-17
6.230000000000000426e+00 0.000000000000000000e+00
6.240000000000000213e+00 0.000000000000000000e+00
6.250000000000000000e+00 0.000000000000000000e+00
6.259999999999999787e+00 0.000000000000000000e+00
6.270000000000000462e+00 0.000000000000000000e+00
6.280000000000000249e+00 0.000000000000000000e+00
6.290000000000000036e+00 5.551104900862856276e-17
6.299999999999999822e+00 5.551104900699387656e-17
6.310000000000000497e+00 -5.551104900535919037e-17
6.320000000000000284e+00 -5.551104900372449184e-17
6.330000000000000071e+00 0.000000000000000000e+00
6.339999999999999858e+00 -5.551104900045509480e-17
6.350000000000000533e+00 0.000000000000000000e+00
6.360000000000000320e+00 -5.551104899718566078e-17
6.370000000000000107e+00 -5.551104899555097458e-17
6.379999999999999893e+00 5.551104899391626374e-17
6.390000000000000568e+00 -5.551104899228160219e-17
6.400000000000000355e+00 5.551104899064689134e-17
6.410000000000000142e+00 5.551104898901219282e-17
6.419999999999999929e+00 -5.551104898737749430e-17
6.429999999999999716e+00 5.551104898574279578e-17
6.440000000000000391e+00 0.000000000000000000e+00
6.450000000000000178e+00 1.110220979649466989e-16
6.459999999999999964e+00 1.110220979616772895e-16
6.469999999999999751e+00 0.000000000000000000e+00
6.480000000000000426e+00 -1.110220979551385694e-16
6.490000000000000213e+00 0.000000000000000000e+00
6.500000000000000000e+00 -5.551104897429987531e-17
6.509999999999999787e+00 0.000000000000000000e+00
6.520000000000000462e+00 0.000000000000000000e+00
6.530000000000000249e+00 -5.551104896939576742e-17
6.540000000000000036e+00 -5.551104896776105657e-17
6.549999999999999822e+00 0.000000000000000000e+00
6.560000000000000497e+00 5.551104896449168418e-17
6.570000000000000284e+00 0.000000000000000000e+00
6.580000000000000071e+00 5.551104896122228713e-17
6.589999999999999858e+00 0.000000000000000000e+00
6.600000000000000533e+00 0.000000000000000000e+00
6.610000000000000320e+00 5.551104895631815459e-17
6.620000000000000107e+00 0.000000000000000000e+00
6.629999999999999893e+00 0.000000000000000000e+00
6.640000000000000568e+00 0.000000000000000000e+00
6.650000000000000355e+00 0.000000000000000000e+00
6.660000000000000142e+00 -5.551104894814469896e-17
6.669999999999999929e+00 0.000000000000000000e+00
6.679999999999999716e+00 0.000000000000000000e+00
6.690000000000000391e+00 0.000000000000000000e+00
6.700000000000000178e+00 0.000000000000000000e+00
6.709999999999999964e+00 0.000000000000000000e+00
6.719999999999999751e+00 0.000000000000000000e+00
6.730000000000000426e+00 2.775552446835089849e-17
6.740000000000000213e+00 -1.387776223376677461e-17
6.750000000000000000e+00 0.000000000000000000e+00
6.759999999999999787e+00 0.000000000000000000e+00
6.770000000000000462e+00 1.734720279067592800e-17
6.780000000000000249e+00 1.387776223213206993e-17
6.790000000000000036e+00 -6.938881115861696109e-18
6.799999999999999822e+00 2.775552446262942901e-17
6.810000000000000497e+00 0.000000000000000000e+00
6.820000000000000284e+00 0.000000000000000000e+00
6.830000000000000071e+00 0.000000000000000000e+00
6.839999999999999858e+00 2.775552445936004429e-17
6.850000000000000533e+00 -2.775552445854268271e-17
6.860000000000000320e+00 0.000000000000000000e+00
6.870000000000000107e+00 -2.775552445690797802e-17
6.879999999999999893e+00 5.551104891218125752e-17
6.890000000000000568e+00 0.000000000000000000e+00
6.900000000000000355e+00 5.551104890891189129e-17
6.910000000000000142e+00 5.551104890727719277e-17
6.919999999999999929e+00 0.000000000000000000e+00
6.929999999999999716e+00 0.000000000000000000e+00
6.940000000000000391e+00 -5.551104890237306023e-17
6.950000000000000178e+00 5.551104890073836170e-17
6.959999999999999964e+00 0.000000000000000000e+00
6.969999999999999751e+00 0.000000000000000000e+00
6.980000000000000426e+00 -5.551104889583429079e-17
6.990000000000000213e+00 5.551104889419959227e-17
7.000000000000000000e+00 0.000000000000000000e+00
7.009999999999999787e+00 1.110220977818603658e-16
7.020000000000000462e+00 0.000000000000000000e+00
7.030000000000000249e+00 1.110220977753215224e-16
7.040000000000000036e+00 0.000000000000000000e+00
7.049999999999999822e+00 0.000000000000000000e+00
7.060000000000000497e+00 0.000000000000000000e+00
7.070000000000000284e+00 -1.110220977622439589e-16
7.080000000000000071e+00 0.000000000000000000e+00
7.089999999999999858e+00 -1.110220977557051401e-16
7.100000000000000533e+00 0.000000000000000000e+00
7.110000000000000320e+00 0.000000000000000000e+00
7.120000000000000107e+00 0.000000000000000000e+00
7.129999999999999893e+00 0.000000000000000000e+00
7.140000000000000568e+00 0.000000000000000000e+00
7.150000000000000355e+00 1.110220977360887579e-16
7.160000000000000142e+00 0.000000000000000000e+00
7.169999999999999929e+00 0.000000000000000000e+00
7.179999999999999716e+00 0.000000000000000000e+00
7.190000000000000391e+00 -1.110220977230110711e-16
7.200000000000000178e+00 0.000000000000000000e+00
7.209999999999999964e+00 0.000000000000000000e+00
7.219999999999999751e+00 0.000000000000000000e+00
7.230000000000000426e+00 -5.551104885496676611e-17
7.240000000000000213e+00 0.000000000000000000e+00
7.250000000000000000e+00 0.000000000000000000e+00
7.259999999999999787e+00 1.110220977001253164e-16
7.270000000000000462e+00 0.000000000000000000e+00
7.280000000000000249e+00 -5.551104884679321187e-17
7.290000000000000036e+00 0.000000000000000000e+00
7.299999999999999822e+00 5.551104884352381483e-17
7.310000000000000497e+00 0.000000000000000000e+00
7.320000000000000284e+00 0.000000000000000000e+00
7.330000000000000071e+00 0.000000000000000000e+00
7.339999999999999858e+00 0.000000000000000000e+00
7.350000000000000533e+00 -2.775552441767515495e-17
7.360000000000000320e+00 2.775552441685779644e-17
7.370000000000000107e+00 -2.775552441604045334e-17
7.379999999999999893e+00 0.000000000000000000e+00
7.390000000000000568e+00 -2.775552441440576715e-17
7.400000000000000355e+00 2.775552441358841172e-17
7.410000000000000142e+00 2.775552441277106246e-17
7.419999999999999929e+00 -1.387776220597685968e-17
7.429999999999999716e+00 0.000000000000000000e+00
7.440000000000000391e+00 0.000000000000000000e+00
7.450000000000000178e+00 0.000000000000000000e+00
7.459999999999999964e+00 -2.775552440868430383e-17
7.469999999999999751e+00 2.775552440786695457e-17
7.480000000000000426e+00 0.000000000000000000e+00
7.490000000000000213e+00 2.775552440623227454e-17
7.500000000000000000e+00 2.775552440541491911e-17
7.509999999999999787e+00 8.326657321379268799e-17
7.520000000000000462e+00 0.000000000000000000e+00
7.530000000000000249e+00 8.326657320888856161e-17
7.540000000000000036e+00 -2.775552440214550358e-17
7.549999999999999822e+00 -2.775552440132814816e-17
7.560000000000000497e+00 2.775552440051081739e-17
7.570000000000000284e+00 5.551104879938693625e-17
7.580000000000000071e+00 5.551104879775222540e-17
7.589999999999999858e+00 -5.551104879611753921e-17
7.600000000000000533e+00 -5.551104879448280371e-17
7.610000000000000320e+00 -5.551104879284811751e-17
7.620000000000000107e+00 0.000000000000000000e+00
7.629999999999999893e+00 -5.551104878957872047e-17
7.640000000000000568e+00 -5.551104878794403427e-17
7.650000000000000355e+00 0.000000000000000000e+00
7.660000000000000142e+00 -5.551104878467463723e-17
7.669999999999999929e+00 -1.110220975660798774e-16
7.679999999999999716e+00 0.000000000000000000e+00
7.690000000000000391e+00 0.000000000000000000e+00
7.700000000000000178e+00 -5.551104877813579383e-17
7.709999999999999964e+00 5.551104877650109531e-17
7.719999999999999751e+00 -5.551104877486639679e-17
7.730000000000000426e+00 0.000000000000000000e+00
7.740000000000000213e+00 5.551104877159702440e-17
7.750000000000000000e+00 0.000000000000000000e+00
7.759999999999999787e+00 0.000000000000000000e+00
7.770000000000000462e+00 5.551104876669289186e-17
7.780000000000000249e+00 5.551104876505818101e-17
7.790000000000000036e+00 0.000000000000000000e+00
7.799999999999999822e+00 -5.551104876178878396e-17
7.810000000000000497e+00 0.000000000000000000e+00
7.820000000000000284e+00 0.000000000000000000e+00
7.830000000000000071e+00 0.000000000000000000e+00
7.839999999999999858e+00 0.000000000000000000e+00
7.850000000000000533e+00 2.775552437680763643e-17
7.860000000000000320e+00 0.000000000000000000e+00
7.870000000000000107e+00 -2.775552437517293791e-17
7.879999999999999893e+00 0.000000000000000000e+00
7.890000000000000568e+00 0.000000000000000000e+00
7.900000000000000355e+00 5.551104874544181723e-17
7.910000000000000142e+00 -2.775552437190355319e-17
7.919999999999999929e+00 0.000000000000000000e+00
7.930000000000000604e+00 0.000000000000000000e+00
7.940000000000000391e+00 2.775552436945148692e-17
7.950000000000000178e+00 1.387776218431706575e-17
7.959999999999999964e+00 0.000000000000000000e+00
7.969999999999999751e+00 1.387776218349971341e-17
7.980000000000000426e+00 0.000000000000000000e+00
7.990000000000000213e+00 2.775552436536474678e-17
8.000000000000000000e+00 1.387776218227369568e-17
8.009999999999999787e+00 0.000000000000000000e+00
8.019999999999999574e+00 2.775552436291261888e-17
8.029999999999999361e+00 -4.163328654314289210e-17
8.040000000000000924e+00 -1.387776218063893861e-17
8.050000000000000711e+00 -2.775552436046045400e-17
8.060000000000000497e+00 1.387776217982154621e-17
8.070000000000000284e+00 2.775552435882566919e-17
8.080000000000000071e+00 -5.551104871601662754e-17
8.089999999999999858e+00 0.000000000000000000e+00
8.099999999999999645e+00 0.000000000000000000e+00
8.109999999999999432e+00 5.551104871111222383e-17
8.120000000000000995e+00 0.000000000000000000e+00
8.130000000000000782e+00 0.000000000000000000e+00
8.140000000000000568e+00 5.551104870620788174e-17
8.150000000000000355e+00 0.000000000000000000e+00
8.160000000000000142e+00 0.000000000000000000e+00
8.169999999999999929e+00 0.000000000000000000e+00
8.179999999999999716e+00 -8.326657304950313536e-17
8.189999999999999503e+00 -2.775552434901701584e-17
8.199999999999999289e+00 -5.551104869639919757e-17
8.210000000000000853e+00 -2.775552434738221255e-17
8.220000000000000639e+00 2.775552434656485712e-17
8.230000000000000426e+00 -5.551104869149488014e-17
8.240000000000000213e+00 1.387776217246504017e-16
8.250000000000000000e+00 -8.326657303233796580e-17
8.259999999999999787e+00 5.551104868659059968e-17
8.269999999999999574e+00 2.775552434247788279e-17
8.279999999999999361e+00 2.775552434166052120e-17
8.290000000000000924e+00 2.775552434084313496e-17
8.300000000000000711e+00 -2.775552434002571791e-17
8.310000000000000497e+00 -8.326657301762506897e-17
8.320000000000000284e+00 0.000000000000000000e+00
8.330000000000000071e+00 2.775552433757357460e-17
8.339999999999999858e+00 5.551104867351231509e-17
8.349999999999999645e+00 -2.775552433593879596e-17
8.359999999999999432e+00 5.551104867024274549e-17
8.370000000000000995e+00 2.775552433430399267e-17
8.380000000000000782e+00 -2.775552433348663108e-17
8.390000000000000568e+00 0.000000000000000000e+00
8.400000000000000355e+00 -2.775552433185185244e-17
8.410000000000000142e+00 5.551104866206885845e-17
8.419999999999999929e+00 8.326657299065120291e-17
8.429999999999999716e+00 2.775552432939965058e-17
8.439999999999999503e+00 0.000000000000000000e+00
8.449999999999999289e+00 8.326657298329461891e-17
8.460000000000000853e+00 -1.110220973077899428e-16
8.470000000000000639e+00 0.000000000000000000e+00
8.480000000000000426e+00 -2.775552432531270090e-17
8.490000000000000213e+00 0.000000000000000000e+00
8.500000000000000000e+00 1.387776216183895805e-17
8.509999999999999787e+00 0.000000000000000000e+00
8.519999999999999574e+00 1.387776216102157181e-17
8.529999999999999361e+00 2.775552432122577587e-17
8.540000000000000924e+00 -2.775552432040839579e-17
8.550000000000000711e+00 -2.775552431959097258e-17
8.560000000000000497e+00 2.775552431877360483e-17
8.570000000000000284e+00 2.775552431795618777e-17
8.580000000000000071e+00 0.000000000000000000e+00
8.589999999999999858e+00 2.775552431632140913e-17
8.599999999999999645e+00 -2.775552431550405371e-17
8.609999999999999432e+00 5.551104862937327331e-17
8.620000000000000995e+00 0.000000000000000000e+00
8.630000000000000782e+00 5.551104862610378998e-17
8.640000000000000568e+00 0.000000000000000000e+00
8.650000000000000355e+00 0.000000000000000000e+00
8.660000000000000142e+00 0.000000000000000000e+00
8.669999999999999929e+00 0.000000000000000000e+00
8.679999999999999716e+00 0.000000000000000000e+00
8.689999999999999503e+00 5.551104861629511814e-17
8.700000000000001066e+00 0.000000000000000000e+00
8.710000000000000853e+00 0.000000000000000000e+00
8.720000000000000639e+00 0.000000000000000000e+00
8.730000000000000426e+00 5.551104860975595427e-17
8.740000000000000213e+00 5.551104860812123110e-17
8.750000000000000000e+00 0.000000000000000000e+00
8.759999999999999787e+00 -5.551104860485167382e-17
8.769999999999999574e+00 -5.551104860321681506e-17
8.779999999999999361e+00 0.000000000000000000e+00
8.790000000000000924e+00 0.000000000000000000e+00
8.800000000000000711e+00 5.551104859831250995e-17
8.810000000000000497e+00 0.000000000000000000e+00
8.820000000000000284e+00 5.551104859504294034e-17
8.830000000000000071e+00 5.551104859340822950e-17
8.839999999999999858e+00 5.551104859177337690e-17
8.849999999999999645e+00 0.000000000000000000e+00
8.859999999999999432e+00 0.000000000000000000e+00
8.870000000000000995e+00 -5.551104858686903481e-17
8.880000000000000782e+00 0.000000000000000000e+00
8.890000000000000568e+00 5.551104858359948986e-17
8.900000000000000355e+00 5.551104858196475436e-17
8.910000000000000142e+00 -5.551104858032990793e-17
8.919999999999999929e+00 0.000000000000000000e+00
8.929999999999999716e+00 5.551104857706035065e-17
8.939999999999999503e+00 -5.551104857542563980e-17
8.950000000000001066e+00 0.000000000000000000e+00
8.960000000000000853e+00 -5.551104857215602089e-17
8.970000000000000639e+00 0.000000000000000000e+00
8.980000000000000426e+00 -5.551104856888645128e-17
8.990000000000000213e+00 -1.110220971345034809e-16
9.000000000000000000e+00 0.000000000000000000e+00
9.009999999999999787e+00 -5.551104856398217082e-17
9.019999999999999574e+00 -5.551104856234733672e-17
9.029999999999999361e+00 5.551104856071261354e-17
9.040000000000000924e+00 0.000000000000000000e+00
9.050000000000000711e+00 -2.775552427872150964e-17
9.060000000000000497e+00 -2.775552427790414806e-17
9.070000000000000284e+00 2.775552427708672484e-17
9.080000000000000071e+00 -2.775552427626935709e-17
9.089999999999999858e+00 1.387776213772597002e-17
9.099999999999999645e+00 2.775552427463458461e-17
9.109999999999999432e+00 2.775552427381716139e-17
9.120000000000000995e+00 -1.387776213649989066e-17
9.130000000000000782e+00 1.387776213609120678e-17
9.140000000000000568e+00 6.938881067841249129e-18
9.150000000000000355e+00 2.775552427054763493e-17
9.160000000000000142e+00 1.387776213486511202e-17
9.169999999999999929e+00 0.000000000000000000e+00
9.179999999999999716e+00 1.387776213404771962e-17
9.189999999999999503e+00 2.775552426727808381e-17
9.200000000000001066e+00 2.775552426646070373e-17
9.210000000000000853e+00 -2.775552426564328052e-17
9.220000000000000639e+00 0.000000000000000000e+00
9.230000000000000426e+00 2.775552426400850188e-17
9.240000000000000213e+00 0.000000000000000000e+00
9.250000000000000000e+00 -5.551104852474744647e-17
9.259999999999999787e+00 0.000000000000000000e+00
9.269999999999999574e+00 5.551104852147787686e-17
9.279999999999999361e+00 0.000000000000000000e+00
9.290000000000000924e+00 0.000000000000000000e+00
9.300000000000000711e+00 5.551104851657355943e-17
9.310000000000000497e+00 0.000000000000000000e+00
9.320000000000000284e+00 -5.551104851330398982e-17
9.330000000000000071e+00 0.000000000000000000e+00
9.339999999999999858e+00 0.000000000000000000e+00
9.349999999999999645e+00 5.551104850839970937e-17
9.359999999999999432e+00 5.551104850676486294e-17
9.370000000000000995e+00 1.110220970102601809e-16
9.380000000000000782e+00 5.551104850349537345e-17
9.390000000000000568e+00 1.110220970037210787e-16
9.400000000000000355e+00 -5.551104850022580384e-17
9.410000000000000142e+00 5.551104849859096973e-17
9.419999999999999929e+00 0.000000000000000000e+00
9.429999999999999716e+00 0.000000000000000000e+00
9.439999999999999503e+00 0.000000000000000000e+00
9.450000000000001066e+00 0.000000000000000000e+00
9.460000000000000853e+00 0.000000000000000000e+00
9.470000000000000639e+00 0.000000000000000000e+00
9.480000000000000426e+00 0.000000000000000000e+00
9.490000000000000213e+00 0.000000000000000000e+00
9.500000000000000000e+00 0.000000000000000000e+00
9.509999999999999787e+00 1.110220969644864653e-16
9.519999999999999574e+00 0.000000000000000000e+00
9.529999999999999361e+00 0.000000000000000000e+00
9.540000000000000924e+00 -5.551104847733889055e-17
9.550000000000000711e+00 0.000000000000000000e+00
9.560000000000000497e+00 1.110220969481386912e-16
9.570000000000000284e+00 0.000000000000000000e+00
9.580000000000000071e+00 5.551104847079977598e-17
9.589999999999999858e+00 5.551104846916492955e-17
9.599999999999999645e+00 -5.551104846753020638e-17
9.609999999999999432e+00 0.000000000000000000e+00
9.620000000000000995e+00 0.000000000000000000e+00
9.630000000000000782e+00 0.000000000000000000e+00
9.640000000000000568e+00 -5.551104846099101786e-17
9.650000000000000355e+00 0.000000000000000000e+00
9.660000000000000142e+00 0.000000000000000000e+00
9.669999999999999929e+00 0.000000000000000000e+00
9.679999999999999716e+00 -5.551104845445190330e-17
9.689999999999999503e+00 0.000000000000000000e+00
9.700000000000001066e+00 0.000000000000000000e+00
9.710000000000000853e+00 0.000000000000000000e+00
9.720000000000000639e+00 2.775552422395643134e-17
9.730000000000000426e+00 -2.775552422313901429e-17
9.740000000000000213e+00 -2.775552422232165270e-17
9.750000000000000000e+00 2.775552422150422949e-17
9.759999999999999787e+00 2.775552422068686174e-17
9.769999999999999574e+00 0.000000000000000000e+00
9.779999999999999361e+00 0.000000000000000000e+00
9.790000000000000924e+00 -1.387776210911734843e-17
9.800000000000000711e+00 -4.163328632612591971e-17
9.810000000000000497e+00 -2.775552421659992438e-17
9.820000000000000284e+00 -1.387776210789124750e-17
9.830000000000000071e+00 4.163328632244768934e-17
9.839999999999999858e+00 -2.775552421414771020e-17
9.849999999999999645e+00 -5.551104842666070955e-17
9.859999999999999432e+00 2.775552421251293772e-17
9.870000000000000995e+00 -2.775552421169554532e-17
9.880000000000000782e+00 -2.775552421087818989e-17
9.890000000000000568e+00 -1.387776210503038334e-17
9.900000000000000355e+00 -2.775552420924340509e-17
9.910000000000000142e+00 2.775552420842598804e-17
9.919999999999999929e+00 -5.551104841521725290e-17
9.929999999999999716e+00 0.000000000000000000e+00
9.939999999999999503e+00 0.000000000000000000e+00
9.950000000000001066e+00 5.551104841031290465e-17
9.960000000000000853e+00 0.000000000000000000e+00
9.970000000000000639e+00 -2.775552420352167985e-17
9.980000000000000426e+00 -5.551104840540852559e-17
9.990000000000000213e+00 2.775552420188690121e-17
1.000000000000000000e+01 -2.775552420106947799e-17
