0.000000000000000000e+00 9.927449196289018785e-01
1.000000000000000021e-02 9.927449195432044293e-01
2.000000000000000042e-02 9.927449146308630068e-01
2.999999999999999889e-02 9.927448633066476846e-01
4.000000000000000083e-02 9.927446040875618216e-01
5.000000000000000278e-02 9.927437214302705648e-01
5.999999999999999778e-02 9.927413629562943376e-01
7.000000000000000666e-02 9.927360145848133088e-01
8.000000000000000167e-02 9.927252406485906899e-01
8.999999999999999667e-02 9.927053975643749251e-01
1.000000000000000056e-01 9.926713308549214299e-01
1.100000000000000006e-01 9.926160663933834005e-01
1.199999999999999956e-01 9.925305076546966365e-01
1.300000000000000044e-01 9.924031514993836289e-01
1.400000000000000133e-01 9.922198355671022485e-01
1.499999999999999944e-01 9.919635306994796231e-01
1.600000000000000033e-01 9.916141919162850815e-01
1.700000000000000122e-01 9.911486812993161033e-01
1.799999999999999933e-01 9.905407756491062532e-01
1.900000000000000022e-01 9.897612709174112844e-01
2.000000000000000111e-01 9.887781941248786621e-01
2.099999999999999922e-01 9.875571316890703333e-01
2.200000000000000011e-01 9.860616928230513389e-01
2.300000000000000100e-01 9.842540523467963043e-01
2.399999999999999911e-01 9.820956897024155641e-01
2.500000000000000000e-01 9.795482057236696294e-01
2.600000000000000089e-01 9.765742648158503014e-01
2.700000000000000178e-01 9.731386378763969836e-01
2.800000000000000266e-01 9.692093270529583693e-01
2.899999999999999800e-01 9.647587480888323297e-01
2.999999999999999889e-01 9.597649409156321365e-01
3.099999999999999978e-01 9.542127746279324141e-01
3.200000000000000067e-01 9.480951093604033098e-01
3.300000000000000155e-01 9.414138752321179471e-01
3.400000000000000244e-01 9.341810277444401178e-01
3.500000000000000333e-01 9.264193400748803597e-01
3.599999999999999867e-01 9.181629957588531843e-01
3.699999999999999956e-01 9.094579503238171547e-01
3.800000000000000044e-01 9.003620374095632206e-01
3.900000000000000133e-01 8.909448034771921821e-01
4.000000000000000222e-01 8.812870649078818897e-01
4.100000000000000311e-01 8.714801914933595350e-01
4.199999999999999845e-01 8.616251302686326330e-01
4.299999999999999933e-01 8.518311924985377814e-01
4.400000000000000022e-01 8.422146335435620745e-01
4.500000000000000111e-01 8.328970594767025615e-01
4.600000000000000200e-01 8.240036949828408730e-01
4.700000000000000289e-01 8.156615436834721011e-01
4.799999999999999822e-01 8.079974642317451217e-01
4.899999999999999911e-01 8.011361731843603673e-01
5.000000000000000000e-01 7.951981688906794021e-01
5.100000000000000089e-01 7.902975498069363391e-01
5.200000000000000178e-01 7.865396763598146990e-01
5.300000000000000266e-01 7.840185986359461401e-01
5.400000000000000355e-01 7.828141439709481730e-01
5.500000000000000444e-01 7.829885305848111043e-01
5.600000000000000533e-01 7.845823479855160709e-01
5.700000000000000622e-01 7.876097250190391419e-01
5.799999999999999600e-01 7.920524964698277826e-01
5.899999999999999689e-01 7.978531849523986530e-01
5.999999999999999778e-01 8.049066445730018726e-01
6.099999999999999867e-01 8.130502771937533346e-01
6.199999999999999956e-01 8.220528447388292248e-01
6.300000000000000044e-01 8.316020783014635986e-01
6.400000000000000133e-01 8.412915452421771967e-01
6.500000000000000222e-01 8.506075971961094551e-01
6.600000000000000311e-01 8.589176987941659069e-01
6.700000000000000400e-01 8.654620316943029135e-01
6.800000000000000488e-01 8.693509626494190234e-01
6.900000000000000577e-01 8.695717040087513894e-01
7.000000000000000666e-01 8.650081741452104733e-01
7.099999999999999645e-01 8.544785073935902142e-01
7.199999999999999734e-01 8.367946074982828275e-01
7.299999999999999822e-01 8.108472392769002779e-01
7.399999999999999911e-01 7.757180003041010963e-01
7.500000000000000000e-01 7.308157221963864636e-01
7.600000000000000089e-01 6.760291586806319586e-01
7.700000000000000178e-01 6.118802181043603294e-01
7.800000000000000266e-01 5.396533614012474223e-01
7.900000000000000355e-01 4.614684669081052237e-01
8.000000000000000444e-01 3.802592453652243187e-01
8.100000000000000533e-01 2.996208134577022508e-01
8.200000000000000622e-01 2.235024897316663095e-01
8.300000000000000711e-01 1.557487016205318375e-01
8.399999999999999689e-01 9.953275518720261505e-02
8.499999999999999778e-01 5.678044448461945504e-02
8.599999999999999867e-01 2.773072049275837961e-02
8.699999999999999956e-01 1.080827174232103921e-02
8.800000000000000044e-01 2.962014001241831951e-03
8.900000000000000133e-01 5.314106837334156520e-04
9.000000000000000222e-01 5.335057268827341067e-04
9.100000000000000311e-01 2.044887189362943735e-03
9.200000000000000400e-01 7.155619296063876755e-03
9.300000000000000488e-01 2.090508233314960357e-02
9.400000000000000577e-01 4.978538944473141770e-02
9.500000000000000666e-01 9.887087486443627005e-02
9.599999999999999645e-01 1.683249093197841939e-01
9.699999999999999734e-01 2.506955541979266622e-01
9.799999999999999822e-01 3.306516927756017465e-01
9.899999999999999911e-01 3.882678079535190618e-01
1.000000000000000000e+00 4.055520747001062909e-01
1.010000000000000009e+00 3.740472687494976745e-01
1.020000000000000018e+00 2.999539844990792847e-01
1.030000000000000027e+00 2.034287686793181671e-01
1.040000000000000036e+00 1.110602564255113167e-01
1.050000000000000044e+00 4.435832673853134372e-02
1.060000000000000053e+00 1.037179739051561841e-02
1.070000000000000062e+00 7.467600182218690676e-04
1.080000000000000071e+00 1.341104233153582893e-03
1.090000000000000080e+00 7.428352798217917156e-03
1.100000000000000089e+00 3.391302389898128572e-02
1.110000000000000098e+00 1.107102025080640845e-01
1.120000000000000107e+00 2.620963274778311258e-01
1.130000000000000115e+00 4.811342241768760131e-01
1.140000000000000124e+00 7.175209330110139394e-01
1.150000000000000133e+00 8.921146716873576965e-01
1.159999999999999920e+00 9.346880515236762887e-01
1.169999999999999929e+00 8.235851635787522218e-01
1.179999999999999938e+00 6.008469515299760255e-01
1.189999999999999947e+00 3.504179113763691844e-01
1.199999999999999956e+00 1.521465499721504633e-01
1.209999999999999964e+00 4.204681079040178959e-02
1.219999999999999973e+00 5.024171626252135238e-03
1.229999999999999982e+00 1.954797124986194009e-03
1.239999999999999991e+00 7.257612341924786319e-03
1.250000000000000000e+00 2.662327193043425091e-02
1.260000000000000009e+00 8.261187166501082757e-02
1.270000000000000018e+00 1.832003401420106425e-01
1.280000000000000027e+00 3.021100167242445345e-01
1.290000000000000036e+00 3.888486117668689679e-01
1.300000000000000044e+00 4.009307916502781732e-01
1.310000000000000053e+00 3.325549121318164825e-01
1.320000000000000062e+00 2.176715413559116297e-01
1.330000000000000071e+00 1.064181821719955290e-01
1.340000000000000080e+00 3.407126329423465494e-02
1.350000000000000089e+00 5.226324968993677038e-03
1.360000000000000098e+00 2.007564124562429258e-03
1.370000000000000107e+00 6.514282980303897665e-03
1.380000000000000115e+00 1.891262542429776941e-02
1.390000000000000124e+00 5.843403372410248264e-02
1.400000000000000133e+00 1.483911584126149374e-01
1.409999999999999920e+00 2.971066336402715113e-01
1.419999999999999929e+00 4.876976014920494373e-01
1.429999999999999938e+00 6.822932875579954537e-01
1.439999999999999947e+00 8.369517196334899101e-01
1.449999999999999956e+00 9.183456787124976151e-01
1.459999999999999964e+00 9.141567718136602849e-01
1.469999999999999973e+00 8.339291177793756171e-01
1.479999999999999982e+00 7.022206204581021849e-01
1.489999999999999991e+00 5.486205774106477362e-01
1.500000000000000000e+00 3.990541407563870102e-01
1.510000000000000009e+00 2.708475258430663724e-01
1.520000000000000018e+00 1.718017339063902527e-01
1.530000000000000027e+00 1.020579132870796518e-01
1.540000000000000036e+00 5.711025149375308085e-02
1.550000000000000044e+00 3.065315088269038313e-02
1.560000000000000053e+00 1.657757775305919445e-02
1.570000000000000062e+00 9.994396441931114108e-03
1.580000000000000071e+00 7.496015276492811255e-03
1.590000000000000080e+00 6.973003356700710823e-03
1.600000000000000089e+00 7.260376681376233890e-03
1.610000000000000098e+00 7.788525656655586812e-03
1.620000000000000107e+00 8.317296635333709318e-03
1.630000000000000115e+00 8.765457025648897005e-03
1.640000000000000124e+00 9.114494181595362773e-03
1.650000000000000133e+00 9.357291445391149529e-03
1.660000000000000142e+00 9.469240517066379592e-03
1.669999999999999929e+00 9.395513503004732786e-03
1.679999999999999938e+00 9.070914749528974710e-03
1.689999999999999947e+00 8.516201072052191623e-03
1.699999999999999956e+00 8.081135429854627295e-03
1.709999999999999964e+00 8.912916097905405899e-03
1.719999999999999973e+00 1.368536499041044657e-02
1.729999999999999982e+00 2.748166140737432275e-02
1.739999999999999991e+00 5.844425888223554050e-02
1.750000000000000000e+00 1.174231660340844807e-01
1.760000000000000009e+00 2.155629533981292811e-01
1.770000000000000018e+00 3.589871624761140079e-01
1.780000000000000027e+00 5.410031339315579668e-01
1.790000000000000036e+00 7.347698039995110841e-01
1.800000000000000044e+00 8.922492007585640650e-01
1.810000000000000053e+00 9.559182558256607010e-01
1.820000000000000062e+00 8.847226073574548932e-01
1.830000000000000071e+00 6.841736961422568708e-01
1.840000000000000080e+00 4.185374342099690281e-01
1.850000000000000089e+00 1.846025686754645678e-01
1.860000000000000098e+00 5.244852989901725715e-02
1.870000000000000107e+00 1.720609635134806581e-02
1.880000000000000115e+00 1.573080746840833238e-02
1.890000000000000124e+00 7.326376976117317079e-03
1.900000000000000133e+00 3.180232622954160676e-02
1.910000000000000142e+00 1.527366830278108767e-01
1.919999999999999929e+00 3.310812027671017899e-01
1.929999999999999938e+00 4.118080841927684310e-01
1.939999999999999947e+00 3.004476205036572534e-01
1.949999999999999956e+00 1.083993927247050015e-01
1.959999999999999964e+00 1.364361983489325789e-02
1.969999999999999973e+00 1.689717875141723280e-02
1.979999999999999982e+00 2.202875478830044337e-02
1.989999999999999991e+00 1.257886609181100568e-01
2.000000000000000000e+00 4.928364549097729030e-01
2.010000000000000231e+00 8.968678278323634068e-01
2.020000000000000018e+00 8.657654860436213573e-01
2.030000000000000249e+00 4.199750442825626595e-01
2.040000000000000036e+00 7.726998179858692029e-02
2.049999999999999822e+00 2.021558987943575941e-02
2.060000000000000053e+00 1.144778209790433925e-02
2.069999999999999840e+00 7.257639649994442055e-02
2.080000000000000071e+00 3.087553160210401160e-01
2.089999999999999858e+00 3.945501684711262280e-01
2.100000000000000089e+00 1.725720279872730856e-01
2.109999999999999876e+00 1.636954643568823073e-02
2.120000000000000107e+00 2.325803376296068162e-02
2.129999999999999893e+00 5.008846559265368870e-02
2.140000000000000124e+00 3.659819167496830006e-01
2.149999999999999911e+00 8.730156775687888393e-01
2.160000000000000142e+00 8.264364542458092489e-01
2.169999999999999929e+00 2.959996628921068296e-01
2.180000000000000160e+00 3.354938925582333364e-02
2.189999999999999947e+00 2.236705802867220219e-02
2.200000000000000178e+00 3.062001607198833880e-02
2.209999999999999964e+00 2.440238592248395733e-01
2.220000000000000195e+00 4.014086770917374980e-01
2.229999999999999982e+00 1.950356282598191826e-01
2.240000000000000213e+00 1.955190099594329017e-02
2.250000000000000000e+00 2.743140887990036872e-02
2.260000000000000231e+00 5.647819725196721874e-02
2.270000000000000018e+00 3.883801942757557080e-01
2.280000000000000249e+00 8.840811926485901973e-01
2.290000000000000036e+00 8.042981840234627589e-01
2.300000000000000266e+00 2.847863291176586098e-01
2.310000000000000053e+00 3.754005448851922833e-02
2.319999999999999840e+00 2.722636523421391105e-02
2.330000000000000071e+00 2.373416514576368389e-02
2.339999999999999858e+00 1.925934477318711480e-01
2.350000000000000089e+00 3.919403828629227649e-01
2.359999999999999876e+00 2.857754074860393567e-01
2.370000000000000107e+00 6.551563042115692015e-02
2.379999999999999893e+00 2.000776821335876685e-02
2.390000000000000124e+00 3.320308683239638764e-02
2.399999999999999911e+00 8.479805387496210101e-02
2.410000000000000142e+00 3.964027484079571950e-01
2.419999999999999929e+00 8.264715913097866462e-01
2.430000000000000160e+00 9.062227441765083880e-01
2.439999999999999947e+00 5.577209409951973118e-01
2.450000000000000178e+00 1.800546575403852156e-01
2.459999999999999964e+00 4.092847221420042869e-02
2.470000000000000195e+00 3.466027013815120572e-02
2.479999999999999982e+00 2.009348314601441809e-02
2.490000000000000213e+00 4.443538523017330488e-02
2.500000000000000000e+00 1.770542009179853493e-01
2.510000000000000231e+00 3.384402003594893515e-01
2.520000000000000018e+00 3.880898122071739231e-01
2.530000000000000249e+00 2.932802428052725952e-01
2.540000000000000036e+00 1.458388340781692494e-01
2.550000000000000266e+00 4.756315452438488606e-02
2.560000000000000053e+00 2.308954067740874236e-02
2.569999999999999840e+00 3.345832351593473059e-02
2.580000000000000071e+00 3.912622384836941802e-02
2.589999999999999858e+00 3.793556668978739776e-02
2.600000000000000089e+00 5.665011712842479841e-02
2.609999999999999876e+00 1.213788611376611093e-01
2.620000000000000107e+00 2.371220192619810097e-01
2.629999999999999893e+00 3.868814714692080936e-01
2.640000000000000124e+00 5.433484822989141927e-01
2.649999999999999911e+00 6.818184419390751483e-01
2.660000000000000142e+00 7.875578070493980398e-01
2.669999999999999929e+00 8.568092171140246904e-01
2.680000000000000160e+00 8.938866318074052408e-01
2.689999999999999947e+00 9.071919106847818881e-01
2.700000000000000178e+00 9.059292795535746068e-01
2.709999999999999964e+00 8.981077633018603734e-01
2.720000000000000195e+00 8.896771836767026764e-01
2.729999999999999982e+00 8.843738706731749666e-01
2.740000000000000213e+00 8.838739758227264209e-01
2.750000000000000000e+00 8.879881254323465090e-01
2.760000000000000231e+00 8.947802927369583603e-01
2.770000000000000018e+00 9.006228102938794722e-01
2.780000000000000249e+00 9.003076801957007325e-01
2.790000000000000036e+00 8.874202396695454187e-01
2.800000000000000266e+00 8.552176917317830807e-01
2.810000000000000053e+00 7.981791195367493597e-01
2.819999999999999840e+00 7.141259464804894375e-01
2.830000000000000071e+00 6.063272133578332390e-01
2.839999999999999858e+00 4.844484362134242605e-01
2.850000000000000089e+00 3.630051249338734909e-01
2.859999999999999876e+00 2.567450478810560655e-01
2.870000000000000107e+00 1.744178244521517318e-01
2.879999999999999893e+00 1.148861639323588563e-01
2.890000000000000124e+00 7.013886718241926777e-02
2.899999999999999911e+00 3.581650588875408270e-02
2.910000000000000142e+00 2.178112570854557131e-02
2.919999999999999929e+00 4.966801770759253498e-02
2.930000000000000160e+00 1.312220706016719862e-01
2.939999999999999947e+00 2.420806306668420727e-01
2.950000000000000178e+00 3.222689941420800452e-01
2.959999999999999964e+00 3.188969368234785828e-01
2.970000000000000195e+00 2.378636090094951860e-01
2.979999999999999982e+00 1.423812684849158350e-01
2.990000000000000213e+00 8.570773626267545742e-02
3.000000000000000000e+00 5.923290815349364913e-02
3.010000000000000231e+00 4.038737585769471700e-02
3.020000000000000018e+00 8.236474680795440040e-02
3.030000000000000249e+00 2.816342233756037872e-01
3.040000000000000036e+00 6.092739518653910169e-01
3.050000000000000266e+00 8.475855638895130051e-01
3.060000000000000053e+00 7.996420608473765457e-01
3.070000000000000284e+00 5.282408540390496343e-01
3.080000000000000071e+00 2.672161800276002808e-01
3.089999999999999858e+00 1.274804951782895213e-01
3.100000000000000089e+00 5.167204626733193362e-02
3.109999999999999876e+00 3.047126928956561329e-02
3.120000000000000107e+00 1.300082836509041384e-01
3.129999999999999893e+00 2.830709145433201734e-01
3.140000000000000124e+00 3.109070002487758222e-01
3.149999999999999911e+00 1.998861658657833107e-01
3.160000000000000142e+00 1.038973452679114451e-01
3.169999999999999929e+00 6.833502137050566361e-02
3.180000000000000160e+00 4.588475237094556680e-02
3.189999999999999947e+00 1.399168418319130525e-01
3.200000000000000178e+00 4.623267377764288533e-01
3.209999999999999964e+00 7.985116908650476963e-01
3.220000000000000195e+00 8.114333071087040938e-01
3.229999999999999982e+00 5.284047499141519832e-01
3.240000000000000213e+00 2.571851718423029398e-01
3.250000000000000000e+00 1.225642876638585593e-01
3.260000000000000231e+00 4.620576068453713381e-02
3.270000000000000018e+00 4.216558847001693894e-02
3.280000000000000249e+00 1.671004476157349483e-01
3.290000000000000036e+00 3.003771274083379406e-01
3.300000000000000266e+00 2.844514863747118483e-01
3.310000000000000053e+00 1.716261077489088516e-01
3.320000000000000284e+00 1.005792948021155264e-01
3.330000000000000071e+00 7.185122453962876354e-02
3.339999999999999858e+00 5.032499644230409297e-02
3.350000000000000089e+00 1.361114019478816273e-01
3.359999999999999876e+00 4.145023764110777886e-01
3.370000000000000107e+00 7.357701475613671604e-01
3.379999999999999893e+00 8.423822404430015842e-01
3.390000000000000124e+00 6.759973915329304806e-01
3.399999999999999911e+00 4.144185381925772904e-01
3.410000000000000142e+00 2.286707823957974395e-01
3.419999999999999929e+00 1.301161781432280395e-01
3.430000000000000160e+00 6.247666729488596943e-02
3.439999999999999947e+00 3.039236294625321036e-02
3.450000000000000178e+00 7.760057823206109595e-02
3.459999999999999964e+00 1.906031038788660315e-01
3.470000000000000195e+00 2.875601365735594994e-01
3.479999999999999982e+00 3.012755831122688743e-01
3.490000000000000213e+00 2.409464031925628580e-01
3.500000000000000000e+00 1.660077301400065264e-01
3.510000000000000231e+00 1.193022171449283075e-01
3.520000000000000018e+00 9.763815408439671661e-02
3.530000000000000249e+00 7.786777698623448263e-02
3.540000000000000036e+00 5.660098369626573311e-02
3.550000000000000266e+00 6.059793803707950316e-02
3.560000000000000053e+00 1.238370754650277988e-01
3.570000000000000284e+00 2.575926769487486001e-01
3.580000000000000071e+00 4.388453912204512419e-01
3.589999999999999858e+00 6.220079661809763127e-01
3.600000000000000089e+00 7.616711966008752333e-01
3.609999999999999876e+00 8.308794630838464146e-01
3.620000000000000107e+00 8.269317771728939004e-01
3.629999999999999893e+00 7.659418173923993045e-01
3.640000000000000124e+00 6.723224668865043219e-01
3.649999999999999911e+00 5.692050458860719031e-01
3.660000000000000142e+00 4.729330849933983671e-01
3.669999999999999929e+00 3.918210122059636036e-01
3.680000000000000160e+00 3.277095475530306112e-01
3.689999999999999947e+00 2.785563679541006588e-01
3.700000000000000178e+00 2.408035922304337106e-01
3.709999999999999964e+00 2.109570091037235584e-01
3.720000000000000195e+00 1.863397624363873073e-01
3.729999999999999982e+00 1.652456156789957054e-01
3.740000000000000213e+00 1.467695651088601894e-01
3.750000000000000000e+00 1.305341316727428591e-01
3.760000000000000231e+00 1.164393535348535874e-01
3.770000000000000018e+00 1.044880725446240555e-01
3.780000000000000249e+00 9.469008877752846387e-02
3.790000000000000036e+00 8.702650902560510326e-02
3.800000000000000266e+00 8.145043931563147876e-02
3.810000000000000053e+00 7.790340173717506811e-02
3.820000000000000284e+00 7.633301730838135124e-02
3.830000000000000071e+00 7.670302673836772167e-02
3.839999999999999858e+00 7.899100384872626002e-02
3.850000000000000089e+00 8.317200488250765800e-02
3.859999999999999876e+00 8.918854572470479025e-02
3.870000000000000107e+00 9.690934949580314040e-02
3.879999999999999893e+00 1.060817444058387987e-01
3.890000000000000124e+00 1.162855873659275341e-01
3.899999999999999911e+00 1.268999060728268347e-01
3.910000000000000142e+00 1.370962979596060116e-01
3.919999999999999929e+00 1.458745594111205413e-01
3.930000000000000160e+00 1.521540988575179332e-01
3.939999999999999947e+00 1.549285401157135811e-01
3.950000000000000178e+00 1.534792778794995260e-01
3.959999999999999964e+00 1.476272161571540453e-01
3.970000000000000195e+00 1.379826819165015650e-01
3.979999999999999982e+00 1.261358678989765170e-01
3.990000000000000213e+00 1.147200791257346197e-01
4.000000000000000000e+00 1.072839157402386279e-01
4.009999999999999787e+00 1.079311181941767922e-01
4.020000000000000462e+00 1.207290047776394953e-01
4.030000000000000249e+00 1.489432847521890146e-01
4.040000000000000036e+00 1.942171748776866103e-01
4.049999999999999822e+00 2.558599709694326374e-01
4.060000000000000497e+00 3.304272773736939839e-01
4.070000000000000284e+00 4.117490733276634729e-01
4.080000000000000071e+00 4.914895538630288385e-01
4.089999999999999858e+00 5.602142613507329338e-01
4.099999999999999645e+00 6.088183095392792898e-01
4.110000000000000320e+00 6.300654512776276972e-01
4.120000000000000107e+00 6.199320099348624158e-01
4.129999999999999893e+00 5.784630680549592840e-01
4.139999999999999680e+00 5.099341302246696017e-01
4.150000000000000355e+00 4.222529540663953473e-01
4.160000000000000142e+00 3.256999789442927562e-01
4.169999999999999929e+00 2.312508004266378980e-01
4.179999999999999716e+00 1.488136114990052106e-01
4.190000000000000391e+00 8.572641927777729931e-02
4.200000000000000178e+00 4.579199367783844815e-02
4.209999999999999964e+00 2.900233025345969745e-02
4.219999999999999751e+00 3.195253466001075210e-02
4.230000000000000426e+00 4.880419143388067121e-02
4.240000000000000213e+00 7.256185946629092887e-02
4.250000000000000000e+00 9.639077628667898356e-02
4.259999999999999787e+00 1.147297636263385767e-01
4.270000000000000462e+00 1.240265954466816811e-01
4.280000000000000249e+00 1.230206203677010474e-01
4.290000000000000036e+00 1.125943119223879324e-01
4.299999999999999822e+00 9.529128895035529623e-02
4.310000000000000497e+00 7.464137253589141208e-02
4.320000000000000284e+00 5.444115538208578464e-02
4.330000000000000071e+00 3.811710419447503911e-02
4.339999999999999858e+00 2.825804338162104731e-02
4.350000000000000533e+00 2.635699961011376061e-02
4.360000000000000320e+00 3.275926284990599707e-02
4.370000000000000107e+00 4.678118964006196950e-02
4.379999999999999893e+00 6.694583671381522383e-02
4.389999999999999680e+00 9.127658047101155914e-02
4.400000000000000355e+00 1.175956540531243044e-01
4.410000000000000142e+00 1.437870730021440502e-01
4.419999999999999929e+00 1.679987322483672274e-01
4.429999999999999716e+00 1.887732697074264721e-01
4.440000000000000391e+00 2.051094249542171066e-01
4.450000000000000178e+00 2.164640248658562527e-01
4.459999999999999964e+00 2.227092926083907298e-01
4.469999999999999751e+00 2.240614364378495926e-01
4.480000000000000426e+00 2.209953036574326957e-01
4.490000000000000213e+00 2.141571882035973873e-01
4.500000000000000000e+00 2.042846574184778163e-01
4.509999999999999787e+00 1.921388075280421048e-01
4.520000000000000462e+00 1.784515861820790139e-01
4.530000000000000249e+00 1.638885052398290632e-01
4.540000000000000036e+00 1.490255119655884419e-01
4.549999999999999822e+00 1.343378581710220343e-01
4.560000000000000497e+00 1.201984014472794182e-01
4.570000000000000284e+00 1.068827532521855472e-01
4.580000000000000071e+00 9.457892231435550967e-02
4.589999999999999858e+00 8.339947519564576417e-02
4.600000000000000533e+00 7.339466169418362718e-02
4.610000000000000320e+00 6.456537050306948577e-02
4.620000000000000107e+00 5.687515307021698274e-02
4.629999999999999893e+00 5.026086244172269651e-02
4.639999999999999680e+00 4.464169392782049023e-02
4.650000000000000355e+00 3.992658932209579292e-02
4.660000000000000142e+00 3.602008463874818711e-02
4.669999999999999929e+00 3.282675349547430760e-02
4.679999999999999716e+00 3.025443513154221428e-02
4.690000000000000391e+00 2.821644742947035725e-02
4.700000000000000178e+00 2.663297950081617779e-02
4.709999999999999964e+00 2.543184200038088941e-02
4.719999999999999751e+00 2.454873131769361519e-02
4.730000000000000426e+00 2.392713970100488960e-02
4.740000000000000213e+00 2.351801956692053247e-02
4.750000000000000000e+00 2.327928819797453475e-02
4.759999999999999787e+00 2.317523951837068691e-02
4.770000000000000462e+00 2.317591298046898715e-02
4.780000000000000249e+00 2.325645579482295278e-02
4.790000000000000036e+00 2.339650360699029735e-02
4.799999999999999822e+00 2.357959597376248911e-02
4.810000000000000497e+00 2.379263628575013778e-02
4.820000000000000284e+00 2.402540024998832055e-02
4.830000000000000071e+00 2.427009657070381896e-02
4.839999999999999858e+00 2.452097338955254793e-02
4.850000000000000533e+00 2.477397202334858523e-02
4.860000000000000320e+00 2.502642193728752198e-02
4.870000000000000107e+00 2.527677258874006308e-02
4.879999999999999893e+00 2.552435752269636635e-02
4.889999999999999680e+00 2.576918615701597609e-02
4.900000000000000355e+00 2.601175900308041328e-02
4.910000000000000142e+00 2.625290249040663701e-02
4.919999999999999929e+00 2.649362005896867267e-02
4.929999999999999716e+00 2.673495671799869938e-02
4.940000000000000391e+00 2.697787482062920933e-02
4.950000000000000178e+00 2.722313935144035288e-02
4.959999999999999964e+00 2.747121155411337903e-02
4.969999999999999751e+00 2.772215022663567993e-02
4.980000000000000426e+00 2.797552047103282064e-02
4.990000000000000213e+00 2.823031009374911762e-02
5.000000000000000000e+00 2.848485420322462852e-02
5.009999999999999787e+00 2.873709306334355437e-02
5.020000000000000462e+00 2.898575876160567125e-02
5.030000000000000249e+00 2.922986292533097386e-02
5.040000000000000036e+00 2.946844206165846747e-02
5.049999999999999822e+00 2.970056090407915961e-02
5.060000000000000497e+00 2.992531561124343181e-02
5.070000000000000284e+00 3.014183685890287762e-02
5.080000000000000071e+00 3.034929280928651968e-02
5.089999999999999858e+00 3.054689194790117038e-02
5.100000000000000533e+00 3.073388577850423575e-02
5.110000000000000320e+00 3.090957136744633058e-02
5.120000000000000107e+00 3.107329372907705403e-02
5.129999999999999893e+00 3.122444804442837604e-02
5.139999999999999680e+00 3.136248170594014423e-02
5.150000000000000355e+00 3.148689618156231412e-02
5.160000000000000142e+00 3.159724869216198190e-02
5.169999999999999929e+00 3.169315369677384864e-02
5.179999999999999716e+00 3.177428418086562095e-02
5.190000000000000391e+00 3.184037274343171769e-02
5.200000000000000178e+00 3.189121247938959264e-02
5.209999999999999964e+00 3.192665765442272846e-02
5.219999999999999751e+00 3.194662417009238448e-02
5.230000000000000426e+00 3.195108981772774165e-02
5.240000000000000213e+00 3.194009432029480677e-02
5.250000000000000000e+00 3.191373916213641193e-02
5.259999999999999787e+00 3.187218720717210907e-02
5.270000000000000462e+00 3.181566210683613866e-02
5.280000000000000249e+00 3.174444749972064189e-02
5.290000000000000036e+00 3.165888600557285187e-02
5.299999999999999822e+00 3.155937801696649669e-02
5.310000000000000497e+00 3.144638029263134571e-02
5.320000000000000284e+00 3.132040435707331844e-02
5.330000000000000071e+00 3.118201471175084671e-02
5.339999999999999858e+00 3.103182686369304610e-02
5.350000000000000533e+00 3.087050517804095992e-02
5.360000000000000320e+00 3.069876056157196109e-02
5.370000000000000107e+00 3.051734798482202624e-02
5.379999999999999893e+00 3.032706385095026297e-02
5.389999999999999680e+00 3.012874321999424107e-02
5.400000000000000355e+00 2.992325689764068278e-02
5.410000000000000142e+00 2.971150839808305369e-02
5.419999999999999929e+00 2.949443079095155976e-02
5.429999999999999716e+00 2.927298344268781938e-02
5.440000000000000391e+00 2.904814866308319185e-02
5.450000000000000178e+00 2.882092826801745458e-02
5.459999999999999964e+00 2.859234006971367661e-02
5.469999999999999751e+00 2.836341430606851080e-02
5.480000000000000426e+00 2.813519002082370823e-02
5.490000000000000213e+00 2.790871140651258325e-02
5.500000000000000000e+00 2.768502412224409237e-02
5.509999999999999787e+00 2.746517159847996353e-02
5.520000000000000462e+00 2.725019134100948454e-02
5.530000000000000249e+00 2.704111124633986826e-02
5.540000000000000036e+00 2.683894594069284253e-02
5.549999999999999822e+00 2.664469315473067326e-02
5.560000000000000497e+00 2.645933014602914329e-02
5.570000000000000284e+00 2.628381018117089199e-02
5.580000000000000071e+00 2.611905908914727986e-02
5.589999999999999858e+00 2.596597189753882193e-02
5.600000000000000533e+00 2.582540956268328941e-02
5.610000000000000320e+00 2.569819580474754298e-02
5.620000000000000107e+00 2.558511405828918853e-02
5.629999999999999893e+00 2.548690454852902895e-02
5.639999999999999680e+00 2.540426150315902923e-02
5.650000000000000355e+00 2.533783050908025233e-02
5.660000000000000142e+00 2.528820602300591025e-02
5.669999999999999929e+00 2.525592904437479885e-02
5.679999999999999716e+00 2.524148495850547791e-02
5.690000000000000391e+00 2.524530155737723935e-02
5.700000000000000178e+00 2.526774724485847390e-02
5.709999999999999964e+00 2.530912943261423922e-02
5.719999999999999751e+00 2.536969313231427978e-02
5.730000000000000426e+00 2.544961974913615560e-02
5.740000000000000213e+00 2.554902608091286914e-02
5.750000000000000000e+00 2.566796352661516317e-02
5.759999999999999787e+00 2.580641750718862606e-02
5.770000000000000462e+00 2.596430710108259612e-02
5.780000000000000249e+00 2.614148489611924087e-02
5.790000000000000036e+00 2.633773705865605566e-02
5.799999999999999822e+00 2.655278362029460729e-02
5.810000000000000497e+00 2.678627898168953539e-02
5.820000000000000284e+00 2.703781263231128801e-02
5.830000000000000071e+00 2.730691008431978400e-02
5.839999999999999858e+00 2.759303401801528610e-02
5.850000000000000533e+00 2.789558563564911026e-02
5.860000000000000320e+00 2.821390621970244414e-02
5.870000000000000107e+00 2.854727889108085725e-02
5.879999999999999893e+00 2.889493056202230986e-02
5.889999999999999680e+00 2.925603407788629484e-02
5.900000000000000355e+00 2.962971054137695723e-02
5.910000000000000142e+00 3.001503181216007635e-02
5.919999999999999929e+00 3.041102317426140275e-02
5.929999999999999716e+00 3.081666616308665133e-02
5.940000000000000391e+00 3.123090154338120303e-02
5.950000000000000178e+00 3.165263242895176299e-02
5.959999999999999964e+00 3.208072753450807307e-02
5.969999999999999751e+00 3.251402454954425286e-02
5.980000000000000426e+00 3.295133362377818120e-02
5.990000000000000213e+00 3.339144095329499989e-02
6.000000000000000000e+00 3.383311245620419794e-02
6.009999999999999787e+00 3.427509752631954787e-02
6.020000000000000462e+00 3.471613285310550662e-02
6.030000000000000249e+00 3.515494629590579928e-02
6.040000000000000036e+00 3.559026080028234590e-02
6.049999999999999822e+00 3.602079834413815518e-02
6.060000000000000497e+00 3.644528390118947220e-02
6.070000000000000284e+00 3.686244940927749930e-02
6.080000000000000071e+00 3.727103773097839579e-02
6.089999999999999858e+00 3.766980659397702047e-02
6.100000000000000533e+00 3.805753249871712124e-02
6.110000000000000320e+00 3.843301458092628076e-02
6.120000000000000107e+00 3.879507841674242202e-02
6.129999999999999893e+00 3.914257975833029118e-02
6.140000000000000568e+00 3.947440818808375246e-02
6.150000000000000355e+00 3.978949067974909409e-02
6.160000000000000142e+00 4.008679505508402907e-02
6.169999999999999929e+00 4.036533332498319637e-02
6.179999999999999716e+00 4.062416490435010602e-02
6.190000000000000391e+00 4.086239969038166914e-02
6.200000000000000178e+00 4.107920099434812788e-02
6.209999999999999964e+00 4.127378831740253357e-02
6.219999999999999751e+00 4.144543996143165709e-02
6.230000000000000426e+00 4.159349546647096024e-02
6.240000000000000213e+00 4.171735786674142521e-02
6.250000000000000000e+00 4.181649575792719536e-02
6.259999999999999787e+00 4.189044516889910141e-02
6.270000000000000462e+00 4.193881123169600211e-02
6.280000000000000249e+00 4.196126964420233280e-02
6.290000000000000036e+00 4.195756792060726520e-02
6.299999999999999822e+00 4.192752642538957047e-02
6.310000000000000497e+00 4.187103918724964513e-02
6.320000000000000284e+00 4.178807449009612485e-02
6.330000000000000071e+00 4.167867523888967723e-02
6.339999999999999858e+00 4.154295909885315219e-02
6.350000000000000533e+00 4.138111840726352991e-02
6.360000000000000320e+00 4.119341985775416132e-02
6.370000000000000107e+00 4.098020395776886399e-02
6.379999999999999893e+00 4.074188426051869594e-02
6.390000000000000568e+00 4.047894637350123864e-02
6.400000000000000355e+00 4.019194674634225112e-02
6.410000000000000142e+00 3.988151124141110088e-02
6.419999999999999929e+00 3.954833349134670439e-02
6.429999999999999716e+00 3.919317304829673249e-02
6.440000000000000391e+00 3.881685333032987295e-02
6.450000000000000178e+00 3.842025937111780143e-02
6.459999999999999964e+00 3.800433537960306446e-02
6.469999999999999751e+00 3.757008211696648975e-02
6.480000000000000426e+00 3.711855409878395823e-02
6.490000000000000213e+00 3.665085663081301542e-02
6.500000000000000000e+00 3.616814268737275628e-02
6.509999999999999787e+00 3.567160964178048288e-02
6.520000000000000462e+00 3.516249585877134071e-02
6.530000000000000249e+00 3.464207715926632958e-02
6.540000000000000036e+00 3.411166316825586103e-02
6.549999999999999822e+00 3.357259355693625186e-02
6.560000000000000497e+00 3.302623419057178211e-02
6.570000000000000284e+00 3.247397319385377651e-02
6.580000000000000071e+00 3.191721694578872337e-02
6.589999999999999858e+00 3.135738601637497180e-02
6.600000000000000533e+00 3.079591105751021407e-02
6.610000000000000320e+00 3.023422866072036225e-02
6.620000000000000107e+00 2.967377719440747810e-02
6.629999999999999893e+00 2.911599263338183335e-02
6.640000000000000568e+00 2.856230439347045430e-02
6.650000000000000355e+00 2.801413118398235480e-02
6.660000000000000142e+00 2.747287689075559800e-02
6.669999999999999929e+00 2.693992650242236012e-02
6.679999999999999716e+00 2.641664209239140415e-02
6.690000000000000391e+00 2.590435886887836395e-02
6.700000000000000178e+00 2.540438130510267248e-02
6.709999999999999964e+00 2.491797936152129536e-02
6.719999999999999751e+00 2.444638481168412078e-02
6.730000000000000426e+00 2.399078768297307693e-02
6.740000000000000213e+00 2.355233282313024326e-02
6.750000000000000000e+00 2.313211660308671716e-02
6.759999999999999787e+00 2.273118376618204692e-02
6.770000000000000462e+00 2.235052443340476355e-02
6.780000000000000249e+00 2.199107127379967830e-02
6.790000000000000036e+00 2.165369684867169547e-02
6.799999999999999822e+00 2.133921113767367136e-02
6.810000000000000497e+00 2.104835925429822396e-02
6.820000000000000284e+00 2.078181935770261057e-02
6.830000000000000071e+00 2.054020076718158366e-02
6.839999999999999858e+00 2.032404228497295892e-02
6.850000000000000533e+00 2.013381073242808544e-02
6.860000000000000320e+00 1.996989970391470706e-02
6.870000000000000107e+00 1.983262854214003570e-02
6.879999999999999893e+00 1.972224153789070220e-02
6.890000000000000568e+00 1.963890735648644859e-02
6.900000000000000355e+00 1.958271869253721056e-02
6.910000000000000142e+00 1.955369215388079451e-02
6.919999999999999929e+00 1.955176837486503200e-02
6.929999999999999716e+00 1.957681235842257186e-02
6.940000000000000391e+00 1.962861404567401574e-02
6.950000000000000178e+00 1.970688911108675265e-02
6.959999999999999964e+00 1.981127998051511463e-02
6.969999999999999751e+00 1.994135706875311415e-02
6.980000000000000426e+00 2.009662023254975977e-02
6.990000000000000213e+00 2.027650043436704172e-02
7.000000000000000000e+00 2.048036161150595599e-02
7.009999999999999787e+00 2.070750274458984033e-02
7.020000000000000462e+00 2.095716011877572088e-02
7.030000000000000249e+00 2.122850977046761636e-02
7.040000000000000036e+00 2.152067011173329839e-02
7.049999999999999822e+00 2.183270472407523172e-02
7.060000000000000497e+00 2.216362531268629629e-02
7.070000000000000284e+00 2.251239481182559093e-02
7.080000000000000071e+00 2.287793063148580233e-02
7.089999999999999858e+00 2.325910803509100358e-02
7.100000000000000533e+00 2.365476363756294220e-02
7.110000000000000320e+00 2.406369901272722295e-02
7.120000000000000107e+00 2.448468439870059299e-02
7.129999999999999893e+00 2.491646248960280308e-02
7.140000000000000568e+00 2.535775230168007405e-02
7.150000000000000355e+00 2.580725310170548306e-02
7.160000000000000142e+00 2.626364838533913962e-02
7.169999999999999929e+00 2.672560989298825018e-02
7.179999999999999716e+00 2.719180165060273296e-02
7.190000000000000391e+00 2.766088402277835923e-02
7.200000000000000178e+00 2.813151776551452155e-02
7.209999999999999964e+00 2.860236806599108020e-02
7.219999999999999751e+00 2.907210855678188724e-02
7.230000000000000426e+00 2.953942529202061018e-02
7.240000000000000213e+00 3.000302067316804391e-02
7.250000000000000000e+00 3.046161731220380781e-02
7.259999999999999787e+00 3.091396182027827608e-02
7.270000000000000462e+00 3.135882851011002892e-02
7.280000000000000249e+00 3.179502300070054244e-02
7.290000000000000036e+00 3.222138571326239181e-02
7.299999999999999822e+00 3.263679524761187861e-02
7.310000000000000497e+00 3.304017162867162877e-02
7.320000000000000284e+00 3.343047941315075572e-02
7.330000000000000071e+00 3.380673064692561042e-02
7.339999999999999858e+00 3.416798766412947053e-02
7.350000000000000533e+00 3.451336571947211107e-02
7.360000000000000320e+00 3.484203544584885820e-02
7.370000000000000107e+00 3.515322512986506637e-02
7.379999999999999893e+00 3.544622279848570756e-02
7.390000000000000568e+00 3.572037811063112633e-02
7.400000000000000355e+00 3.597510404816554874e-02
7.410000000000000142e+00 3.620987840136923736e-02
7.419999999999999929e+00 3.642424504464557983e-02
7.429999999999999716e+00 3.661781499888620839e-02
7.440000000000000391e+00 3.679026727760011106e-02
7.450000000000000178e+00 3.694134951460480848e-02
7.459999999999999964e+00 3.707087837177677064e-02
7.469999999999999751e+00 3.717873972605834770e-02
7.480000000000000426e+00 3.726488863562524984e-02
7.490000000000000213e+00 3.732934908582132005e-02
7.500000000000000000e+00 3.737221351616852594e-02
7.509999999999999787e+00 3.739364213045819757e-02
7.520000000000000462e+00 3.739386199261764826e-02
7.530000000000000249e+00 3.737316591172749197e-02
7.540000000000000036e+00 3.733191112023462321e-02
7.549999999999999822e+00 3.727051775005994771e-02
7.560000000000000497e+00 3.718946711194165422e-02
7.570000000000000284e+00 3.708929978397636912e-02
7.580000000000000071e+00 3.697061351592271367e-02
7.589999999999999858e+00 3.683406095641501149e-02
7.600000000000000533e+00 3.668034721079103250e-02
7.610000000000000320e+00 3.651022723777101742e-02
7.620000000000000107e+00 3.632450309373215502e-02
7.629999999999999893e+00 3.612402103379865753e-02
7.640000000000000568e+00 3.590966847941678280e-02
7.650000000000000355e+00 3.568237086250010404e-02
7.660000000000000142e+00 3.544308835661251489e-02
7.669999999999999929e+00 3.519281250600921757e-02
7.679999999999999716e+00 3.493256276366802499e-02
7.690000000000000391e+00 3.466338294972336198e-02
7.700000000000000178e+00 3.438633764195765663e-02
7.709999999999999964e+00 3.410250851020848323e-02
7.719999999999999751e+00 3.381299060671656004e-02
7.730000000000000426e+00 3.351888862456697815e-02
7.740000000000000213e+00 3.322131313646457806e-02
7.750000000000000000e+00 3.292137682613239386e-02
7.759999999999999787e+00 3.262019072463319402e-02
7.770000000000000462e+00 3.231886046388218747e-02
7.780000000000000249e+00 3.201848255955031669e-02
7.790000000000000036e+00 3.172014073544870277e-02
7.799999999999999822e+00 3.142490230133653667e-02
7.810000000000000497e+00 3.113381459590948419e-02
7.820000000000000284e+00 3.084790150650196239e-02
7.830000000000000071e+00 3.056816007677412919e-02
7.839999999999999858e+00 3.029555721336082280e-02
7.850000000000000533e+00 3.003102650212442770e-02
7.860000000000000320e+00 2.977546514428925165e-02
7.870000000000000107e+00 2.952973102233558481e-02
7.879999999999999893e+00 2.929463990510037391e-02
7.890000000000000568e+00 2.907096280107131919e-02
7.900000000000000355e+00 2.885942346837111136e-02
7.910000000000000142e+00 2.866069608941084618e-02
7.919999999999999929e+00 2.847540311765157581e-02
7.930000000000000604e+00 2.830411330334426864e-02
7.940000000000000391e+00 2.814733990453217524e-02
7.950000000000000178e+00 2.800553908899117150e-02
7.959999999999999964e+00 2.787910853215717216e-02
7.969999999999999751e+00 2.776838621544829369e-02
7.980000000000000426e+00 2.767364942873281469e-02
7.990000000000000213e+00 2.759511398002659557e-02
8.000000000000000000e+00 2.753293361482485671e-02
8.009999999999999787e+00 2.748719964678988589e-02
8.019999999999999574e+00 2.745794080082406691e-02
8.029999999999999361e+00 2.744512326886395723e-02
8.040000000000000924e+00 2.744865097803971671e-02
8.050000000000000711e+00 2.746836607014532111e-02
8.060000000000000497e+00 2.750404959068120450e-02
8.070000000000000284e+00 2.755542238504517585e-02
8.080000000000000071e+00 2.762214619876828328e-02
8.089999999999999858e+00 2.770382497803483904e-02
8.099999999999999645e+00 2.780000636606207859e-02
8.109999999999999432e+00 2.791018339028735959e-02
8.120000000000000995e+00 2.803379633467731336e-02
8.130000000000000782e+00 2.817023479087985005e-02
8.140000000000000568e+00 2.831883988134865221e-02
8.150000000000000355e+00 2.847890664701159188e-02
8.160000000000000142e+00 2.864968659152039576e-02
8.169999999999999929e+00 2.883039037360011700e-02
8.179999999999999716e+00 2.902019063854288303e-02
8.189999999999999503e+00 2.921822497942557634e-02
8.199999999999999289e+00 2.942359901821669024e-02
8.210000000000000853e+00 2.963538959653550658e-02
8.220000000000000639e+00 2.985264806547667862e-02
8.230000000000000426e+00 3.007440366358118955e-02
8.240000000000000213e+00 3.029966697174730703e-02
8.250000000000000000e+00 3.052743343362546852e-02
8.259999999999999787e+00 3.075668692981598645e-02
8.269999999999999574e+00 3.098640339402098515e-02
8.279999999999999361e+00 3.121555445914986349e-02
8.290000000000000924e+00 3.144311112128807956e-02
8.300000000000000711e+00 3.166804740936537965e-02
8.310000000000000497e+00 3.188934404834566777e-02
8.320000000000000284e+00 3.210599210377303864e-02
8.330000000000000071e+00 3.231699659556181575e-02
8.339999999999999858e+00 3.252138006902173528e-02
8.349999999999999645e+00 3.271818611123185339e-02
8.359999999999999432e+00 3.290648280106162754e-02
8.370000000000000995e+00 3.308536608133565843e-02
8.380000000000000782e+00 3.325396304189724705e-02
8.390000000000000568e+00 3.341143510260199956e-02
8.400000000000000355e+00 3.355698108559471149e-02
8.410000000000000142e+00 3.368984016658137237e-02
8.419999999999999929e+00 3.380929469518594022e-02
8.429999999999999716e+00 3.391467287491371774e-02
8.439999999999999503e+00 3.400535129368057602e-02
8.449999999999999289e+00 3.408075729636066836e-02
8.460000000000000853e+00 3.414037119129977038e-02
8.470000000000000639e+00 3.418372828328820889e-02
8.480000000000000426e+00 3.421042072603602130e-02
8.490000000000000213e+00 3.422009918777848408e-02
8.500000000000000000e+00 3.421247432424591450e-02
8.509999999999999787e+00 3.418731805384326444e-02
8.519999999999999574e+00 3.414446463053600472e-02
8.529999999999999361e+00 3.408381151057818248e-02
8.540000000000000924e+00 3.400532000989810871e-02
8.550000000000000711e+00 3.390901574962162934e-02
8.560000000000000497e+00 3.379498888790657962e-02
8.570000000000000284e+00 3.366339413695136618e-02
8.580000000000000071e+00 3.351445056473160988e-02
8.589999999999999858e+00 3.334844118172597405e-02
8.599999999999999645e+00 3.316571231357739319e-02
8.609999999999999432e+00 3.296667276134351843e-02
8.620000000000000995e+00 3.275179275166698045e-02
8.630000000000000782e+00 3.252160267989118170e-02
8.640000000000000568e+00 3.227669164981075006e-02
8.650000000000000355e+00 3.201770581441312769e-02
8.660000000000000142e+00 3.174534652261849083e-02
8.669999999999999929e+00 3.146036827764973898e-02
8.679999999999999716e+00 3.116357651329166104e-02
8.689999999999999503e+00 3.085582519488145117e-02
8.700000000000001066e+00 3.053801425245956588e-02
8.710000000000000853e+00 3.021108685404971794e-02
8.720000000000000639e+00 2.987602652756979338e-02
8.730000000000000426e+00 2.953385414037377338e-02
8.740000000000000213e+00 2.918562474588895853e-02
8.750000000000000000e+00 2.883242430726408109e-02
8.759999999999999787e+00 2.847536630834026153e-02
8.769999999999999574e+00 2.811558826264629052e-02
8.779999999999999361e+00 2.775424813144918706e-02
8.790000000000000924e+00 2.739252066221055035e-02
8.800000000000000711e+00 2.703159365906001102e-02
8.810000000000000497e+00 2.667266419713805112e-02
8.820000000000000284e+00 2.631693479285664508e-02
8.830000000000000071e+00 2.596560954227863580e-02
8.839999999999999858e+00 2.561989023994588194e-02
8.849999999999999645e+00 2.528097249055498083e-02
8.859999999999999432e+00 2.495004182593150294e-02
8.870000000000000995e+00 2.462826983974308187e-02
8.880000000000000782e+00 2.431681035236353192e-02
8.890000000000000568e+00 2.401679561821233599e-02
8.900000000000000355e+00 2.372933258778132243e-02
8.910000000000000142e+00 2.345549923640376580e-02
8.919999999999999929e+00 2.319634097161916292e-02
8.929999999999999716e+00 2.295286713076319027e-02
8.939999999999999503e+00 2.272604758013038392e-02
8.950000000000001066e+00 2.251680942676086150e-02
8.960000000000000853e+00 2.232603385354991685e-02
8.970000000000000639e+00 2.215455308800859044e-02
8.980000000000000426e+00 2.200314751459200510e-02
8.990000000000000213e+00 2.187254294006568678e-02
9.000000000000000000e+00 2.176340802091520504e-02
9.009999999999999787e+00 2.167635186129345665e-02
9.019999999999999574e+00 2.161192178948036918e-02
9.029999999999999361e+00 2.157060132026523622e-02
9.040000000000000924e+00 2.155280831009214956e-02
9.050000000000000711e+00 2.155889331119950278e-02
9.060000000000000497e+00 2.158913813036905660e-02
9.070000000000000284e+00 2.164375459725828565e-02
9.080000000000000071e+00 2.172288354663075294e-02
9.089999999999999858e+00 2.182659401813556374e-02
9.099999999999999645e+00 2.195488267659582299e-02
9.109999999999999432e+00 2.210767345508284423e-02
9.120000000000000995e+00 2.228481742234367929e-02
9.130000000000000782e+00 2.248609287545188379e-02
9.140000000000000568e+00 2.271120565783671039e-02
9.150000000000000355e+00 2.295978970213766526e-02
9.160000000000000142e+00 2.323140779662524746e-02
9.169999999999999929e+00 2.352555257321727392e-02
9.179999999999999716e+00 2.384164771442802422e-02
9.189999999999999503e+00 2.417904937588780806e-02
9.200000000000001066e+00 2.453704782039684354e-02
9.210000000000000853e+00 2.491486925880008474e-02
9.220000000000000639e+00 2.531167789232151646e-02
9.230000000000000426e+00 2.572657815035418391e-02
9.240000000000000213e+00 2.615861711708120443e-02
9.250000000000000000e+00 2.660678713970918846e-02
9.259999999999999787e+00 2.707002861051008638e-02
9.269999999999999574e+00 2.754723291432385757e-02
9.279999999999999361e+00 2.803724553263832464e-02
9.290000000000000924e+00 2.853886929487248897e-02
9.300000000000000711e+00 2.905086776701068865e-02
9.310000000000000497e+00 2.957196876730392235e-02
9.320000000000000284e+00 3.010086799834276600e-02
9.330000000000000071e+00 3.063623278443243850e-02
9.339999999999999858e+00 3.117670590286742913e-02
9.349999999999999645e+00 3.172090949739090476e-02
9.359999999999999432e+00 3.226744906186823636e-02
9.370000000000000995e+00 3.281491748196435632e-02
9.380000000000000782e+00 3.336189912243388983e-02
9.390000000000000568e+00 3.390697394747522325e-02
9.400000000000000355e+00 3.444872166148755382e-02
9.410000000000000142e+00 3.498572585750366754e-02
9.419999999999999929e+00 3.551657816052868760e-02
9.429999999999999716e+00 3.603988235303450666e-02
9.439999999999999503e+00 3.655425846989493466e-02
9.450000000000001066e+00 3.705834685014732649e-02
9.460000000000000853e+00 3.755081213308125027e-02
9.470000000000000639e+00 3.803034718633216404e-02
9.480000000000000426e+00 3.849567695385790883e-02
9.490000000000000213e+00 3.894556221191829148e-02
9.500000000000000000e+00 3.937880322146685569e-02
9.509999999999999787e+00 3.979424326567004150e-02
9.519999999999999574e+00 4.019077206163498145e-02
9.529999999999999361e+00 4.056732903580129862e-02
9.540000000000000924e+00 4.092290645288644557e-02
9.550000000000000711e+00 4.125655238871382691e-02
9.560000000000000497e+00 4.156737353774613702e-02
9.570000000000000284e+00 4.185453784665352228e-02
9.580000000000000071e+00 4.211727696578255326e-02
9.589999999999999858e+00 4.235488851096606833e-02
9.599999999999999645e+00 4.256673812868942003e-02
9.609999999999999432e+00 4.275226135825382912e-02
9.620000000000000995e+00 4.291096528519280223e-02
9.630000000000000782e+00 4.304242998086103833e-02
9.640000000000000568e+00 4.314630972376785889e-02
9.650000000000000355e+00 4.322233399891106664e-02
9.660000000000000142e+00 4.327030827206065217e-02
9.669999999999999929e+00 4.329011453663089010e-02
9.679999999999999716e+00 4.328171163150099088e-02
9.689999999999999503e+00 4.324513532884148581e-02
9.700000000000001066e+00 4.318049819173344628e-02
9.710000000000000853e+00 4.308798920207014549e-02
9.720000000000000639e+00 4.296787315995431733e-02
9.730000000000000426e+00 4.282048985651221856e-02
9.740000000000000213e+00 4.264625302274383661e-02
9.750000000000000000e+00 4.244564905773630381e-02
9.759999999999999787e+00 4.221923554023821606e-02
9.769999999999999574e+00 4.196763952828037186e-02
9.779999999999999361e+00 4.169155565217085024e-02
9.790000000000000924e+00 4.139174400684808575e-02
9.800000000000000711e+00 4.106902785018402141e-02
9.810000000000000497e+00 4.072429111443936350e-02
9.820000000000000284e+00 4.035847573864992377e-02
9.830000000000000071e+00 3.997257883026961167e-02
9.839999999999999858e+00 3.956764966493528379e-02
9.849999999999999645e+00 3.914478653370345035e-02
9.859999999999999432e+00 3.870513344759307639e-02
9.870000000000000995e+00 3.824987670969304948e-02
9.880000000000000782e+00 3.778024136551298012e-02
9.890000000000000568e+00 3.729748754261573429e-02
9.900000000000000355e+00 3.680290669091619560e-02
9.910000000000000142e+00 3.629781773533139605e-02
9.919999999999999929e+00 3.578356315272519100e-02
9.929999999999999716e+00 3.526150498532908129e-02
9.939999999999999503e+00 3.473302080299643657e-02
9.950000000000001066e+00 3.419949962681023692e-02
9.960000000000000853e+00 3.366233782666267632e-02
9.970000000000000639e+00 3.312293500550309716e-02
9.980000000000000426e+00 3.258268988298064495e-02
9.990000000000000213e+00 3.204299619119166387e-02
1.000000000000000000e+01 3.150523859520296122e-02
