0.000000000000000000e+00 5.224021284143481206e-17
1.000000000000000021e-02 8.223414940472928771e-08
2.000000000000000042e-02 1.314963753326538426e-06
2.999999999999999889e-02 6.650416876583386862e-06
4.000000000000000083e-02 2.098946780259057111e-05
5.000000000000000278e-02 5.115243238458587298e-05
5.999999999999999778e-02 1.058382874827608350e-04
7.000000000000000666e-02 1.955724079628612779e-04
8.000000000000000167e-02 3.326429246585846898e-04
8.999999999999999667e-02 5.310258068031751232e-04
1.000000000000000056e-01 8.062987621770705861e-04
1.100000000000000006e-01 1.175544028775834951e-03
1.199999999999999956e-01 1.657240105524235329e-03
1.300000000000000044e-01 2.271142439935142435e-03
1.400000000000000133e-01 3.038153062210228756e-03
1.499999999999999944e-01 3.980179133599187624e-03
1.600000000000000033e-01 5.119980368056032370e-03
1.700000000000000122e-01 6.481005296922886204e-03
1.799999999999999933e-01 8.087216383131727235e-03
1.900000000000000022e-01 9.962904060466033079e-03
2.000000000000000111e-01 1.213248988017945514e-02
2.099999999999999922e-01 1.462031909587397510e-02
2.200000000000000011e-01 1.745044496270745094e-02
2.300000000000000100e-01 2.064639709684489358e-02
2.399999999999999911e-01 2.423095113399463540e-02
2.500000000000000000e-01 2.822588542096106379e-02
2.600000000000000089e-01 3.265173399580965224e-02
2.700000000000000178e-01 3.752753645649207354e-02
2.800000000000000266e-01 4.287058715090207028e-02
2.899999999999999800e-01 4.869618647079852064e-02
2.999999999999999889e-01 5.501739734828536843e-02
3.099999999999999978e-01 6.184481031327172806e-02
3.200000000000000067e-01 6.918632065070312587e-02
3.300000000000000155e-01 7.704692127449400130e-02
3.400000000000000244e-01 8.542851488933372872e-02
3.500000000000000333e-01 9.432974882268295447e-02
3.599999999999999867e-01 1.037458755619878742e-01
3.699999999999999956e-01 1.136686415162767583e-01
3.800000000000000044e-01 1.240862058332155710e-01
3.900000000000000133e-01 1.349830902463097226e-01
4.000000000000000222e-01 1.463401599145783827e-01
4.100000000000000311e-01 1.581346340699552044e-01
4.199999999999999845e-01 1.703401240361658298e-01
4.299999999999999933e-01 1.829266948659073466e-01
4.400000000000000022e-01 1.958609455078223760e-01
4.500000000000000111e-01 2.091061011149762949e-01
4.600000000000000200e-01 2.226221099018260152e-01
4.700000000000000289e-01 2.363657359106714761e-01
4.799999999999999822e-01 2.502906382276361974e-01
4.899999999999999911e-01 2.643474266601968381e-01
5.000000000000000000e-01 2.784836837218307437e-01
5.100000000000000089e-01 2.926439430338805270e-01
5.200000000000000178e-01 3.067696150209909822e-01
5.300000000000000266e-01 3.207988521181080466e-01
5.400000000000000355e-01 3.346663477026387556e-01
5.500000000000000444e-01 3.483030657011912945e-01
5.600000000000000533e-01 3.616359013927195054e-01
5.700000000000000622e-01 3.745872784473412431e-01
5.799999999999999600e-01 3.870746928234056194e-01
5.899999999999999689e-01 3.990102209252422427e-01
5.999999999999999778e-01 4.103000175344209133e-01
6.099999999999999867e-01 4.208438385932082304e-01
6.199999999999999956e-01 4.305346350362295182e-01
6.300000000000000044e-01 4.392582765732312433e-01
6.400000000000000133e-01 4.468934785624409378e-01
6.500000000000000222e-01 4.533120206702269117e-01
6.600000000000000311e-01 4.583793624623464513e-01
6.700000000000000400e-01 4.619557776928571169e-01
6.800000000000000488e-01 4.638981447366428701e-01
6.900000000000000577e-01 4.640625437408588683e-01
7.000000000000000666e-01 4.623078194221048043e-01
7.099999999999999645e-01 4.585002690336309472e-01
7.199999999999999734e-01 4.525196040073157788e-01
7.299999999999999822e-01 4.442663062529517148e-01
7.399999999999999911e-01 4.336704649795939948e-01
7.500000000000000000e-01 4.207020087558863142e-01
7.600000000000000089e-01 4.053823609402968375e-01
7.700000000000000178e-01 3.877970726952152947e-01
7.800000000000000266e-01 3.681090004242894564e-01
7.900000000000000355e-01 3.465712221427996731e-01
8.000000000000000444e-01 3.235385626212482491e-01
8.100000000000000533e-01 2.994762095204679397e-01
8.200000000000000622e-01 2.749634987647003315e-01
8.300000000000000711e-01 2.506905861468641250e-01
8.399999999999999689e-01 2.274454980951943206e-01
8.499999999999999778e-01 2.060891002591711541e-01
8.599999999999999867e-01 1.875160005296592769e-01
8.699999999999999956e-01 1.726004791134762850e-01
8.800000000000000044e-01 1.621283315601683150e-01
8.900000000000000133e-01 1.567180212279885021e-01
9.000000000000000222e-01 1.567375168052128620e-01
9.100000000000000311e-01 1.622265379595689561e-01
9.200000000000000400e-01 1.728356953798943496e-01
9.300000000000000488e-01 1.877956835813152092e-01
9.400000000000000577e-01 2.059276273502738952e-01
9.500000000000000666e-01 2.257017804061798860e-01
9.599999999999999645e-01 2.453453679628100348e-01
9.699999999999999734e-01 2.629930304964035459e-01
9.799999999999999822e-01 2.768668581348900370e-01
9.899999999999999911e-01 2.854690378843907084e-01
1.000000000000000000e+00 2.877691485394366366e-01
1.010000000000000009e+00 2.833688408169418027e-01
1.020000000000000018e+00 2.726263715880505312e-01
1.030000000000000027e+00 2.567199190417521204e-01
1.040000000000000036e+00 2.376223728737640872e-01
1.050000000000000044e+00 2.179565877637871241e-01
1.060000000000000053e+00 2.007077507424925855e-01
1.070000000000000062e+00 1.887963073407816217e-01
1.080000000000000071e+00 1.845600238122978576e-01
1.090000000000000080e+00 1.892453842888447979e-01
1.100000000000000089e+00 2.026397553105393212e-01
1.110000000000000098e+00 2.229668301881695958e-01
1.120000000000000107e+00 2.471084363486315549e-01
1.130000000000000115e+00 2.711252421140455393e-01
1.140000000000000124e+00 2.909643348013593589e-01
1.150000000000000133e+00 3.031992100906855669e-01
1.159999999999999920e+00 3.056588206670937113e-01
1.169999999999999929e+00 2.978463981984844633e-01
1.179999999999999938e+00 2.810907045333366217e-01
1.189999999999999947e+00 2.583934175586708459e-01
1.199999999999999956e+00 2.339519958982653747e-01
1.209999999999999964e+00 2.123829062719879146e-01
1.219999999999999973e+00 1.977617137382071122e-01
1.229999999999999982e+00 1.927014670844963140e-01
1.239999999999999991e+00 1.977388641406576664e-01
1.250000000000000000e+00 2.112327373366605920e-01
1.260000000000000009e+00 2.298111115456618059e-01
1.270000000000000018e+00 2.492120858638701142e-01
1.280000000000000027e+00 2.652498309409415111e-01
1.290000000000000036e+00 2.746491021887870754e-01
1.300000000000000044e+00 2.755971845485054583e-01
1.310000000000000053e+00 2.679792154004374538e-01
1.320000000000000062e+00 2.533265928732242322e-01
1.330000000000000071e+00 2.345147344817941626e-01
1.340000000000000080e+00 2.152408613784344005e-01
1.350000000000000089e+00 1.993383076283380684e-01
1.360000000000000098e+00 1.900415442913317432e-01
1.370000000000000107e+00 1.893642541158619130e-01
1.380000000000000115e+00 1.977458164795145301e-01
1.390000000000000124e+00 2.140483069359554735e-01
1.400000000000000133e+00 2.358784286521909412e-01
1.409999999999999920e+00 2.601177175321602864e-01
1.419999999999999929e+00 2.835073785446549088e-01
1.429999999999999938e+00 3.031532769258821203e-01
1.439999999999999947e+00 3.168732659405140151e-01
1.449999999999999956e+00 3.233667450478924787e-01
1.459999999999999964e+00 3.222283775210681989e-01
1.469999999999999973e+00 3.138467035400407390e-01
1.479999999999999982e+00 2.992306408932760009e-01
1.489999999999999991e+00 2.798014926575472239e-01
1.500000000000000000e+00 2.571811658285263480e-01
1.510000000000000009e+00 2.330007318144490247e-01
1.520000000000000018e+00 2.087467192651434322e-01
1.530000000000000027e+00 1.856550047781832524e-01
1.540000000000000036e+00 1.646542302869153374e-01
1.550000000000000044e+00 1.463538033522229775e-01
1.560000000000000053e+00 1.310660803435109711e-01
1.570000000000000062e+00 1.188508338381062401e-01
1.580000000000000071e+00 1.095698645210439470e-01
1.590000000000000080e+00 1.029420097685806168e-01
1.600000000000000089e+00 9.859174714609453272e-02
1.610000000000000098e+00 9.608761766921278258e-02
1.620000000000000107e+00 9.496923928402989379e-02
1.630000000000000115e+00 9.476354029052791450e-02
1.640000000000000124e+00 9.499207454896035907e-02
1.650000000000000133e+00 9.517195815610191012e-02
1.660000000000000142e+00 9.481350867138629845e-02
1.669999999999999929e+00 9.341795641972697184e-02
1.679999999999999938e+00 9.047901748148565182e-02
1.689999999999999947e+00 8.549248428168368386e-02
1.699999999999999956e+00 7.797822312231247888e-02
1.709999999999999964e+00 6.751869870693391618e-02
1.719999999999999973e+00 5.381685719172740745e-02
1.729999999999999982e+00 3.677325229648739646e-02
1.739999999999999991e+00 1.657717091725714048e-02
1.750000000000000000e+00 -6.200837661792144365e-03
1.760000000000000009e+00 -3.053610969016819568e-02
1.770000000000000018e+00 -5.492508699218559554e-02
1.780000000000000027e+00 -7.743943377883023838e-02
1.790000000000000036e+00 -9.588410251341591972e-02
1.800000000000000044e+00 -1.080692908444104844e-01
1.810000000000000053e+00 -1.121843979012581011e-01
1.820000000000000062e+00 -1.072378276808182429e-01
1.830000000000000071e+00 -9.349979635536342926e-02
1.840000000000000080e+00 -7.284752470392280577e-02
1.850000000000000089e+00 -4.885573233997260456e-02
1.860000000000000098e+00 -2.642465734699593963e-02
1.870000000000000107e+00 -1.077615599884119632e-02
1.880000000000000115e+00 -5.881506533871690666e-03
1.890000000000000124e+00 -1.280450554773474720e-02
1.900000000000000133e+00 -2.879368363677705864e-02
1.910000000000000142e+00 -4.783576882620965004e-02
1.919999999999999929e+00 -6.266756911013059150e-02
1.929999999999999938e+00 -6.743589956808207497e-02
1.939999999999999947e+00 -6.000146612074806762e-02
1.949999999999999956e+00 -4.325213919535296492e-02
1.959999999999999964e+00 -2.486524046262620496e-02
1.969999999999999973e+00 -1.465098920319917765e-02
1.979999999999999982e+00 -1.945904060539976541e-02
1.989999999999999991e+00 -3.828588122298358376e-02
2.000000000000000000e+00 -6.173415854054684071e-02
2.010000000000000231e+00 -7.712020565124524940e-02
2.020000000000000018e+00 -7.582692413378368246e-02
2.030000000000000249e+00 -5.842663711003490135e-02
2.040000000000000036e+00 -3.516477918149820553e-02
2.049999999999999822e+00 -2.057294574002872453e-02
2.060000000000000053e+00 -2.352747430813795920e-02
2.069999999999999840e+00 -4.006311613469984434e-02
2.080000000000000071e+00 -5.648626895729132180e-02
2.089999999999999858e+00 -6.008919324636776554e-02
2.100000000000000089e+00 -4.808891840963536168e-02
2.109999999999999876e+00 -2.986667948472707459e-02
2.120000000000000107e+00 -2.121867435290524656e-02
2.129999999999999893e+00 -3.152085825958217402e-02
2.140000000000000124e+00 -5.407743080358873300e-02
2.149999999999999911e+00 -7.128588296195983998e-02
2.160000000000000142e+00 -6.968202792631822406e-02
2.169999999999999929e+00 -5.053230883495908599e-02
2.180000000000000160e+00 -2.914430803087405056e-02
2.189999999999999947e+00 -2.275310509317483507e-02
2.200000000000000178e+00 -3.489687252258082129e-02
2.209999999999999964e+00 -5.252713101447623739e-02
2.220000000000000195e+00 -5.919965688310783319e-02
2.229999999999999982e+00 -4.910254875583866530e-02
2.240000000000000213e+00 -3.118050021086861759e-02
2.250000000000000000e+00 -2.243477102109677629e-02
2.260000000000000231e+00 -3.292558620329033570e-02
2.270000000000000018e+00 -5.532186687602830971e-02
2.280000000000000249e+00 -7.159272569294665434e-02
2.290000000000000036e+00 -6.900857067132909473e-02
2.300000000000000266e+00 -4.969542216377909744e-02
2.310000000000000053e+00 -2.859809968584398759e-02
2.319999999999999840e+00 -2.170371590053873229e-02
2.330000000000000071e+00 -3.260308336492894615e-02
2.339999999999999858e+00 -5.035769794042525838e-02
2.350000000000000089e+00 -6.017142077143095014e-02
2.359999999999999876e+00 -5.473186654543589491e-02
2.370000000000000107e+00 -3.815260442409021402e-02
2.379999999999999893e+00 -2.288280383890428649e-02
2.390000000000000124e+00 -2.119300747037439550e-02
2.399999999999999911e+00 -3.592821728963910277e-02
2.410000000000000142e+00 -5.846850264614204123e-02
2.419999999999999929e+00 -7.550255491751989290e-02
2.430000000000000160e+00 -7.772515970392046558e-02
2.439999999999999947e+00 -6.428351500963844223e-02
2.450000000000000178e+00 -4.224053562316615329e-02
2.459999999999999964e+00 -2.251374726975414672e-02
2.470000000000000195e+00 -1.411533309633712999e-02
2.479999999999999982e+00 -1.970465748639383188e-02
2.490000000000000213e+00 -3.512517233599449229e-02
2.500000000000000000e+00 -5.260583152643359683e-02
2.510000000000000231e+00 -6.483545971230222915e-02
2.520000000000000018e+00 -6.754996788110466388e-02
2.530000000000000249e+00 -6.019977226330899822e-02
2.540000000000000036e+00 -4.538013524425993372e-02
2.550000000000000266e+00 -2.764834846711619262e-02
2.560000000000000053e+00 -1.206263830509524300e-02
2.569999999999999840e+00 -2.778351744477612455e-03
2.580000000000000071e+00 -2.100517730461482629e-03
2.589999999999999858e+00 -1.023639509156675648e-02
2.600000000000000089e+00 -2.568238861177979393e-02
2.609999999999999876e+00 -4.595023787611943189e-02
2.620000000000000107e+00 -6.830735368505411187e-02
2.629999999999999893e+00 -9.032314067444253969e-02
2.640000000000000124e+00 -1.101603415452850343e-01
2.649999999999999911e+00 -1.266510146645110912e-01
2.660000000000000142e+00 -1.392341481305676698e-01
2.669999999999999929e+00 -1.478275056092177575e-01
2.680000000000000160e+00 -1.526850412997936834e-01
2.689999999999999947e+00 -1.542694525670689487e-01
2.700000000000000178e+00 -1.531529243412966534e-01
2.709999999999999964e+00 -1.499490956294211585e-01
2.720000000000000195e+00 -1.452732778361186528e-01
2.729999999999999982e+00 -1.397252872573397364e-01
2.740000000000000213e+00 -1.338882238137536485e-01
2.750000000000000000e+00 -1.283364244179808766e-01
2.760000000000000231e+00 -1.236460432494058265e-01
2.770000000000000018e+00 -1.204019278454810660e-01
2.780000000000000249e+00 -1.191945746378381688e-01
2.790000000000000036e+00 -1.206011062853389604e-01
2.800000000000000266e+00 -1.251447973441248418e-01
2.810000000000000053e+00 -1.332292908221778815e-01
2.819999999999999840e+00 -1.450470541355052267e-01
2.830000000000000071e+00 -1.604681000589862072e-01
2.839999999999999858e+00 -1.789241986939098250e-01
2.850000000000000089e+00 -1.993176552030941073e-01
2.859999999999999876e+00 -2.199975188108677093e-01
2.870000000000000107e+00 -2.388551775659376042e-01
2.879999999999999893e+00 -2.535838729276447268e-01
2.890000000000000124e+00 -2.621107341017158143e-01
2.899999999999999911e+00 -2.631415763674173625e-01
2.910000000000000142e+00 -2.566759476171410759e-01
2.919999999999999929e+00 -2.442958638997270449e-01
2.930000000000000160e+00 -2.290561465392732254e-01
2.939999999999999947e+00 -2.149189745579132282e-01
2.950000000000000178e+00 -2.058256776892844475e-01
2.959999999999999964e+00 -2.046012342903613945e-01
2.970000000000000195e+00 -2.119251984420013613e-01
2.979999999999999982e+00 -2.256625032373983375e-01
2.990000000000000213e+00 -2.409764136835752524e-01
3.000000000000000000e+00 -2.516370911884540096e-01
3.010000000000000231e+00 -2.524619221779076939e-01
3.020000000000000018e+00 -2.419252161592632122e-01
3.030000000000000249e+00 -2.234093279721800773e-01
3.040000000000000036e+00 -2.041202263681946572e-01
3.050000000000000266e+00 -1.920744291727422004e-01
3.060000000000000053e+00 -1.925643828027040205e-01
3.070000000000000284e+00 -2.055430003546802609e-01
3.080000000000000071e+00 -2.250928992116442151e-01
3.089999999999999858e+00 -2.418377188617357731e-01
3.100000000000000089e+00 -2.478296249889294645e-01
3.109999999999999876e+00 -2.411773570360140062e-01
3.120000000000000107e+00 -2.270662910395881140e-01
3.129999999999999893e+00 -2.144730550157682436e-01
3.140000000000000124e+00 -2.110432378092561012e-01
3.149999999999999911e+00 -2.189771124949214109e-01
3.160000000000000142e+00 -2.335178749601449777e-01
3.169999999999999929e+00 -2.451398943815608078e-01
3.180000000000000160e+00 -2.453059588834674287e-01
3.189999999999999947e+00 -2.324050585673502201e-01
3.200000000000000178e+00 -2.131311514719717859e-01
3.209999999999999964e+00 -1.982273119406416928e-01
3.220000000000000195e+00 -1.960343530630504760e-01
3.229999999999999982e+00 -2.077936080651536233e-01
3.240000000000000213e+00 -2.268343065962999117e-01
3.250000000000000000e+00 -2.423540951103131669e-01
3.260000000000000231e+00 -2.461351982503035274e-01
3.270000000000000018e+00 -2.376045539447564914e-01
3.280000000000000249e+00 -2.234735847880710280e-01
3.290000000000000036e+00 -2.129425205850067337e-01
3.300000000000000266e+00 -2.123852591605413787e-01
3.310000000000000053e+00 -2.221770916945077501e-01
3.320000000000000284e+00 -2.365134175992263943e-01
3.330000000000000071e+00 -2.465007563624387332e-01
3.339999999999999858e+00 -2.453710667895309949e-01
3.350000000000000089e+00 -2.325610448048203993e-01
3.359999999999999876e+00 -2.138323470692148898e-01
3.370000000000000107e+00 -1.978018369647314700e-01
3.379999999999999893e+00 -1.915746375877986352e-01
3.390000000000000124e+00 -1.977382967197538477e-01
3.399999999999999911e+00 -2.135410384710585141e-01
3.410000000000000142e+00 -2.323043839580468672e-01
3.419999999999999929e+00 -2.465256603152302661e-01
3.430000000000000160e+00 -2.512268446864270866e-01
3.439999999999999947e+00 -2.458015888983057229e-01
3.450000000000000178e+00 -2.336044620018193352e-01
3.459999999999999964e+00 -2.199814131220323432e-01
3.470000000000000195e+00 -2.100567014088773055e-01
3.479999999999999982e+00 -2.071634794128739410e-01
3.490000000000000213e+00 -2.121244911102081465e-01
3.500000000000000000e+00 -2.232798382507442114e-01
3.510000000000000231e+00 -2.371448738827138247e-01
3.520000000000000018e+00 -2.495272754200877907e-01
3.530000000000000249e+00 -2.567717778435719689e-01
3.540000000000000036e+00 -2.567176383402218209e-01
3.550000000000000266e+00 -2.490843938148749326e-01
3.560000000000000053e+00 -2.352677906810868025e-01
3.570000000000000284e+00 -2.177515061589272438e-01
3.580000000000000071e+00 -1.994115816201142422e-01
3.589999999999999858e+00 -1.829261488921002377e-01
3.600000000000000089e+00 -1.703877923928910632e-01
3.609999999999999876e+00 -1.631227199096275671e-01
3.620000000000000107e+00 -1.616734070164581039e-01
3.629999999999999893e+00 -1.658925158672883704e-01
3.640000000000000124e+00 -1.751008854314630714e-01
3.649999999999999911e+00 -1.882718781401955255e-01
3.660000000000000142e+00 -2.042123698957124533e-01
3.669999999999999929e+00 -2.217185575341237280e-01
3.680000000000000160e+00 -2.396933393804030199e-01
3.689999999999999947e+00 -2.572207078053496132e-01
3.700000000000000178e+00 -2.736002196810607412e-01
3.709999999999999964e+00 -2.883490370421866178e-01
3.720000000000000195e+00 -3.011818784359154288e-01
3.729999999999999982e+00 -3.119784292265713188e-01
3.740000000000000213e+00 -3.207462638201387106e-01
3.750000000000000000e+00 -3.275849600032708642e-01
3.760000000000000231e+00 -3.326548086986058639e-01
3.770000000000000018e+00 -3.361516696296963369e-01
3.780000000000000249e+00 -3.382882172966730217e-01
3.790000000000000036e+00 -3.392810128507590672e-01
3.800000000000000266e+00 -3.393425285596389784e-01
3.810000000000000053e+00 -3.386768978305473299e-01
3.820000000000000284e+00 -3.374785346988730672e-01
3.830000000000000071e+00 -3.359326184350635014e-01
3.839999999999999858e+00 -3.342166953306173194e-01
3.850000000000000089e+00 -3.325027639883607611e-01
3.859999999999999876e+00 -3.309593222977469384e-01
3.870000000000000107e+00 -3.297529403080202703e-01
3.879999999999999893e+00 -3.290489879611360191e-01
3.890000000000000124e+00 -3.290111994494190339e-01
3.899999999999999911e+00 -3.297998203745503010e-01
3.910000000000000142e+00 -3.315680848338966591e-01
3.919999999999999929e+00 -3.344570308646110379e-01
3.930000000000000160e+00 -3.385885804853425718e-01
3.939999999999999947e+00 -3.440571513536069270e-01
3.950000000000000178e+00 -3.509202257452507800e-01
3.959999999999999964e+00 -3.591885588798690021e-01
3.970000000000000195e+00 -3.688169481287707496e-01
3.979999999999999982e+00 -3.796966731891600055e-01
3.990000000000000213e+00 -3.916508029070822072e-01
4.000000000000000000e+00 -4.044334978342827291e-01
4.009999999999999787e+00 -4.177341861261176237e-01
4.020000000000000462e+00 -4.311870521771072329e-01
4.030000000000000249e+00 -4.443856916301992532e-01
4.040000000000000036e+00 -4.569021346285022656e-01
4.049999999999999822e+00 -4.683088344375561651e-01
4.060000000000000497e+00 -4.782017823131782253e-01
4.070000000000000284e+00 -4.862227407731753992e-01
4.080000000000000071e+00 -4.920787326775091786e-01
4.089999999999999858e+00 -4.955573571445929248e-01
4.099999999999999645e+00 -4.965371276072990669e-01
4.110000000000000320e+00 -4.949926945908866838e-01
4.120000000000000107e+00 -4.909953685708955962e-01
4.129999999999999893e+00 -4.847096755840714088e-01
4.139999999999999680e+00 -4.763867133068201420e-01
4.150000000000000355e+00 -4.663548707816841943e-01
4.160000000000000142e+00 -4.550081497062441471e-01
4.169999999999999929e+00 -4.427920354378881984e-01
4.179999999999999716e+00 -4.301867535563261291e-01
4.190000000000000391e+00 -4.176878932558704127e-01
4.200000000000000178e+00 -4.057847734857341071e-01
4.209999999999999964e+00 -3.949374760720900657e-01
4.219999999999999751e+00 -3.855540189651689431e-01
4.230000000000000426e+00 -3.779695283748273349e-01
4.240000000000000213e+00 -3.724293646016316184e-01
4.250000000000000000e+00 -3.690779092331000211e-01
4.259999999999999787e+00 -3.679541623805930861e-01
4.270000000000000462e+00 -3.689945319159610992e-01
4.280000000000000249e+00 -3.720423686948649000e-01
4.290000000000000036e+00 -3.768630631179230028e-01
4.299999999999999822e+00 -3.831629891849518410e-01
4.310000000000000497e+00 -3.906103295406656017e-01
4.320000000000000284e+00 -3.988558462935119509e-01
4.330000000000000071e+00 -4.075519332498928060e-01
4.339999999999999858e+00 -4.163687173259085217e-01
4.350000000000000533e+00 -4.250064794650901256e-01
4.360000000000000320e+00 -4.332041545106525282e-01
4.370000000000000107e+00 -4.407440817360843144e-01
4.379999999999999893e+00 -4.474534764140567500e-01
4.389999999999999680e+00 -4.532032674111511894e-01
4.400000000000000355e+00 -4.579050068261868445e-01
4.410000000000000142e+00 -4.615065290314896984e-01
4.419999999999999929e+00 -4.639869476798324510e-01
4.429999999999999716e+00 -4.653514591666217948e-01
4.440000000000000391e+00 -4.656262936453199330e-01
4.450000000000000178e+00 -4.648540370316041614e-01
4.459999999999999964e+00 -4.630894494478973167e-01
4.469999999999999751e+00 -4.603958311343475662e-01
4.480000000000000426e+00 -4.568419462939523612e-01
4.490000000000000213e+00 -4.524994140699045708e-01
4.500000000000000000e+00 -4.474406454247623621e-01
4.509999999999999787e+00 -4.417371323713526476e-01
4.520000000000000462e+00 -4.354581127581252931e-01
4.530000000000000249e+00 -4.286695435787383213e-01
4.540000000000000036e+00 -4.214333392617232166e-01
4.549999999999999822e+00 -4.138068366669910292e-01
4.560000000000000497e+00 -4.058424534448259458e-01
4.570000000000000284e+00 -3.975875104675280491e-01
4.580000000000000071e+00 -3.890841922810833187e-01
4.589999999999999858e+00 -3.803696221239462050e-01
4.600000000000000533e+00 -3.714760302323666386e-01
4.610000000000000320e+00 -3.624309960816592957e-01
4.620000000000000107e+00 -3.532577470345493187e-01
4.629999999999999893e+00 -3.439754976604421643e-01
4.639999999999999680e+00 -3.345998157845040399e-01
4.650000000000000355e+00 -3.251430031195168269e-01
4.660000000000000142e+00 -3.156144801019415969e-01
4.669999999999999929e+00 -3.060211662625161866e-01
4.679999999999999716e+00 -2.963678490766880613e-01
4.690000000000000391e+00 -2.866575357320172435e-01
4.700000000000000178e+00 -2.768917835977031672e-01
4.709999999999999964e+00 -2.670710063738468421e-01
4.719999999999999751e+00 -2.571947539319769938e-01
4.730000000000000426e+00 -2.472619647376094743e-01
4.740000000000000213e+00 -2.372711904795370419e-01
4.750000000000000000e+00 -2.272207931316678753e-01
4.759999999999999787e+00 -2.171091151560032295e-01
4.770000000000000462e+00 -2.069346239343893556e-01
4.780000000000000249e+00 -1.966960318062761504e-01
4.790000000000000036e+00 -1.863923933026942481e-01
4.799999999999999822e+00 -1.760231813145341218e-01
4.810000000000000497e+00 -1.655883440256068484e-01
4.820000000000000284e+00 -1.550883435653301889e-01
4.830000000000000071e+00 -1.445241826966680299e-01
4.839999999999999858e+00 -1.338974131187632421e-01
4.850000000000000533e+00 -1.232101343165473567e-01
4.860000000000000320e+00 -1.124649823334240573e-01
4.870000000000000107e+00 -1.016651097487394906e-01
4.879999999999999893e+00 -9.081415860715977284e-02
4.889999999999999680e+00 -7.991622764528272249e-02
4.900000000000000355e+00 -6.897583501397383521e-02
4.910000000000000142e+00 -5.799787754568670739e-02
4.919999999999999929e+00 -4.698758746499965416e-02
4.929999999999999716e+00 -3.595048729252260655e-02
4.940000000000000391e+00 -2.489234355097452028e-02
4.950000000000000178e+00 -1.381911975140747567e-02
4.959999999999999964e+00 -2.736929020493463621e-03
4.969999999999999751e+00 8.348013370444671080e-03
4.980000000000000426e+00 1.942943739505753609e-02
4.990000000000000213e+00 3.050106546055735002e-02
5.000000000000000000e+00 4.155665931315415118e-02
5.009999999999999787e+00 5.259006052595888159e-02
5.020000000000000462e+00 6.359517722829366448e-02
5.030000000000000249e+00 7.456594263752097662e-02
5.040000000000000036e+00 8.549631462608768551e-02
5.049999999999999822e+00 9.638027958865152955e-02
5.060000000000000497e+00 1.072118560983115060e-01
5.070000000000000284e+00 1.179850985268898200e-01
5.080000000000000071e+00 1.286941006381907837e-01
5.089999999999999858e+00 1.393329991511386146e-01
5.100000000000000533e+00 1.498959772707282034e-01
5.110000000000000320e+00 1.603772681847525639e-01
5.120000000000000107e+00 1.707711585243248953e-01
5.129999999999999893e+00 1.810719917862082529e-01
5.139999999999999680e+00 1.912741717150287513e-01
5.150000000000000355e+00 2.013721656434648843e-01
5.160000000000000142e+00 2.113605077885321315e-01
5.169999999999999929e+00 2.212338025021388932e-01
5.179999999999999716e+00 2.309867274740893262e-01
5.190000000000000391e+00 2.406140368857761780e-01
5.200000000000000178e+00 2.501105645128164356e-01
5.209999999999999964e+00 2.594712267749452739e-01
5.219999999999999751e+00 2.686910257314846229e-01
5.230000000000000426e+00 2.777650520207769480e-01
5.240000000000000213e+00 2.866884877419828559e-01
5.250000000000000000e+00 2.954566092777049513e-01
5.259999999999999787e+00 3.040647900559120265e-01
5.270000000000000462e+00 3.125085032497004756e-01
5.280000000000000249e+00 3.207833244134528083e-01
5.290000000000000036e+00 3.288849340540103139e-01
5.299999999999999822e+00 3.368091201354928010e-01
5.310000000000000497e+00 3.445517805164656222e-01
5.320000000000000284e+00 3.521089253181734491e-01
5.330000000000000071e+00 3.594766792226226637e-01
5.339999999999999858e+00 3.666512836993121582e-01
5.350000000000000533e+00 3.736290991594769517e-01
5.360000000000000320e+00 3.804066070367328467e-01
5.370000000000000107e+00 3.869804117930744081e-01
5.379999999999999893e+00 3.933472428491929795e-01
5.389999999999999680e+00 3.995039564381515085e-01
5.400000000000000355e+00 4.054475373814817041e-01
5.410000000000000142e+00 4.111751007868129637e-01
5.419999999999999929e+00 4.166838936661958481e-01
5.429999999999999716e+00 4.219712964743118078e-01
5.440000000000000391e+00 4.270348245658188713e-01
5.450000000000000178e+00 4.318721295711162034e-01
5.459999999999999964e+00 4.364810006898677264e-01
5.469999999999999751e+00 4.408593659016498689e-01
5.480000000000000426e+00 4.450052930931527317e-01
5.490000000000000213e+00 4.489169911013963787e-01
5.500000000000000000e+00 4.525928106724729227e-01
5.509999999999999787e+00 4.560312453353667084e-01
5.520000000000000462e+00 4.592309321904549657e-01
5.530000000000000249e+00 4.621906526123267800e-01
5.540000000000000036e+00 4.649093328666158986e-01
5.549999999999999822e+00 4.673860446405726510e-01
5.560000000000000497e+00 4.696200054871568219e-01
5.570000000000000284e+00 4.716105791824724003e-01
5.580000000000000071e+00 4.733572759964105314e-01
5.589999999999999858e+00 4.748597528764112452e-01
5.600000000000000533e+00 4.761178135443025483e-01
5.610000000000000320e+00 4.771314085062114962e-01
5.620000000000000107e+00 4.779006349755994254e-01
5.629999999999999893e+00 4.784257367095035018e-01
5.639999999999999680e+00 4.787071037581217547e-01
5.650000000000000355e+00 4.787452721279181755e-01
5.660000000000000142e+00 4.785409233584708710e-01
5.669999999999999929e+00 4.780948840133247835e-01
5.679999999999999716e+00 4.774081250851646141e-01
5.690000000000000391e+00 4.764817613156569487e-01
5.700000000000000178e+00 4.753170504303600996e-01
5.709999999999999964e+00 4.739153922891432558e-01
5.719999999999999751e+00 4.722783279525973876e-01
5.730000000000000426e+00 4.704075386649654855e-01
5.740000000000000213e+00 4.683048447541663384e-01
5.750000000000000000e+00 4.659722044495155924e-01
5.759999999999999787e+00 4.634117126178129986e-01
5.770000000000000462e+00 4.606255994184839109e-01
5.780000000000000249e+00 4.576162288785216026e-01
5.790000000000000036e+00 4.543860973880102794e-01
5.799999999999999822e+00 4.509378321170567361e-01
5.810000000000000497e+00 4.472741893549934122e-01
5.820000000000000284e+00 4.433980527727673371e-01
5.830000000000000071e+00 4.393124316094528248e-01
5.839999999999999858e+00 4.350204587838903958e-01
5.850000000000000533e+00 4.305253889324747174e-01
5.860000000000000320e+00 4.258305963741643718e-01
5.870000000000000107e+00 4.209395730038232308e-01
5.879999999999999893e+00 4.158559261150450714e-01
5.889999999999999680e+00 4.105833761536513693e-01
5.900000000000000355e+00 4.051257544030866242e-01
5.910000000000000142e+00 3.994870006029865306e-01
5.919999999999999929e+00 3.936711605022097382e-01
5.929999999999999716e+00 3.876823833476934489e-01
5.940000000000000391e+00 3.815249193104974790e-01
5.950000000000000178e+00 3.752031168504643688e-01
5.959999999999999964e+00 3.687214200209383286e-01
5.969999999999999751e+00 3.620843657150412676e-01
5.980000000000000426e+00 3.552965808550232474e-01
5.990000000000000213e+00 3.483627795262523863e-01
6.000000000000000000e+00 3.412877600574245607e-01
6.009999999999999787e+00 3.340764020486369779e-01
6.020000000000000462e+00 3.267336633489699715e-01
6.030000000000000249e+00 3.192645769852795468e-01
6.040000000000000036e+00 3.116742480439127494e-01
6.049999999999999822e+00 3.039678505071133907e-01
6.060000000000000497e+00 2.961506240458923744e-01
6.070000000000000284e+00 2.882278707711866672e-01
6.080000000000000071e+00 2.802049519451358939e-01
6.089999999999999858e+00 2.720872846543658241e-01
6.100000000000000533e+00 2.638803384471649083e-01
6.110000000000000320e+00 2.555896319364859837e-01
6.120000000000000107e+00 2.472207293707152642e-01
6.129999999999999893e+00 2.387792371741963571e-01
6.140000000000000568e+00 2.302708004594995750e-01
6.150000000000000355e+00 2.217010995134663931e-01
6.160000000000000142e+00 2.130758462590614799e-01
6.169999999999999929e+00 2.044007806951138040e-01
6.179999999999999716e+00 1.956816673160216014e-01
6.190000000000000391e+00 1.869242915135272409e-01
6.200000000000000178e+00 1.781344559626911739e-01
6.209999999999999964e+00 1.693179769941918211e-01
6.219999999999999751e+00 1.604806809551209967e-01
6.230000000000000426e+00 1.516284005604338070e-01
6.240000000000000213e+00 1.427669712372467148e-01
6.250000000000000000e+00 1.339022274641633037e-01
6.259999999999999787e+00 1.250399991078549322e-01
6.270000000000000462e+00 1.161861077590976843e-01
6.280000000000000249e+00 1.073463630705004390e-01
6.290000000000000036e+00 9.852655909814737878e-02
6.299999999999999822e+00 8.973247064940570450e-02
6.310000000000000497e+00 8.096984963913231304e-02
6.320000000000000284e+00 7.224442145653688085e-02
6.330000000000000071e+00 6.356188134493545583e-02
6.339999999999999858e+00 5.492789079666345747e-02
6.350000000000000533e+00 4.634807396538394297e-02
6.360000000000000320e+00 3.782801409804761178e-02
6.370000000000000107e+00 2.937324998873835219e-02
6.379999999999999893e+00 2.098927245665678509e-02
6.390000000000000568e+00 1.268152085046428054e-02
6.400000000000000355e+00 4.455379581221475226e-03
6.410000000000000142e+00 -3.683825313874796326e-03
6.419999999999999929e+00 -1.173082957473635390e-02
6.429999999999999716e+00 -1.968043408642657435e-02
6.440000000000000391e+00 -2.752750820982035468e-02
6.450000000000000178e+00 -3.526699307271209671e-02
6.459999999999999964e+00 -4.289390481923464893e-02
6.469999999999999751e+00 -5.040333781544740349e-02
6.480000000000000426e+00 -5.779046780899316227e-02
6.490000000000000213e+00 -6.505055504072947137e-02
6.500000000000000000e+00 -7.217894730627871791e-02
6.509999999999999787e+00 -7.917108296544322910e-02
6.520000000000000462e+00 -8.602249389748017894e-02
6.530000000000000249e+00 -9.272880840024266824e-02
6.540000000000000036e+00 -9.928575403123604537e-02
6.549999999999999822e+00 -1.056891603886511155e-01
6.560000000000000497e+00 -1.119349618304855548e-01
6.570000000000000284e+00 -1.180192001298856069e-01
6.580000000000000071e+00 -1.239380270648871851e-01
6.589999999999999858e+00 -1.296877069407554872e-01
6.600000000000000533e+00 -1.352646190431765760e-01
6.610000000000000320e+00 -1.406652600205809678e-01
6.620000000000000107e+00 -1.458862461939332000e-01
6.629999999999999893e+00 -1.509243157923455536e-01
6.640000000000000568e+00 -1.557763311129352068e-01
6.650000000000000355e+00 -1.604392806033766161e-01
6.660000000000000142e+00 -1.649102808656578711e-01
6.669999999999999929e+00 -1.691865785795823030e-01
6.679999999999999716e+00 -1.732655523446220980e-01
6.690000000000000391e+00 -1.771447144387681139e-01
6.700000000000000178e+00 -1.808217124930768804e-01
6.709999999999999964e+00 -1.842943310806698098e-01
6.719999999999999751e+00 -1.875604932189857410e-01
6.730000000000000426e+00 -1.906182617841514770e-01
6.740000000000000213e+00 -1.934658408363836013e-01
6.750000000000000000e+00 -1.961015768553993344e-01
6.759999999999999787e+00 -1.985239598848603237e-01
6.770000000000000462e+00 -2.007316245849473102e-01
6.780000000000000249e+00 -2.027233511922065523e-01
6.790000000000000036e+00 -2.044980663858869674e-01
6.799999999999999822e+00 -2.060548440600322995e-01
6.810000000000000497e+00 -2.073929060006653446e-01
6.820000000000000284e+00 -2.085116224674607999e-01
6.830000000000000071e+00 -2.094105126793667782e-01
6.839999999999999858e+00 -2.100892452036995373e-01
6.850000000000000533e+00 -2.105476382483014997e-01
6.860000000000000320e+00 -2.107856598564172845e-01
6.870000000000000107e+00 -2.108034280040102515e-01
6.879999999999999893e+00 -2.106012105993051442e-01
6.890000000000000568e+00 -2.101794253844131433e-01
6.900000000000000355e+00 -2.095386397389605304e-01
6.910000000000000142e+00 -2.086795703857090012e-01
6.919999999999999929e+00 -2.076030829982267734e-01
6.929999999999999716e+00 -2.063101917107328098e-01
6.940000000000000391e+00 -2.048020585303091945e-01
6.950000000000000178e+00 -2.030799926517413700e-01
6.959999999999999964e+00 -2.011454496753139753e-01
6.969999999999999751e+00 -1.990000307279626290e-01
6.980000000000000426e+00 -1.966454814882433455e-01
6.990000000000000213e+00 -1.940836911156548217e-01
7.000000000000000000e+00 -1.913166910849101454e-01
7.009999999999999787e+00 -1.883466539258308314e-01
7.020000000000000462e+00 -1.851758918695925737e-01
7.030000000000000249e+00 -1.818068554021278205e-01
7.040000000000000036e+00 -1.782421317255473703e-01
7.049999999999999822e+00 -1.744844431285189068e-01
7.060000000000000497e+00 -1.705366452665964538e-01
7.070000000000000284e+00 -1.664017253535655660e-01
7.080000000000000071e+00 -1.620828002649240540e-01
7.089999999999999858e+00 -1.575831145546961187e-01
7.100000000000000533e+00 -1.529060383868223738e-01
7.110000000000000320e+00 -1.480550653824432294e-01
7.120000000000000107e+00 -1.430338103844434328e-01
7.129999999999999893e+00 -1.378460071406948373e-01
7.140000000000000568e+00 -1.324955059074838792e-01
7.150000000000000355e+00 -1.269862709746759633e-01
7.160000000000000142e+00 -1.213223781142125507e-01
7.169999999999999929e+00 -1.155080119536112115e-01
7.179999999999999716e+00 -1.095474632761742062e-01
7.190000000000000391e+00 -1.034451262496728502e-01
7.200000000000000178e+00 -9.720549558532907974e-02
7.209999999999999964e+00 -9.083316362895325902e-02
7.219999999999999751e+00 -8.433281738616366097e-02
7.230000000000000426e+00 -7.770923548364419564e-02
7.240000000000000213e+00 -7.096728506845406681e-02
7.250000000000000000e+00 -6.411191864743505386e-02
7.259999999999999787e+00 -5.714817086882301167e-02
7.270000000000000462e+00 -5.008115524819110181e-02
7.280000000000000249e+00 -4.291606084090948681e-02
7.290000000000000036e+00 -3.565814886332535627e-02
7.299999999999999822e+00 -2.831274926492606883e-02
7.310000000000000497e+00 -2.088525725376134609e-02
7.320000000000000284e+00 -1.338112977744909844e-02
7.330000000000000071e+00 -5.805881962103656875e-03
7.339999999999999858e+00 1.834916488422265977e-03
7.350000000000000533e+00 9.535644930588064311e-03
7.360000000000000320e+00 1.729063545406784447e-02
7.370000000000000107e+00 2.509417658706329310e-02
7.379999999999999893e+00 3.294051703153513116e-02
7.390000000000000568e+00 4.082386942586899853e-02
7.400000000000000355e+00 4.873841413245258436e-02
7.410000000000000142e+00 5.667830304764506083e-02
7.419999999999999929e+00 6.463766343157981153e-02
7.429999999999999716e+00 7.261060175525439753e-02
7.440000000000000391e+00 8.059120756233716099e-02
7.450000000000000178e+00 8.857355734311023188e-02
7.459999999999999964e+00 9.655171841797874355e-02
7.469999999999999751e+00 1.045197528279444149e-01
7.480000000000000426e+00 1.124717212294658042e-01
7.490000000000000213e+00 1.204016867911068267e-01
7.500000000000000000e+00 1.283037190893958068e-01
7.509999999999999787e+00 1.361718980012956159e-01
7.520000000000000462e+00 1.440003175907153266e-01
7.530000000000000249e+00 1.517830899864818783e-01
7.540000000000000036e+00 1.595143492492174797e-01
7.549999999999999822e+00 1.671882552245557985e-01
7.560000000000000497e+00 1.747989973801654107e-01
7.570000000000000284e+00 1.823407986240463963e-01
7.580000000000000071e+00 1.898079191015991096e-01
7.589999999999999858e+00 1.971946599689599899e-01
7.600000000000000533e+00 2.044953671401411044e-01
7.610000000000000320e+00 2.117044350055135860e-01
7.620000000000000107e+00 2.188163101192205362e-01
7.629999999999999893e+00 2.258254948530979134e-01
7.640000000000000568e+00 2.327265510147408789e-01
7.650000000000000355e+00 2.395141034273591263e-01
7.660000000000000142e+00 2.461828434691109013e-01
7.669999999999999929e+00 2.527275325696175523e-01
7.679999999999999716e+00 2.591430056614139610e-01
7.690000000000000391e+00 2.654241745841102729e-01
7.700000000000000178e+00 2.715660314390799801e-01
7.709999999999999964e+00 2.775636518925356233e-01
7.719999999999999751e+00 2.834121984248729742e-01
7.730000000000000426e+00 2.891069235242246238e-01
7.740000000000000213e+00 2.946431728221919344e-01
7.750000000000000000e+00 3.000163881697756607e-01
7.759999999999999787e+00 3.052221106515613513e-01
7.770000000000000462e+00 3.102559835362671548e-01
7.780000000000000249e+00 3.151137551618022337e-01
7.790000000000000036e+00 3.197912817530423890e-01
7.799999999999999822e+00 3.242845301705580274e-01
7.810000000000000497e+00 3.285895805886014376e-01
7.820000000000000284e+00 3.327026291006918157e-01
7.830000000000000071e+00 3.366199902512039266e-01
7.839999999999999858e+00 3.403380994914009250e-01
7.850000000000000533e+00 3.438535155584223624e-01
7.860000000000000320e+00 3.471629227757773162e-01
7.870000000000000107e+00 3.502631332739588599e-01
7.879999999999999893e+00 3.531510891298406118e-01
7.890000000000000568e+00 3.558238644235801607e-01
7.900000000000000355e+00 3.582786672118048465e-01
7.910000000000000142e+00 3.605128414159169958e-01
7.919999999999999929e+00 3.625238686244067754e-01
7.930000000000000604e+00 3.643093698081263376e-01
7.940000000000000391e+00 3.658671069475284976e-01
7.950000000000000178e+00 3.671949845709401861e-01
7.959999999999999964e+00 3.682910512029929917e-01
7.969999999999999751e+00 3.691535007223951115e-01
7.980000000000000426e+00 3.697806736282885365e-01
7.990000000000000213e+00 3.701710582144949746e-01
8.000000000000000000e+00 3.703232916510099115e-01
8.009999999999999787e+00 3.702361609721696589e-01
8.019999999999999574e+00 3.699086039709734708e-01
8.029999999999999361e+00 3.693397099990943788e-01
8.040000000000000924e+00 3.685287206721961084e-01
8.050000000000000711e+00 3.674750304801973622e-01
8.060000000000000497e+00 3.661781873022139089e-01
8.070000000000000284e+00 3.646378928259632057e-01
8.080000000000000071e+00 3.628540028714524190e-01
8.089999999999999858e+00 3.608265276188693527e-01
8.099999999999999645e+00 3.585556317406086713e-01
8.109999999999999432e+00 3.560416344374723874e-01
8.120000000000000995e+00 3.532850093790914636e-01
8.130000000000000782e+00 3.502863845487226846e-01
8.140000000000000568e+00 3.470465419925866657e-01
8.150000000000000355e+00 3.435664174740020171e-01
8.160000000000000142e+00 3.398471000326196978e-01
8.169999999999999929e+00 3.358898314490953441e-01
8.179999999999999716e+00 3.316960056156349479e-01
8.189999999999999503e+00 3.272671678128538653e-01
8.199999999999999289e+00 3.226050138934937195e-01
8.210000000000000853e+00 3.177113893735458161e-01
8.220000000000000639e+00 3.125882884314337695e-01
8.230000000000000426e+00 3.072378528159059319e-01
8.240000000000000213e+00 3.016623706633868029e-01
8.250000000000000000e+00 2.958642752255669639e-01
8.259999999999999787e+00 2.898461435080470494e-01
8.269999999999999574e+00 2.836106948209379808e-01
8.279999999999999361e+00 2.771607892423239572e-01
8.290000000000000924e+00 2.704994259955846303e-01
8.300000000000000711e+00 2.636297417415889299e-01
8.310000000000000497e+00 2.565550087868248563e-01
8.320000000000000284e+00 2.492786332086029955e-01
8.330000000000000071e+00 2.418041528984657129e-01
8.339999999999999858e+00 2.341352355250312378e-01
8.349999999999999645e+00 2.262756764174969626e-01
8.359999999999999432e+00 2.182293963711115503e-01
8.370000000000000995e+00 2.100004393759243859e-01
8.380000000000000782e+00 2.015929702702092818e-01
8.390000000000000568e+00 1.930112723199374214e-01
8.400000000000000355e+00 1.842597447257798282e-01
8.410000000000000142e+00 1.753429000591100739e-01
8.419999999999999929e+00 1.662653616285242608e-01
8.429999999999999716e+00 1.570318607784509379e-01
8.439999999999999503e+00 1.476472341214276063e-01
8.449999999999999289e+00 1.381164207056851112e-01
8.460000000000000853e+00 1.284444591196841345e-01
8.470000000000000639e+00 1.186364845353170827e-01
8.480000000000000426e+00 1.086977256914642281e-01
8.490000000000000213e+00 9.863350181969191000e-02
8.500000000000000000e+00 8.844921951385455172e-02
8.509999999999999787e+00 7.815036954541076941e-02
8.519999999999999574e+00 6.774252362629967772e-02
8.529999999999999361e+00 5.723133112122961302e-02
8.540000000000000924e+00 4.662251571127646460e-02
8.550000000000000711e+00 3.592187201070748404e-02
8.560000000000000497e+00 2.513526213894302919e-02
8.570000000000000284e+00 1.426861224965370219e-02
8.580000000000000071e+00 3.327909018939406022e-03
8.589999999999999858e+00 -7.680803905389747485e-03
8.599999999999999645e+00 -1.875142949141980764e-02
8.609999999999999432e+00 -2.987782094558082829e-02
8.620000000000000995e+00 -4.105378536788608507e-02
8.630000000000000782e+00 -5.227308743787422579e-02
8.640000000000000568e+00 -6.352945312919607013e-02
8.650000000000000355e+00 -7.481657345070172327e-02
8.660000000000000142e+00 -8.612810821193907229e-02
8.669999999999999929e+00 -9.745768981092113592e-02
8.679999999999999716e+00 -1.087989270420208349e-01
8.689999999999999503e+00 -1.201454089218377819e-01
8.700000000000001066e+00 -1.314907085308771595e-01
8.710000000000000853e+00 -1.428283868688516589e-01
8.720000000000000639e+00 -1.541519967214563525e-01
8.730000000000000426e+00 -1.654550865363885181e-01
8.740000000000000213e+00 -1.767312043064425686e-01
8.750000000000000000e+00 -1.879739014574718925e-01
8.759999999999999787e+00 -1.991767367390099297e-01
8.769999999999999574e+00 -2.103332801153444120e-01
8.779999999999999361e+00 -2.214371166548295133e-01
8.790000000000000924e+00 -2.324818504152295351e-01
8.800000000000000711e+00 -2.434611083228624129e-01
8.810000000000000497e+00 -2.543685440433618994e-01
8.820000000000000284e+00 -2.651978418418079464e-01
8.830000000000000071e+00 -2.759427204300384240e-01
8.839999999999999858e+00 -2.865969367989310568e-01
8.849999999999999645e+00 -2.971542900334446236e-01
8.859999999999999432e+00 -3.076086251082320588e-01
8.870000000000000995e+00 -3.179538366616224687e-01
8.880000000000000782e+00 -3.281838727457871974e-01
8.890000000000000568e+00 -3.382927385509343354e-01
8.900000000000000355e+00 -3.482745001013218267e-01
8.910000000000000142e+00 -3.581232879209712561e-01
8.919999999999999929e+00 -3.678333006669068372e-01
8.929999999999999716e+00 -3.773988087278021819e-01
8.939999999999999503e+00 -3.868141577858950075e-01
8.950000000000001066e+00 -3.960737723400784005e-01
8.960000000000000853e+00 -4.051721591880508289e-01
8.970000000000000639e+00 -4.141039108654772094e-01
8.980000000000000426e+00 -4.228637090400710341e-01
8.990000000000000213e+00 -4.314463278585641270e-01
9.000000000000000000e+00 -4.398466372445476447e-01
9.009999999999999787e+00 -4.480596061451616041e-01
9.019999999999999574e+00 -4.560803057246696213e-01
9.029999999999999361e+00 -4.639039125029319477e-01
9.040000000000000924e+00 -4.715257114368667790e-01
9.050000000000000711e+00 -4.789410989429522258e-01
9.060000000000000497e+00 -4.861455858589107670e-01
9.070000000000000284e+00 -4.931348003426913040e-01
9.080000000000000071e+00 -4.999044907069116195e-01
9.089999999999999858e+00 -5.064505281869720044e-01
9.099999999999999645e+00 -5.127689096410348313e-01
9.109999999999999432e+00 -5.188557601801462305e-01
9.120000000000000995e+00 -5.247073357267590943e-01
9.130000000000000782e+00 -5.303200254999885788e-01
9.140000000000000568e+00 -5.356903544259501437e-01
9.150000000000000355e+00 -5.408149854715402771e-01
9.160000000000000142e+00 -5.456907219001126963e-01
9.169999999999999929e+00 -5.503145094474695131e-01
9.179999999999999716e+00 -5.546834384166956511e-01
9.189999999999999503e+00 -5.587947456903331611e-01
9.200000000000001066e+00 -5.626458166585008858e-01
9.210000000000000853e+00 -5.662341870615404948e-01
9.220000000000000639e+00 -5.695575447458682827e-01
9.230000000000000426e+00 -5.726137313317194444e-01
9.240000000000000213e+00 -5.754007437915169554e-01
9.250000000000000000e+00 -5.779167359376757851e-01
9.259999999999999787e+00 -5.801600198186430690e-01
9.269999999999999574e+00 -5.821290670220871100e-01
9.279999999999999361e+00 -5.838225098841283156e-01
9.290000000000000924e+00 -5.852391426036221977e-01
9.300000000000000711e+00 -5.863779222604879049e-01
9.310000000000000497e+00 -5.872379697371836738e-01
9.320000000000000284e+00 -5.878185705424519014e-01
9.330000000000000071e+00 -5.881191755364986173e-01
9.339999999999999858e+00 -5.881394015568750522e-01
9.349999999999999645e+00 -5.878790319443130130e-01
9.359999999999999432e+00 -5.873380169678962259e-01
9.370000000000000995e+00 -5.865164741489325984e-01
9.380000000000000782e+00 -5.854146884830209174e-01
9.390000000000000568e+00 -5.840331125597999495e-01
9.400000000000000355e+00 -5.823723665799651616e-01
9.410000000000000142e+00 -5.804332382691992365e-01
9.419999999999999929e+00 -5.782166826886814270e-01
9.429999999999999716e+00 -5.757238219419685832e-01
9.439999999999999503e+00 -5.729559447780236958e-01
9.450000000000001066e+00 -5.699145060903091364e-01
9.460000000000000853e+00 -5.666011263118575503e-01
9.470000000000000639e+00 -5.630175907063323937e-01
9.480000000000000426e+00 -5.591658485551647129e-01
9.490000000000000213e+00 -5.550480122408627537e-01
9.500000000000000000e+00 -5.506663562267338774e-01
9.509999999999999787e+00 -5.460233159332404940e-01
9.519999999999999574e+00 -5.411214865113577188e-01
9.529999999999999361e+00 -5.359636215132881354e-01
9.540000000000000924e+00 -5.305526314610320426e-01
9.550000000000000711e+00 -5.248915823133112335e-01
9.560000000000000497e+00 -5.189836938314473791e-01
9.570000000000000284e+00 -5.128323378448758074e-01
9.580000000000000071e+00 -5.064410364169836809e-01
9.589999999999999858e+00 -4.998134599121130672e-01
9.599999999999999645e+00 -4.929534249645458055e-01
9.609999999999999432e+00 -4.858648923504417794e-01
9.620000000000000995e+00 -4.785519647636867213e-01
9.630000000000000782e+00 -4.710188844967554411e-01
9.640000000000000568e+00 -4.632700310276766098e-01
9.650000000000000355e+00 -4.553099185143285044e-01
9.660000000000000142e+00 -4.471431931973233187e-01
9.669999999999999929e+00 -4.387746307127889933e-01
9.679999999999999716e+00 -4.302091333164758669e-01
9.689999999999999503e+00 -4.214517270206147304e-01
9.700000000000001066e+00 -4.125075586450810405e-01
9.710000000000000853e+00 -4.033818927844373681e-01
9.720000000000000639e+00 -3.940801086924987651e-01
9.730000000000000426e+00 -3.846076970861694866e-01
9.740000000000000213e+00 -3.749702568702891203e-01
9.750000000000000000e+00 -3.651734917853616258e-01
9.759999999999999787e+00 -3.552232069800391190e-01
9.769999999999999574e+00 -3.451253055103479794e-01
9.779999999999999361e+00 -3.348857847676484645e-01
9.790000000000000924e+00 -3.245107328374301492e-01
9.800000000000000711e+00 -3.140063247910648836e-01
9.810000000000000497e+00 -3.033788189126915280e-01
9.820000000000000284e+00 -2.926345528635173054e-01
9.830000000000000071e+00 -2.817799397857876365e-01
9.839999999999999858e+00 -2.708214643488108253e-01
9.849999999999999645e+00 -2.597656787394088118e-01
9.859999999999999432e+00 -2.486191985992712572e-01
9.870000000000000995e+00 -2.373886989116834878e-01
9.880000000000000782e+00 -2.260809098402063733e-01
9.890000000000000568e+00 -2.147026125218546300e-01
9.900000000000000355e+00 -2.032606348174473831e-01
9.910000000000000142e+00 -1.917618470217879456e-01
9.919999999999999929e+00 -1.802131575363795923e-01
9.929999999999999716e+00 -1.686215085074520004e-01
9.939999999999999503e+00 -1.569938714320653905e-01
9.950000000000001066e+00 -1.453372427351364016e-01
9.960000000000000853e+00 -1.336586393202390810e-01
9.970000000000000639e+00 -1.219650940970483655e-01
9.980000000000000426e+00 -1.102636514883854890e-01
9.990000000000000213e+00 -9.856136291977087016e-02
1.000000000000000000e+01 -8.686528229448044203e-02
