0.000000000000000000e+00 0.000000000000000000e+00
1.000009030627765395e-02 -1.287128224747844707e-22
2.000018061255530791e-02 -2.572866378823965008e-22
3.000027091883296360e-02 -3.856221555793203476e-22
4.000036122511061581e-02 -5.138859905465048561e-22
5.000045153138826803e-02 -6.422318661291040513e-22
6.000054183766592719e-02 -7.693527622427811416e-22
7.000063214394357247e-02 -8.950023777190490014e-22
8.000072245022123163e-02 -1.021550685866026055e-21
9.000081275649889079e-02 -1.149152676773680255e-21
