0.000000000000000000e+00 7.191581126016939780e-03
7.885452518303588676e-03 7.194247184311187808e-03
1.577090503660717735e-02 7.195120021756862098e-03
2.365635755491076603e-02 7.196574555229971228e-03
3.154181007321435470e-02 7.198612509449556392e-03
3.942726259151794338e-02 7.201231948431891829e-03
4.731271510982153206e-02 7.204437656997914573e-03
5.519816762812512073e-02 7.208229933403249683e-03
6.308362014642870941e-02 7.212609388016109728e-03
7.096907266473229114e-02 7.217580742665900481e-03
7.885452518303588676e-02 7.223140451402036699e-03
8.673997770133948237e-02 7.229302511132134831e-03
9.462543021964306411e-02 7.236056346165308482e-03
1.025108827379466597e-01 7.243412066174252130e-03
1.103963352562502415e-01 7.251368262972995166e-03
1.182817877745538371e-01 7.259950400125485086e-03
1.261672402928574188e-01 7.269120592687665881e-03
1.340526928111610006e-01 7.278933228702553875e-03
1.419381453294645823e-01 7.289350614717550296e-03
1.498235978477681640e-01 7.300401995360686867e-03
1.577090503660717735e-01 7.312081852589752927e-03
1.655945028843753553e-01 7.324400181688380494e-03
1.734799554026789647e-01 7.337368747810652306e-03
1.813654079209825465e-01 7.350978467669071204e-03
1.892508604392861282e-01 7.365251528309465362e-03
1.971363129575896822e-01 7.380187527931914189e-03
2.050217654758933195e-01 7.395792507733758674e-03
2.129072179941968734e-01 7.412079075305067107e-03
2.207926705125004829e-01 7.429054465531938559e-03
2.286781230308040924e-01 7.446726210656381094e-03
2.365635755491076742e-01 7.465104408312289545e-03
2.444490280674112559e-01 7.484198132012168624e-03
2.523344805857148376e-01 7.504020566182878493e-03
2.602199331040184194e-01 7.524573652808729494e-03
2.681053856223220011e-01 7.545878163369180817e-03
2.759908381406256384e-01 7.567934751245596232e-03
2.838762906589291646e-01 7.590770327466241779e-03
2.917617431772328018e-01 7.614387251144276621e-03
2.996471956955363281e-01 7.638800444788222156e-03
3.075326482138399653e-01 7.664024337121105521e-03
3.154181007321435470e-01 7.690073040137630593e-03
3.233035532504471288e-01 7.716961556250226048e-03
3.311890057687507105e-01 7.744706259275903337e-03
3.390744582870543478e-01 7.773321263162220017e-03
3.469599108053579295e-01 7.802826245811887891e-03
3.548453633236614557e-01 7.833238023812456527e-03
3.627308158419650930e-01 7.864575119264393885e-03
3.706162683602686747e-01 7.896856976215543139e-03
3.785017208785722564e-01 7.930103875755427356e-03
3.863871733968758937e-01 7.964336932307691796e-03
3.942726259151793644e-01 7.999578449765312044e-03
4.021580784334830572e-01 8.035850944392856215e-03
4.100435309517866389e-01 8.073179408477362817e-03
4.179289834700902206e-01 8.111588061503929858e-03
4.258144359883937469e-01 8.151106006701576770e-03
4.336998885066973841e-01 8.191755701882998120e-03
4.415853410250009659e-01 8.233569343444711516e-03
4.494707935433046031e-01 8.276576036060615330e-03
4.573562460616081848e-01 8.320807912960016123e-03
4.652416985799117666e-01 8.366297059854567453e-03
4.731271510982153483e-01 8.413078911741036017e-03
4.810126036165189300e-01 8.461188527819657468e-03
4.888980561348225118e-01 8.510664330786073262e-03
4.967835086531260935e-01 8.561545647134011575e-03
5.046689611714296753e-01 8.613874875415618998e-03
5.125544136897333125e-01 8.667694347690624648e-03
5.204398662080368387e-01 8.723050894851798118e-03
5.283253187263404760e-01 8.779991996580095368e-03
5.362107712446440022e-01 8.838568577749153846e-03
5.440962237629476395e-01 8.898833450037883785e-03
5.519816762812512767e-01 8.960842856406549956e-03
5.598671287995548029e-01 9.024655297931198292e-03
5.677525813178583292e-01 9.090332671780158857e-03
5.756380338361619664e-01 9.157940982132479341e-03
5.835234863544656037e-01 9.227548660718235679e-03
5.914089388727691299e-01 9.299228601533215260e-03
5.992943913910726561e-01 9.373057740285919981e-03
6.071798439093764044e-01 9.449117338561272700e-03
6.150652964276799306e-01 9.527493432100764617e-03
6.229507489459835679e-01 9.608277035745640959e-03
6.308362014642870941e-01 9.691566830180650335e-03
6.387216539825907313e-01 9.777460696001293028e-03
6.466071065008942576e-01 9.866071255453091535e-03
6.544925590191977838e-01 9.957513315836058129e-03
6.623780115375014210e-01 1.005191017768065735e-02
6.702634640558050583e-01 1.014939305891921460e-02
6.781489165741086955e-01 1.025010205834123167e-02
6.860343690924122217e-01 1.035418661577781028e-02
6.939198216107158590e-01 1.046180696802967262e-02
7.018052741290194962e-01 1.057313426240782082e-02
7.096907266473229114e-01 1.068835211046961949e-02
7.175761791656265487e-01 1.080765776240283187e-02
7.254616316839301859e-01 1.093126318710456978e-02
7.333470842022337122e-01 1.105939674253539860e-02
7.412325367205373494e-01 1.119230462173056474e-02
7.491179892388409867e-01 1.133025297933971595e-02
7.570034417571445129e-01 1.147352964023019492e-02
7.648888942754481501e-01 1.162244702616061463e-02
7.727743467937517874e-01 1.177734425202374598e-02
7.806597993120553136e-01 1.193859062177936824e-02
7.885452518303587288e-01 1.210658882796553613e-02
7.964307043486624771e-01 1.228177925879697825e-02
8.043161568669661143e-01 1.246464446019879962e-02
8.122016093852696406e-01 1.265571443877898557e-02
8.200870619035732778e-01 1.285557293137242277e-02
8.279725144218768040e-01 1.306486445801506059e-02
8.358579669401804413e-01 1.328430304380925735e-02
8.437434194584839675e-01 1.351468140391214913e-02
8.516288719767874937e-01 1.375688330976294893e-02
8.595143244950911310e-01 1.401189658193144859e-02
8.673997770133947682e-01 1.428082989777899187e-02
8.752852295316982945e-01 1.456493255826045614e-02
8.831706820500019317e-01 1.486561554094642523e-02
8.910561345683054579e-01 1.518448437241493552e-02
8.989415870866092062e-01 1.552336927789696452e-02
9.068270396049128435e-01 1.588437058877384053e-02
9.147124921232163697e-01 1.626990803592042248e-02
9.225979446415197849e-01 1.668278910633193279e-02
9.304833971598235332e-01 1.712628689236200125e-02
9.383688496781269484e-01 1.760425292203166361e-02
9.462543021964306966e-01 1.812123222867820932e-02
9.541397547147343339e-01 1.868265238949745610e-02
9.620252072330378601e-01 1.929503881238120097e-02
9.699106597513414973e-01 1.996631392294205901e-02
9.777961122696450236e-01 2.070619687188974753e-02
9.856815647879485498e-01 2.152674942353903498e-02
9.935670173062521870e-01 2.244313401122761606e-02
1.001452469824555713e+00 2.347468850119162342e-02
1.009337922342859351e+00 2.464648009718480373e-02
1.017223374861162988e+00 2.599161370344086480e-02
1.025108827379466625e+00 2.755475270074559183e-02
1.032994279897770262e+00 2.939768354482767687e-02
1.040879732416073677e+00 3.160835962675499072e-02
1.048765184934377093e+00 3.431661628863055813e-02
1.056650637452680952e+00 3.772231053819048718e-02
1.064536089970984589e+00 4.215014716948450174e-02
1.072421542489288004e+00 4.816531963009418327e-02
1.080306995007591642e+00 5.684703723633208194e-02
1.088192447525895279e+00 7.054530875335553175e-02
1.096077900044198916e+00 9.553297066820938543e-02
1.103963352562502553e+00 1.560572177520614112e-01
1.111848805080805969e+00 5.213664250709012515e-01
1.119734257599109606e+00 3.219875823092063216e-01
1.127619710117413243e+00 1.135875318601229367e-01
1.135505162635716658e+00 6.505686051709723416e-02
1.143390615154020518e+00 4.331530854952160559e-02
1.151276067672323933e+00 3.090036719423432804e-02
1.159161520190627570e+00 2.281354532405136318e-02
1.167046972708931207e+00 1.708424670945612664e-02
1.174932425227234845e+00 1.277961901255235053e-02
1.182817877745538260e+00 9.403267849863904820e-03
1.190703330263841897e+00 6.672482445118907424e-03
1.198588782782145312e+00 4.431237859657942250e-03
1.206474235300449172e+00 2.652242672449798069e-03
1.214359687818752809e+00 1.663980999410431165e-03
1.222245140337056224e+00 2.109533621540198890e-03
1.230130592855359861e+00 3.257380946908268633e-03
1.238016045373663498e+00 4.511465177195497084e-03
1.245901497891967136e+00 5.757921686480964134e-03
1.253786950410270551e+00 6.981610060196109455e-03
1.261672402928574188e+00 8.187861397271036651e-03
1.269557855446877825e+00 9.387206347506294943e-03
1.277443307965181463e+00 1.059166503609686866e-02
1.285328760483484878e+00 1.181384633214848864e-02
1.293214213001788515e+00 1.306689630785295118e-02
1.301099665520092152e+00 1.436475228245569918e-02
1.308985118038395568e+00 1.572256993722789820e-02
1.316870570556699427e+00 1.715726860876693599e-02
1.324756023075002842e+00 1.868823039151309637e-02
1.332641475593306701e+00 2.033820079984526366e-02
1.340526928111610117e+00 2.213447966655793936e-02
1.348412380629913532e+00 2.411053828097354385e-02
1.356297833148217391e+00 2.630827303021743280e-02
1.364183285666520806e+00 2.878123030587656159e-02
1.372068738184824443e+00 3.159934809959283331e-02
1.379954190703128081e+00 3.485613838585556457e-02
1.387839643221431718e+00 3.867994157819810291e-02
1.395725095739735133e+00 4.325214114461389814e-02
1.403610548258038992e+00 4.883839956288796996e-02
1.411496000776342408e+00 5.584421859438296748e-02
1.419381453294645823e+00 6.492173248066659963e-02
1.427266905812949682e+00 7.719150090354444382e-02
1.435152358331253097e+00 9.475623410127964608e-02
1.443037810849556957e+00 1.220803915834945547e-01
1.450923263367860372e+00 1.706039570196144495e-01
1.458808715886164009e+00 2.811079428801271929e-01
1.466694168404467424e+00 7.859580522236171429e-01
1.474579620922771284e+00 1.000000000000000000e+00
1.482465073441074699e+00 3.061521324305231384e-01
1.490350525959378114e+00 1.807033941089487283e-01
1.498235978477681973e+00 1.280276843238751516e-01
1.506121430995985389e+00 9.894735733976253722e-02
1.514006883514289026e+00 8.043740620008002495e-02
1.521892336032592441e+00 6.755813590621732867e-02
1.529777788550896300e+00 5.802058888117553326e-02
1.537663241069199938e+00 5.061454744919920840e-02
1.545548693587503575e+00 4.463474190802596553e-02
1.553434146105806990e+00 3.963543247832330974e-02
1.561319598624110627e+00 3.531144515180001386e-02
1.569205051142414042e+00 3.143263644349543473e-02
1.577090503660717458e+00 2.780017220606408046e-02
1.584975956179021317e+00 2.420561740892183608e-02
1.592861408697324954e+00 2.037041984249519239e-02
1.600746861215628813e+00 1.581205840789796924e-02
1.608632313733932229e+00 9.440100758725349789e-03
1.616517766252235644e+00 2.468544843418081069e-03
1.624403218770539281e+00 4.154820981522580614e-02
1.632288671288842696e+00 2.178995644007933052e-01
1.640174123807146556e+00 6.190576719538644357e-02
1.648059576325450193e+00 4.347773125440273362e-02
1.655945028843753608e+00 3.586795769811747941e-02
1.663830481362057023e+00 3.149375627283816648e-02
1.671715933880360883e+00 2.853932734683450878e-02
1.679601386398664520e+00 2.634624713811747204e-02
1.687486838916967935e+00 2.461635289771844926e-02
1.695372291435271794e+00 2.319394148176227508e-02
1.703257743953574987e+00 2.198910392332062425e-02
1.711143196471878847e+00 2.094586788349689713e-02
1.719028648990182262e+00 2.002727459595925186e-02
1.726914101508486121e+00 1.920775773163860625e-02
1.734799554026789536e+00 1.846892774457964057e-02
1.742685006545093174e+00 1.779712785272495254e-02
1.750570459063396589e+00 1.718194213039792376e-02
1.758455911581700226e+00 1.661524255300863076e-02
1.766341364100003863e+00 1.609055210702501834e-02
1.774226816618307501e+00 1.560262935629159152e-02
1.782112269136610916e+00 1.514716572727387543e-02
1.789997721654914553e+00 1.472057393103829229e-02
1.797883174173218412e+00 1.431983277031260646e-02
1.805768626691521828e+00 1.394237207981072549e-02
1.813654079209825687e+00 1.358598568843204582e-02
1.821539531728129102e+00 1.324876467032022262e-02
1.829424984246432739e+00 1.292904523455989246e-02
1.837310436764736155e+00 1.262536803462898337e-02
1.845195889283039570e+00 1.233644524961841418e-02
1.853081341801343429e+00 1.206113451809314070e-02
1.860966794319647066e+00 1.179841751454888468e-02
1.868852246837950482e+00 1.154738233174688530e-02
1.876737699356253897e+00 1.130720904492024323e-02
1.884623151874557534e+00 1.107715753546522838e-02
1.892508604392861393e+00 1.085655725686188698e-02
1.900394056911164808e+00 1.064479983508599160e-02
1.908279509429468668e+00 1.044132777199405573e-02
1.916164961947771861e+00 1.024563392029479401e-02
1.924050414466075720e+00 1.005725173192746451e-02
1.931935866984379135e+00 9.875751935520198088e-03
1.939821319502682995e+00 9.700738296639303815e-03
1.947706772020986632e+00 9.531843583603167441e-03
1.955592224539290047e+00 9.368726340622239579e-03
1.963477677057593462e+00 9.211067431831487101e-03
1.971363129575897100e+00 9.058566814284216978e-03
1.979248582094200959e+00 8.910940059811911507e-03
1.987134034612504374e+00 8.767914378979011283e-03
1.995019487130808233e+00 8.629223438582018027e-03
2.002904939649111427e+00 8.494600086019018018e-03
2.010790392167415064e+00 8.363764542307758690e-03
2.018675844685718701e+00 8.236403481347619529e-03
2.026561297204022338e+00 8.112128287668740959e-03
2.034446749722325976e+00 7.990381167786081429e-03
2.042332202240629613e+00 7.870188997523668017e-03
2.050217654758933250e+00 7.749360372484448076e-03
2.058103107277236443e+00 7.620741395839862944e-03
2.065988559795540525e+00 7.432893343180839094e-03
2.073874012313843718e+00 7.688680999769170049e-03
2.081759464832147355e+00 7.421500592810634060e-03
2.089644917350450992e+00 7.295110958590078458e-03
2.097530369868754185e+00 7.181755371511584253e-03
2.105415822387058267e+00 7.028893598948548344e-03
2.113301274905361904e+00 7.047693581369251191e-03
2.121186727423665541e+00 6.934051107688192668e-03
2.129072179941969178e+00 6.840866687477086677e-03
2.136957632460272372e+00 6.753358082342303219e-03
2.144843084978576009e+00 6.669277877212139230e-03
2.152728537496880090e+00 6.587875507432840519e-03
2.160613990015183283e+00 6.508791776260176680e-03
2.168499442533486921e+00 6.431812733542165671e-03
2.176384895051790558e+00 6.356791193968230023e-03
2.184270347570093751e+00 6.283615534851544338e-03
2.192155800088397832e+00 6.212195445393906001e-03
2.200041252606701470e+00 6.142454583078464300e-03
2.207926705125005107e+00 6.074326740401604294e-03
2.215812157643308300e+00 6.007755478600973129e-03
2.223697610161611937e+00 5.942567721937937544e-03
2.231583062679915574e+00 5.879030831166232561e-03
2.239468515198219212e+00 5.816812598741142801e-03
2.247353967716522849e+00 5.755954632231891598e-03
2.255239420234826486e+00 5.696418263898715348e-03
2.263124872753130123e+00 5.638161888590205797e-03
2.271010325271433317e+00 5.581134571293104585e-03
2.278895777789737398e+00 5.525253292897804903e-03
2.286781230308041035e+00 5.470316536750458557e-03
2.294666682826344228e+00 5.415484640340942520e-03
2.302552135344647866e+00 5.346270762664773538e-03
2.310437587862951503e+00 5.325860166720703184e-03
2.318323040381255140e+00 5.273173037558909898e-03
2.326208492899558777e+00 5.225463792037724105e-03
2.334093945417862415e+00 5.180780079490090138e-03
2.341979397936166052e+00 5.139825841045829978e-03
2.349864850454469689e+00 5.105126221097180256e-03
2.357750302972772882e+00 5.084939296441060193e-03
2.365635755491076520e+00 5.125320126481093010e-03
2.373521208009380157e+00 3.733394662248889096e-03
2.381406660527683794e+00 4.748824234054342328e-03
2.389292113045987431e+00 4.766454057724630461e-03
2.397177565564290624e+00 4.747296234001038839e-03
2.405063018082594706e+00 4.721655680294510778e-03
2.412948470600898343e+00 4.335313826827358677e-03
2.420833923119201980e+00 4.641483372546178002e-03
2.428719375637505618e+00 4.476858252838607048e-03
2.436604828155808811e+00 4.556470492957718881e-03
2.444490280674112448e+00 4.524844862438701272e-03
2.452375733192416085e+00 4.490679621141721416e-03
2.460261185710719722e+00 4.456104445294979503e-03
2.468146638229023360e+00 4.421645799745522500e-03
2.476032090747326997e+00 4.387520874908376438e-03
2.483917543265630634e+00 4.353850602275376527e-03
2.491802995783934271e+00 4.320719939720381146e-03
2.499688448302237909e+00 4.288205930999329507e-03
2.507573900820541102e+00 4.256395269007657786e-03
2.515459353338844739e+00 4.225404303620769464e-03
2.523344805857148376e+00 4.195409950419377518e-03
2.531230258375452014e+00 4.166710416015827374e-03
2.539115710893755651e+00 4.139862047283920932e-03
2.547001163412059288e+00 4.116041941608421413e-03
2.554886615930362925e+00 4.098258203108994489e-03
2.562772068448666563e+00 4.097126045509489820e-03
2.570657520966969756e+00 4.195637311236500439e-03
2.578542973485273393e+00 3.688104106097698110e-03
2.586428426003577030e+00 3.850728901697461366e-03
2.594313878521880667e+00 3.856520445351807515e-03
2.602199331040184305e+00 3.842660682233092848e-03
2.610084783558487942e+00 3.822726994697345573e-03
2.617970236076791135e+00 3.800286067647668225e-03
2.625855688595094772e+00 3.776680860116652955e-03
2.633741141113398854e+00 3.752527869106546572e-03
2.641626593631702491e+00 3.728149017963288455e-03
2.649512046150005684e+00 3.703729139265242356e-03
2.657397498668308877e+00 3.679384217137237397e-03
2.665282951186613403e+00 3.655198587806658076e-03
2.673168403704916596e+00 3.631261964006088708e-03
2.681053856223220233e+00 3.607815844785628064e-03
2.688939308741523870e+00 3.595286109891647919e-03
2.696824761259827063e+00 3.558691391769769081e-03
2.704710213778131145e+00 3.536070349345291942e-03
2.712595666296434782e+00 3.513305363127237034e-03
2.720481118814737975e+00 3.490698163354294913e-03
2.728366571333041612e+00 3.468304501365398161e-03
2.736252023851345694e+00 3.446139179623582474e-03
2.744137476369648887e+00 3.424202913350817609e-03
2.752022928887952524e+00 3.402484123367236889e-03
2.759908381406256161e+00 3.380945390939746071e-03
2.767793833924559355e+00 3.359436936231308124e-03
2.775679286442863436e+00 3.336149044700315123e-03
2.783564738961166629e+00 3.320540988647634108e-03
2.791450191479470266e+00 3.299019625993152970e-03
2.799335643997773904e+00 3.278569150817443878e-03
2.807221096516077985e+00 3.258499565243225694e-03
2.815106549034381178e+00 3.238712955258623866e-03
2.822992001552684815e+00 3.219178143978535748e-03
2.830877454070988009e+00 3.199881118959006180e-03
2.838762906589291646e+00 3.180813659479175479e-03
2.846648359107595727e+00 3.161969455208836922e-03
2.854533811625899364e+00 3.143343976116794430e-03
2.862419264144202558e+00 3.124932992668949180e-03
2.870304716662506195e+00 3.106733166676743565e-03
2.878190169180810276e+00 3.088740599463863073e-03
2.886075621699113913e+00 3.070953875719253153e-03
2.893961074217417107e+00 3.053372034321792314e-03
2.901846526735720744e+00 3.036005664504297548e-03
2.909731979254024381e+00 3.019555654698182108e-03
2.917617431772328018e+00 3.001667160333561062e-03
2.925502884290631656e+00 2.984881508073276152e-03
2.933388336808934849e+00 2.968256772783786895e-03
2.941273789327238486e+00 2.951809178811457077e-03
2.949159241845542567e+00 2.935539795540884501e-03
2.957044694363845760e+00 2.919447552409715988e-03
2.964930146882149398e+00 2.903530950374437220e-03
2.972815599400453035e+00 2.887788669013147905e-03
2.980701051918756228e+00 2.872219901154365613e-03
2.988586504437060309e+00 2.856824930909324014e-03
2.996471956955363947e+00 2.841605935474960602e-03
3.004357409473667140e+00 2.826569609660337535e-03
3.012242861991970777e+00 2.811733485906094728e-03
3.020128314510274858e+00 2.797150643398093033e-03
3.028013767028578052e+00 2.783054755305726467e-03
3.035899219546881689e+00 2.774163943418942423e-03
3.043784672065184882e+00 2.751341360507194439e-03
3.051670124583488519e+00 2.738207652462660169e-03
3.059555577101792601e+00 2.724571593910213394e-03
3.067441029620096238e+00 2.711174691411718466e-03
3.075326482138399875e+00 2.705132165730597064e-03
3.083211934656703068e+00 2.682103751979485976e-03
3.091097387175007150e+00 2.669165314983977955e-03
3.098982839693310787e+00 2.655990331731322533e-03
3.106868292211613980e+00 2.642858401906898486e-03
3.114753744729917617e+00 2.629820306571503154e-03
3.122639197248221254e+00 2.616891762563594397e-03
3.130524649766525336e+00 2.604078460932527511e-03
3.138410102284828085e+00 2.591382045309240881e-03
3.146295554803131722e+00 2.578811700820980539e-03
3.154181007321434915e+00 2.566347225547336956e-03
3.162066459839739441e+00 2.554003742872338733e-03
3.169951912358042634e+00 2.541776346766027716e-03
3.177837364876346271e+00 2.529663624759339018e-03
3.185722817394649908e+00 2.517662730866807985e-03
3.193608269912953102e+00 2.505777350784438653e-03
3.201493722431257627e+00 2.494000632105016022e-03
3.209379174949560820e+00 2.482333230832284472e-03
3.217264627467864457e+00 2.470773856830447632e-03
3.225150079986168095e+00 2.459320778290508512e-03
3.233035532504471288e+00 2.447972868166722622e-03
3.240920985022774925e+00 2.436728737028214919e-03
3.248806437541078562e+00 2.425586996242732381e-03
3.256691890059382199e+00 2.414546332783606714e-03
3.264577342577685393e+00 2.403605392216600842e-03
3.272462795095989474e+00 2.392762884832147323e-03
3.280348247614293111e+00 2.382017526898473365e-03
3.288233700132596748e+00 2.371368019383634888e-03
3.296119152650900386e+00 2.360813103362929127e-03
3.304004605169203579e+00 2.350351516815159768e-03
3.311890057687507216e+00 2.339981995049464792e-03
3.319775510205810853e+00 2.329703280642927109e-03
3.327660962724114047e+00 2.319514111500308503e-03
3.335546415242417684e+00 2.309413152039634966e-03
3.343431867760721765e+00 2.299399037986084044e-03
3.351317320279025402e+00 2.289470169185386234e-03
3.359202772797329040e+00 2.279624691153696401e-03
3.367088225315632233e+00 2.269859841079999857e-03
3.374973677833935870e+00 2.260170725058241025e-03
3.382859130352239951e+00 2.250543616008653190e-03
3.390744582870543589e+00 2.240906193710603088e-03
3.398630035388847226e+00 2.233032519414829969e-03
3.406515487907149975e+00 2.222548142946737318e-03
3.414400940425454056e+00 2.213197269570968927e-03
3.422286392943757694e+00 2.203976385924180485e-03
3.430171845462060887e+00 2.194591704841827341e-03
3.438057297980364524e+00 2.185787258730828228e-03
3.445942750498668161e+00 2.176815221034068999e-03
3.453828203016972243e+00 2.167917016170248408e-03
3.461713655535275880e+00 2.159091746760082291e-03
3.469599108053579073e+00 2.150338060552017729e-03
3.477484560571882710e+00 2.141654629408174231e-03
3.485370013090186347e+00 2.133039969559874863e-03
3.493255465608489541e+00 2.124492465773011266e-03
3.501140918126793178e+00 2.116010013277020308e-03
3.509026370645096815e+00 2.107589760461388295e-03
3.516911823163400452e+00 2.099227034740330788e-03
3.524797275681704534e+00 2.090912942036672086e-03
3.532682728200007727e+00 2.082625979650499885e-03
3.540568180718311364e+00 2.074291845510003399e-03
3.548453633236615001e+00 2.065318550767398283e-03
3.556339085754919083e+00 2.060591206729706342e-03
3.564224538273221832e+00 2.051345209787600911e-03
3.572109990791525469e+00 2.043231531498177021e-03
3.579995443309829106e+00 2.035313686044749621e-03
3.587880895828132299e+00 2.027499816204995833e-03
3.595766348346436825e+00 2.019765215404905039e-03
3.603651800864740018e+00 2.012100135820935401e-03
3.611537253383043655e+00 2.004499748494614243e-03
3.619422705901347292e+00 1.996961225612048363e-03
3.627308158419651374e+00 1.989482819978294348e-03
3.635193610937955011e+00 1.982063234233189322e-03
3.643079063456258204e+00 1.974701810021337045e-03
3.650964515974561841e+00 1.967399041817109989e-03
3.658849968492865479e+00 1.960162418936319331e-03
3.666735421011168672e+00 1.952779044906853599e-03
3.674620873529472309e+00 1.945773159732530405e-03
3.682506326047775946e+00 1.938692929928354479e-03
3.690391778566079140e+00 1.931659207663295914e-03
3.698277231084383665e+00 1.924675840823193880e-03
3.706162683602686858e+00 1.917743210277752641e-03
3.714048136120990495e+00 1.910861137513589951e-03
3.721933588639294133e+00 1.904029217956631484e-03
3.729819041157597326e+00 1.897247089815465087e-03
3.737704493675900963e+00 1.890514390812009747e-03
3.745589946194204600e+00 1.883831065949311424e-03
3.753475398712507793e+00 1.877197662763521084e-03
3.761360851230811431e+00 1.870618539537288218e-03
3.769246303749115068e+00 1.864184625686310989e-03
3.777131756267419149e+00 1.857516892309551580e-03
3.785017208785722787e+00 1.851087687113321710e-03
3.792902661304025980e+00 1.844688670284786586e-03
3.800788113822329617e+00 1.838331527767662378e-03
3.808673566340633698e+00 1.832017811476610103e-03
3.816559018858937335e+00 1.825747633608698671e-03
3.824444471377240973e+00 1.819520816599148579e-03
3.832329923895543722e+00 1.813337008737218132e-03
3.840215376413847359e+00 1.807195857009264491e-03
3.848100828932151440e+00 1.801096930696209414e-03
3.855986281450455078e+00 1.795039842652950465e-03
3.863871733968758271e+00 1.789024188635091224e-03
3.871757186487061908e+00 1.783049556229648154e-03
3.879642639005365989e+00 1.777115557780220567e-03
3.887528091523669627e+00 1.771221750169577405e-03
3.895413544041973264e+00 1.765367740638307736e-03
3.903298996560276457e+00 1.759553168844646669e-03
3.911184449078580094e+00 1.753777622650229970e-03
3.919069901596883732e+00 1.748040728409265597e-03
3.926955354115186925e+00 1.742342082480429410e-03
3.934840806633490562e+00 1.736681335048302806e-03
3.942726259151794199e+00 1.731058088918890642e-03
3.950611711670098281e+00 1.725472009467640244e-03
3.958497164188401918e+00 1.719922704734631576e-03
3.966382616706705111e+00 1.714409844701205105e-03
3.974268069225008748e+00 1.708933077126963389e-03
3.982153521743312385e+00 1.703491973262122056e-03
3.990038974261616467e+00 1.698086284138155405e-03
3.997924426779919216e+00 1.692715655285477374e-03
4.005809879298222853e+00 1.687379719824112995e-03
4.013695331816526490e+00 1.682078192377029283e-03
4.021580784334830128e+00 1.676810681886710440e-03
4.029466236853133765e+00 1.671576918944336996e-03
4.037351689371437402e+00 1.666376542267677171e-03
4.045237141889741039e+00 1.661209285310024384e-03
4.053122594408044677e+00 1.656074788817755690e-03
4.061008046926348314e+00 1.650972790416602946e-03
4.068893499444651951e+00 1.645902942633446211e-03
4.076778951962955588e+00 1.640864988133274764e-03
4.084664404481259226e+00 1.635858595581148435e-03
4.092549856999562863e+00 1.630883480212470989e-03
4.100435309517866500e+00 1.625939365954282793e-03
4.108320762036169249e+00 1.621025954152411925e-03
4.116206214554472886e+00 1.616142970383025986e-03
4.124091667072776524e+00 1.611290133789070782e-03
4.131977119591081049e+00 1.606467168440103756e-03
4.139862572109384686e+00 1.601673796488189278e-03
4.147748024627687435e+00 1.596909768598424361e-03
4.155633477145991073e+00 1.592174785695288147e-03
4.163518929664294710e+00 1.587468616571987125e-03
4.171404382182598347e+00 1.582790995553719259e-03
4.179289834700901984e+00 1.578141651226040026e-03
4.187175287219205622e+00 1.573520346669511800e-03
4.195060739737508371e+00 1.568926805519363886e-03
4.202946192255812896e+00 1.564360827948180601e-03
4.210831644774116533e+00 1.559822124072957625e-03
4.218717097292420171e+00 1.555310489411254864e-03
4.226602549810723808e+00 1.550825632490574488e-03
4.234488002329027445e+00 1.546367374697688556e-03
4.242373454847331082e+00 1.541935427428908377e-03
4.250258907365634720e+00 1.537529629584814339e-03
4.258144359883938357e+00 1.533149685475602856e-03
4.266029812402241106e+00 1.528795409907050687e-03
4.273915264920544743e+00 1.524466560179702900e-03
4.281800717438848380e+00 1.520162929286504551e-03
4.289686169957152018e+00 1.515884286830568306e-03
4.297571622475455655e+00 1.511630441519461535e-03
4.305457074993760180e+00 1.507401140891863941e-03
4.313342527512063818e+00 1.503196220690004295e-03
4.321227980030366567e+00 1.499015427351558898e-03
4.329113432548670204e+00 1.494858589987872310e-03
4.336998885066973841e+00 1.490725469275908099e-03
4.344884337585277478e+00 1.486615913690237344e-03
4.352769790103581116e+00 1.482529698314116609e-03
4.360655242621884753e+00 1.478466609660102678e-03
4.368540695140187502e+00 1.474426457266387984e-03
4.376426147658491139e+00 1.470409077058179061e-03
4.384311600176795665e+00 1.466414264058360983e-03
4.392197052695099302e+00 1.462441830438222833e-03
4.400082505213402939e+00 1.458491562973204640e-03
4.407967957731705688e+00 1.454563334495522723e-03
4.415853410250010214e+00 1.450656889824903468e-03
4.423738862768313851e+00 1.446772116629985215e-03
4.431624315286616600e+00 1.442908781557497664e-03
4.439509767804920237e+00 1.439066761741111073e-03
4.447395220323223874e+00 1.435245842023264622e-03
4.455280672841527512e+00 1.431445880563353944e-03
4.463166125359831149e+00 1.427666668671554720e-03
4.471051577878134786e+00 1.423908061709159255e-03
4.478937030396438423e+00 1.420169892442801072e-03
4.486822482914742061e+00 1.416452015469176840e-03
4.494707935433045698e+00 1.412754223510485517e-03
4.502593387951349335e+00 1.409076378967683832e-03
4.510478840469652972e+00 1.405418310833571631e-03
4.518364292987956610e+00 1.401779869834772702e-03
4.526249745506260247e+00 1.398160899106438027e-03
4.534135198024562996e+00 1.394561243772636516e-03
4.542020650542866633e+00 1.390980751531209220e-03
4.549906103061170271e+00 1.387419268263643049e-03
4.557791555579474796e+00 1.383876634670679973e-03
4.565677008097778433e+00 1.380352712701957184e-03
4.573562460616082070e+00 1.376847353066029808e-03
4.581447913134384820e+00 1.373360418977897851e-03
4.589333365652688457e+00 1.369891753917944384e-03
4.597218818170992094e+00 1.366441208751480868e-03
4.605104270689295731e+00 1.363008664102741303e-03
4.612989723207599368e+00 1.359593957837526828e-03
4.620875175725903006e+00 1.356196958953134399e-03
4.628760628244206643e+00 1.352817551978634973e-03
4.636646080762510280e+00 1.349455560075338593e-03
4.644531533280813917e+00 1.346110895041939624e-03
4.652416985799117555e+00 1.342783382289176181e-03
4.660302438317421192e+00 1.339472911884742167e-03
4.668187890835724829e+00 1.336179348207703179e-03
4.676073343354028466e+00 1.332902571271097876e-03
4.683958795872332104e+00 1.329642436856722692e-03
4.691844248390635741e+00 1.326398841326946161e-03
4.699729700908939378e+00 1.323171637886402493e-03
4.707615153427242127e+00 1.319960711830464812e-03
4.715500605945545765e+00 1.316765947400395237e-03
4.723386058463849402e+00 1.313587202805007771e-03
4.731271510982153039e+00 1.310424385334631528e-03
4.739156963500457564e+00 1.307277359561579647e-03
4.747042416018760314e+00 1.304146009286213893e-03
4.754927868537063951e+00 1.301030204299690558e-03
4.762813321055367588e+00 1.297929860482099820e-03
4.770698773573671225e+00 1.294844843877693708e-03
4.778584226091974863e+00 1.291775042266272945e-03
4.786469678610278500e+00 1.288720338674245042e-03
4.794355131128581249e+00 1.285680634476047855e-03
4.802240583646884886e+00 1.282655813626950702e-03
4.810126036165189412e+00 1.279645754662753774e-03
4.818011488683493049e+00 1.276650387403799845e-03
4.825896941201796686e+00 1.273669541504141283e-03
4.833782393720100323e+00 1.270703179409358660e-03
4.841667846238403961e+00 1.267751206601594894e-03
4.849553298756707598e+00 1.264813409900660554e-03
4.857438751275011235e+00 1.261889765430583045e-03
4.865324203793313984e+00 1.258980169980576961e-03
4.873209656311617621e+00 1.256084522210455844e-03
4.881095108829921259e+00 1.253202703336313154e-03
4.888980561348224896e+00 1.250334632778597396e-03
4.896866013866528533e+00 1.247480199631579309e-03
4.904751466384832170e+00 1.244639315481116349e-03
4.912636918903136696e+00 1.241811874319001963e-03
4.920522371421439445e+00 1.238997791949937848e-03
4.928407823939743082e+00 1.236196956757591075e-03
4.936293276458046719e+00 1.233409300168213183e-03
4.944178728976350357e+00 1.230634720184603775e-03
4.952064181494653994e+00 1.227873110101316721e-03
4.959949634012956743e+00 1.225124397739777056e-03
4.967835086531261268e+00 1.222388472353069236e-03
4.975720539049564906e+00 1.219665277222188116e-03
4.983605991567868543e+00 1.216954688243012403e-03
4.991491444086172180e+00 1.214256646933613163e-03
4.999376896604475817e+00 1.211571034835693403e-03
5.007262349122778566e+00 1.208897805214146021e-03
5.015147801641082204e+00 1.206236833223094974e-03
5.023033254159385841e+00 1.203588065687262280e-03
5.030918706677689478e+00 1.200951397671869625e-03
5.038804159195994004e+00 1.198326769065297765e-03
5.046689611714296753e+00 1.195714062775196998e-03
5.054575064232600390e+00 1.193113228861404206e-03
5.062460516750904027e+00 1.190524165801234817e-03
5.070345969269207664e+00 1.187946813823040695e-03
5.078231421787511302e+00 1.185381070899536784e-03
5.086116874305814939e+00 1.182826884992787273e-03
5.094002326824118576e+00 1.180284157714114098e-03
5.101887779342421325e+00 1.177752806654521183e-03
5.109773231860725851e+00 1.175232780677181550e-03
5.117658684379029488e+00 1.172723982426304452e-03
5.125544136897333125e+00 1.170226341585154381e-03
5.133429589415636762e+00 1.167739781699861628e-03
5.141315041933939511e+00 1.165264246289366996e-03
5.149200494452243149e+00 1.162799643235235209e-03
5.157085946970546786e+00 1.160345904967476516e-03
5.164971399488850423e+00 1.157902964439645483e-03
5.172856852007154060e+00 1.155470723373993973e-03
5.180742304525458586e+00 1.153049160237747941e-03
5.188627757043761335e+00 1.150638166101391590e-03
5.196513209562064972e+00 1.148237677806574625e-03
5.204398662080368609e+00 1.145847629046529894e-03
5.212284114598672247e+00 1.143467968053717490e-03
5.220169567116975884e+00 1.141098612025179997e-03
5.228055019635278633e+00 1.138739489547000317e-03
5.235940472153582270e+00 1.136390539816272555e-03
5.243825924671885907e+00 1.134051701884323951e-03
5.251711377190189545e+00 1.131722903712524889e-03
5.259596829708494070e+00 1.129404088517618884e-03
5.267482282226797707e+00 1.127095163481926614e-03
5.275367734745101345e+00 1.124796122545796383e-03
5.283253187263404982e+00 1.122506821833650940e-03
5.291138639781707731e+00 1.120227275630800851e-03
5.299024092300011368e+00 1.117957397159407293e-03
5.306909544818315005e+00 1.115697102951458252e-03
5.314794997336617755e+00 1.113446346085034903e-03
5.322680449854921392e+00 1.111205067884737420e-03
5.330565902373226805e+00 1.108973205453570032e-03
5.338451354891530443e+00 1.106750713544023008e-03
5.346336807409833192e+00 1.104537485034272565e-03
5.354222259928136829e+00 1.102333517364873644e-03
5.362107712446440466e+00 1.100138745093413037e-03
5.369993164964744103e+00 1.097953078798784374e-03
5.377878617483047741e+00 1.095776479169936497e-03
5.385764070001351378e+00 1.093608899956644617e-03
5.393649522519654127e+00 1.091450283908326421e-03
5.401534975037958652e+00 1.089300561456294945e-03
5.409420427556262290e+00 1.087159650936649503e-03
5.417305880074565927e+00 1.085027566490703432e-03
5.425191332592869564e+00 1.082904200139169111e-03
5.433076785111173201e+00 1.080789516532374350e-03
5.440962237629475950e+00 1.078683462508821158e-03
5.448847690147779588e+00 1.076585954248303985e-03
5.456733142666083225e+00 1.074497024749467662e-03
5.464618595184386862e+00 1.072416529050165086e-03
5.472504047702691388e+00 1.070344437400593592e-03
5.480389500220994137e+00 1.068280728995353677e-03
5.488274952739297774e+00 1.066225345021736296e-03
5.496160405257601411e+00 1.064178206397879949e-03
5.504045857775905048e+00 1.062139298652458371e-03
5.511931310294208686e+00 1.060108543660909404e-03
5.519816762812512323e+00 1.058085892550652369e-03
5.527702215330815072e+00 1.056071318430538671e-03
5.535587667849118709e+00 1.054064754090604152e-03
5.543473120367423235e+00 1.052066168155378232e-03
5.551358572885726872e+00 1.050075499023503866e-03
5.559244025404030509e+00 1.048092718773677547e-03
5.567129477922333258e+00 1.046117745504368795e-03
5.575014930440636896e+00 1.044150564222016530e-03
5.582900382958940533e+00 1.042191132705669624e-03
5.590785835477244170e+00 1.040239379640178546e-03
5.598671287995547807e+00 1.038295253029064341e-03
5.606556740513851445e+00 1.036358730631067610e-03
5.614442193032155970e+00 1.034429781738598455e-03
5.622327645550458719e+00 1.032508285113595400e-03
5.630213098068762356e+00 1.030594307658651287e-03
5.638098550587065994e+00 1.028687712973484639e-03
5.645984003105369631e+00 1.026788534259368349e-03
5.653869455623673268e+00 1.024896643764721619e-03
5.661754908141976017e+00 1.023012072043284109e-03
5.669640360660279654e+00 1.021134760276279363e-03
5.677525813178583292e+00 1.019264649687937107e-03
5.685411265696887817e+00 1.017401678777360300e-03
5.693296718215191454e+00 1.015545862449274400e-03
5.701182170733495091e+00 1.013697106198982586e-03
5.709067623251798729e+00 1.011855387793046245e-03
5.716953075770102366e+00 1.010020676899835374e-03
5.724838528288405115e+00 1.008192921051427821e-03
5.732723980806708752e+00 1.006372101790137035e-03
5.740609433325012390e+00 1.004558157943556034e-03
5.748494885843315139e+00 1.002751045763622785e-03
5.756380338361620552e+00 1.000950733044480385e-03
5.764265790879924189e+00 9.991571981856797562e-04
5.772151243398227827e+00 9.973703814439194466e-04
5.780036695916530576e+00 9.955902434100676827e-04
5.787922148434834213e+00 9.938167648458810875e-04
5.795807600953137850e+00 9.920499182703187806e-04
5.803693053471441488e+00 9.902895968414461569e-04
5.811578505989745125e+00 9.885358802521812798e-04
5.819463958508048762e+00 9.867885854947769549e-04
5.827349411026352399e+00 9.850477954247626941e-04
5.835234863544656037e+00 9.833134312806429082e-04
5.843120316062959674e+00 9.815854481990346232e-04
5.851005768581263311e+00 9.798638225667142664e-04
5.858891221099566948e+00 9.781485340586836431e-04
5.866776673617869697e+00 9.764395271832708402e-04
5.874662126136173335e+00 9.747367718711813641e-04
5.882547578654476972e+00 9.730402153144180905e-04
5.890433031172780609e+00 9.713498407094708301e-04
5.898318483691085135e+00 9.696656263358882991e-04
5.906203936209387884e+00 9.679875477281462727e-04
5.914089388727691521e+00 9.663155114518501981e-04
5.921974841245995158e+00 9.646495340039432098e-04
5.929860293764298795e+00 9.629895727020786099e-04
5.937745746282602433e+00 9.613355944138137540e-04
5.945631198800906070e+00 9.596875535065259614e-04
5.953516651319209707e+00 9.580454457199910059e-04
5.961402103837512456e+00 9.564092036501705904e-04
5.969287556355816982e+00 9.547788283456027075e-04
5.977173008874120619e+00 9.531542455226632918e-04
5.985058461392424256e+00 9.515354941357675577e-04
5.992943913910727893e+00 9.499224459373467990e-04
6.000829366429030642e+00 9.483151616823554684e-04
6.008714818947334280e+00 9.467135629157158450e-04
6.016600271465637917e+00 9.451176328703585336e-04
6.024485723983941554e+00 9.435273375090225687e-04
6.032371176502245191e+00 9.419426428508054401e-04
6.040256629020549717e+00 9.403635300691820650e-04
6.048142081538853354e+00 9.387899528629767678e-04
6.056027534057156103e+00 9.372218758556203613e-04
6.063912986575459740e+00 9.356593032943995043e-04
6.071798439093763378e+00 9.341021725470242173e-04
6.079683891612067015e+00 9.325504938225660442e-04
6.087569344130369764e+00 9.310041882409932469e-04
6.095454796648673401e+00 9.294632844404425009e-04
6.103340249166977038e+00 9.279276846483485884e-04
6.111225701685282452e+00 9.263974367398847363e-04
6.119111154203585201e+00 9.248724379356397692e-04
6.126996606721888838e+00 9.233527310081642708e-04
6.134882059240192476e+00 9.218382258385088290e-04
6.142767511758496113e+00 9.203289547185842341e-04
6.150652964276799750e+00 9.188248324901844783e-04
6.158538416795102499e+00 9.173258695942545452e-04
6.166423869313406136e+00 9.158320347322064731e-04
6.174309321831709774e+00 9.143432675225980112e-04
6.182194774350014299e+00 9.128595851624233138e-04
6.190080226868317936e+00 9.113809635070252956e-04
6.197965679386621574e+00 9.099073564547482604e-04
6.205851131904924323e+00 9.084387193608288447e-04
6.213736584423227960e+00 9.069750647604564063e-04
6.221622036941531597e+00 9.055163724006631311e-04
6.229507489459835234e+00 9.040625162408773762e-04
6.237392941978138872e+00 9.026136459989236513e-04
6.245278394496442509e+00 9.011695608259942102e-04
6.253163847014747034e+00 8.997303886562932991e-04
6.261049299533050672e+00 8.982959692830801406e-04
6.268934752051352532e+00 8.968663734223806519e-04
6.276820204569656170e+00 8.954415512519395704e-04
6.284705657087959807e+00 8.940214330107485114e-04
6.292591109606263444e+00 8.926060752135275703e-04
6.300476562124567081e+00 8.911953968298730062e-04
6.308362014642869831e+00 8.897893767627939113e-04
6.316247467161173468e+00 8.883880265635539205e-04
6.324132919679478881e+00 8.869912631798980733e-04
6.332018372197782519e+00 8.855991596301402043e-04
6.339903824716085268e+00 8.842115626276029084e-04
6.347789277234388905e+00 8.828285667324679191e-04
6.355674729752692542e+00 8.814500973841697239e-04
6.363560182270996179e+00 8.800761233845367810e-04
6.371445634789299817e+00 8.787066552983434061e-04
6.379331087307603454e+00 8.773416569684785483e-04
6.387216539825906203e+00 8.759810750622249505e-04
6.395101992344209840e+00 8.746249318577135586e-04
6.402987444862515254e+00 8.732731838649790542e-04
6.410872897380818891e+00 8.719257869001786551e-04
6.418758349899121640e+00 8.705827933661275213e-04
6.426643802417425277e+00 8.692440867604210326e-04
6.434529254935728915e+00 8.679097353044194990e-04
6.442414707454032552e+00 8.665796389305183275e-04
6.450300159972336189e+00 8.652538559995603690e-04
6.458185612490639826e+00 8.639322774339589254e-04
6.466071065008942576e+00 8.626149394123291134e-04
6.473956517527246213e+00 8.613018292935613112e-04
6.481841970045549850e+00 8.599929098304593062e-04
6.489727422563853487e+00 8.586881399996099161e-04
6.497612875082157124e+00 8.573875284458551448e-04
6.505498327600460762e+00 8.560910321041211328e-04
6.513383780118764399e+00 8.547986545185138610e-04
6.521269232637067148e+00 8.535103470597598697e-04
6.529154685155370785e+00 8.522261442812312585e-04
6.537040137673674423e+00 8.509459398379537508e-04
6.544925590191978948e+00 8.496698075567373550e-04
6.552811042710282585e+00 8.483976596471309471e-04
6.560696495228586222e+00 8.471295274355214325e-04
6.568581947746889860e+00 8.458653335434826621e-04
6.576467400265193497e+00 8.446051099937791759e-04
6.584352852783497134e+00 8.433488296567479827e-04
6.592238305301800771e+00 8.420964452807692567e-04
6.600123757820103521e+00 8.408479525194321796e-04
6.608009210338407158e+00 8.396033618618603186e-04
6.615894662856710795e+00 8.383626157631219634e-04
6.623780115375014432e+00 8.371257195069198428e-04
6.631665567893318070e+00 8.358926297144395274e-04
6.639551020411621707e+00 8.346633657542760695e-04
6.647436472929924456e+00 8.334378870514743982e-04
6.655321925448228093e+00 8.322161656586226589e-04
6.663207377966531730e+00 8.309982150057044310e-04
6.671092830484835368e+00 8.297839773930580426e-04
6.678978283003139005e+00 8.285734658291135472e-04
6.686863735521443530e+00 8.273666655297047577e-04
6.694749188039747168e+00 8.261635356770860063e-04
6.702634640558050805e+00 8.249640617346309414e-04
6.710520093076354442e+00 8.237682564148823871e-04
6.718405545594658079e+00 8.225760652452873559e-04
6.726290998112960828e+00 8.213874997921583173e-04
6.734176450631264466e+00 8.202025236069132716e-04
6.742061903149568103e+00 8.190211312029270670e-04
6.749947355667871740e+00 8.178433032340929557e-04
6.757832808186176266e+00 8.166690308198719470e-04
6.765718260704479903e+00 8.154982745465342740e-04
6.773603713222783540e+00 8.143310527280701264e-04
6.781489165741087177e+00 8.131673141947166330e-04
6.789374618259390815e+00 8.120070798180583109e-04
6.797260070777694452e+00 8.108502956556293230e-04
6.805145523295996313e+00 8.096969630303592824e-04
6.813030975814299950e+00 8.085470670683833540e-04
6.820916428332603587e+00 8.074006144684056294e-04
6.828801880850908113e+00 8.062575438293681507e-04
6.836687333369211750e+00 8.051178652184673434e-04
6.844572785887515387e+00 8.039815452862712677e-04
6.852458238405819024e+00 8.028486227275251396e-04
6.860343690924121773e+00 8.017190073356728671e-04
6.868229143442425411e+00 8.005927454013829058e-04
6.876114595960729048e+00 7.994697871307193541e-04
6.884000048479032685e+00 7.983501353148127113e-04
6.891885500997336322e+00 7.972337478027031717e-04
6.899770953515640848e+00 7.961206708098198968e-04
6.907656406033944485e+00 7.950108044296766993e-04
6.915541858552248122e+00 7.939042029734687689e-04
6.923427311070551760e+00 7.928008283122748613e-04
6.931312763588855397e+00 7.917006515725383275e-04
6.939198216107158146e+00 7.906037155632123815e-04
6.947083668625461783e+00 7.895098839613038733e-04
6.954969121143765420e+00 7.884192846273514743e-04
6.962854573662069058e+00 7.873318267479173602e-04
6.970740026180372695e+00 7.862474867320775034e-04
6.978625478698676332e+00 7.851662785760902662e-04
6.986510931216979081e+00 7.840882153382210552e-04
6.994396383735282718e+00 7.830132299794972982e-04
7.002281836253586356e+00 7.819413245750546316e-04
7.010167288771889993e+00 7.808725298476197185e-04
7.018052741290193630e+00 7.798067469458898728e-04
7.025938193808497267e+00 7.787440504654393868e-04
7.033823646326800905e+00 7.776843356873373598e-04
7.041709098845105430e+00 7.766276875483142921e-04
7.049594551363409067e+00 7.755740060911788967e-04
7.057480003881712705e+00 7.745233644587669287e-04
7.065365456400015454e+00 7.734756715582445912e-04
7.073250908918319091e+00 7.724309401716505496e-04
7.081136361436622728e+00 7.713892032640513527e-04
7.089021813954926365e+00 7.703503541633756509e-04
7.096907266473230003e+00 7.693144756840317698e-04
7.104792718991533640e+00 7.682814818471441062e-04
7.112678171509838165e+00 7.672514174417930906e-04
7.120563624028141803e+00 7.662242090475958854e-04
7.128449076546443663e+00 7.651999320831970189e-04
7.136334529064747301e+00 7.641784836395463945e-04
7.144219981583050938e+00 7.631599067082389968e-04
7.152105434101354575e+00 7.621441726512080813e-04
7.159990886619658212e+00 7.611312629808264204e-04
7.167876339137960962e+00 7.601211847443893783e-04
7.175761791656264599e+00 7.591138859744922919e-04
7.183647244174570012e+00 7.581093911619957810e-04
7.191532696692873650e+00 7.571076859088630463e-04
7.199418149211176399e+00 7.561087394721826161e-04
7.207303601729480036e+00 7.551125656627495544e-04
7.215189054247783673e+00 7.541191283266661686e-04
7.223074506766087310e+00 7.531284307529678441e-04
7.230959959284390948e+00 7.521404705984425848e-04
7.238845411802694585e+00 7.511552001376770342e-04
7.246730864320997334e+00 7.501726455768486113e-04
7.254616316839302748e+00 7.491927873897911505e-04
7.262501769357606385e+00 7.482155890801001205e-04
7.270387221875910022e+00 7.472410662202729143e-04
7.278272674394212771e+00 7.462692047402597192e-04
7.286158126912516408e+00 7.452999816915410400e-04
7.294043579430820046e+00 7.443333895214598091e-04
7.301929031949123683e+00 7.433694270734176636e-04
7.309814484467427320e+00 7.424080740603106838e-04
7.317699936985730957e+00 7.414493219965963061e-04
7.325585389504033706e+00 7.404931654208903643e-04
7.333470842022337344e+00 7.395395860952078430e-04
7.341356294540640981e+00 7.385885814760458990e-04
7.349241747058944618e+00 7.376401308027259827e-04
7.357127199577248255e+00 7.366942416592721062e-04
7.365012652095551893e+00 7.357508677658449337e-04
7.372898104613855530e+00 7.348100308964479639e-04
7.380783557132158279e+00 7.338717147423695457e-04
7.388669009650461916e+00 7.329359013138773624e-04
7.396554462168767330e+00 7.320025840750795775e-04
7.404439914687070079e+00 7.310717619686748093e-04
7.412325367205373716e+00 7.301434047789692868e-04
7.420210819723677353e+00 7.292175192723473380e-04
7.428096272241980991e+00 7.282940920076447656e-04
7.435981724760284628e+00 7.273731016625591388e-04
7.443867177278588265e+00 7.264545699674246782e-04
7.451752629796891902e+00 7.255384417954827570e-04
7.459638082315194652e+00 7.246247385554394549e-04
7.467523534833498289e+00 7.237134261319398080e-04
7.475408987351801926e+00 7.228045435670372608e-04
7.483294439870105563e+00 7.218980332761283864e-04
7.491179892388409201e+00 7.209939054078018600e-04
7.499065344906712838e+00 7.200921287968925066e-04
7.506950797425015587e+00 7.191927165054009174e-04
7.514836249943319224e+00 7.182956601656196325e-04
7.522721702461622861e+00 7.174009407518897822e-04
7.530607154979926499e+00 7.165085695728869337e-04
7.538492607498230136e+00 7.156184943981479685e-04
7.546378060016534661e+00 7.147307471488664396e-04
7.554263512534838299e+00 7.138452856832207391e-04
7.562148965053141936e+00 7.129621312423459114e-04
7.570034417571445573e+00 7.120812568112241297e-04
7.577919870089749210e+00 7.112026655084172262e-04
7.585805322608051959e+00 7.103263450461720294e-04
7.593690775126355597e+00 7.094522686046842407e-04
7.601576227644659234e+00 7.085804384799989416e-04
7.609461680162962871e+00 7.077108593459845208e-04
7.617347132681267396e+00 7.068435130539386024e-04
7.625232585199571034e+00 7.059783796988617710e-04
7.633118037717874671e+00 7.051154614150685618e-04
7.641003490236178308e+00 7.042547510905274163e-04
7.648888942754481945e+00 7.033962409508867511e-04
7.656774395272785583e+00 7.025399124764782370e-04
7.664659847791087444e+00 7.016857700055231708e-04
7.672545300309391081e+00 7.008337892597995417e-04
7.680430752827694718e+00 6.999839759586837110e-04
7.688316205345999244e+00 6.991363186453164544e-04
7.696201657864302881e+00 6.982908114188097039e-04
7.704087110382606518e+00 6.974474296598857058e-04
7.711972562900910155e+00 6.966061840599493613e-04
7.719858015419212904e+00 6.957670559865336817e-04
7.727743467937516542e+00 6.949300363735805416e-04
7.735628920455820179e+00 6.940951319514030793e-04
7.743514372974123816e+00 6.932623200741168867e-04
7.751399825492427453e+00 6.924316011728684018e-04
7.759285278010731979e+00 6.916029538994156569e-04
7.767170730529035616e+00 6.907763742858367409e-04
7.775056183047339253e+00 6.899518653165147937e-04
7.782941635565642891e+00 6.891294169493184093e-04
7.790827088083946528e+00 6.883090158532937340e-04
7.798712540602249277e+00 6.874906552075425378e-04
7.806597993120552914e+00 6.866743213335931625e-04
7.814483445638856551e+00 6.858600166855761482e-04
7.822368898157160189e+00 6.850477304387850210e-04
7.830254350675463826e+00 6.842374588829775979e-04
7.838139803193767463e+00 6.834291824673880333e-04
7.846025255712070212e+00 6.826229070451886576e-04
7.853910708230373849e+00 6.818186121799205222e-04
7.861796160748677487e+00 6.810162969439881699e-04
7.869681613266981124e+00 6.802159503726575972e-04
7.877567065785284761e+00 6.794175735044205794e-04
7.885452518303588398e+00 6.786211629698207098e-04
7.893337970821892036e+00 6.778266954027400287e-04
7.901223423340196561e+00 6.770341640126468575e-04
7.909108875858500198e+00 6.762435719302514053e-04
7.916994328376803836e+00 6.754549060351363763e-04
7.924879780895106585e+00 6.746681669029068722e-04
7.932765233413410222e+00 6.738833406905489183e-04
7.940650685931713859e+00 6.731004202298017380e-04
7.948536138450017496e+00 6.723193958769509019e-04
7.956421590968321134e+00 6.715402665565035250e-04
7.964307043486624771e+00 6.707630248313291603e-04
7.972192496004929296e+00 6.699876599376050320e-04
7.980077948523232934e+00 6.692141616115362263e-04
7.987963401041536571e+00 6.684425309467402357e-04
7.995848853559838432e+00 6.676727611996781733e-04
8.003734306078142069e+00 6.669048422745952947e-04
8.011619758596445706e+00 6.661387628676066885e-04
8.019505211114749343e+00 6.653745256654295228e-04
8.027390663633052981e+00 6.646121131514941141e-04
8.035276116151356618e+00 6.638515232069071856e-04
8.043161568669660255e+00 6.630927584164030301e-04
8.051047021187963892e+00 6.623357987199659331e-04
8.058932473706267530e+00 6.615806420063299800e-04
8.066817926224571167e+00 6.608272912424354491e-04
8.074703378742874804e+00 6.600757270441837393e-04
8.082588831261178441e+00 6.593259383191326728e-04
8.090474283779482079e+00 6.585779421401331954e-04
8.098359736297785716e+00 6.578316989262794796e-04
8.106245188816089353e+00 6.570872310390344674e-04
8.114130641334392990e+00 6.563445162826019594e-04
8.122016093852696628e+00 6.556035631052020522e-04
8.129901546371000265e+00 6.548643428802768075e-04
8.137786998889303902e+00 6.541268744682254702e-04
8.145672451407607539e+00 6.533911293637490077e-04
8.153557903925911177e+00 6.526571094730027750e-04
8.161443356444214814e+00 6.519248211824370601e-04
8.169328808962518451e+00 6.511942296822270269e-04
8.177214261480822088e+00 6.504653479648676677e-04
8.185099713999125726e+00 6.497381904447252759e-04
8.192985166517429363e+00 6.490127206343247008e-04
8.200870619035733000e+00 6.482889366216260801e-04
8.208756071554034861e+00 6.475668248083128221e-04
8.216641524072338498e+00 6.468464137580343110e-04
8.224526976590642136e+00 6.461276492815670172e-04
8.232412429108945773e+00 6.454105715261705895e-04
8.240297881627249410e+00 6.446951406962025521e-04
8.248183334145553047e+00 6.439813692152440575e-04
8.256068786663858461e+00 6.432692435512853916e-04
8.263954239182162098e+00 6.425587577878544895e-04
8.271839691700465735e+00 6.418499114678398974e-04
8.279725144218769373e+00 6.411427019097382671e-04
8.287610596737071234e+00 6.404371130171240822e-04
8.295496049255374871e+00 6.397331450148033023e-04
8.303381501773678508e+00 6.390307828139591209e-04
8.311266954291982145e+00 6.383300396401223433e-04
8.319152406810285783e+00 6.376308871897794651e-04
8.327037859328589420e+00 6.369333305005046852e-04
8.334923311846893057e+00 6.362373768285022133e-04
8.342808764365196694e+00 6.355430042446535890e-04
8.350694216883500332e+00 6.348502069402273866e-04
8.358579669401803969e+00 6.341589775719456024e-04
8.366465121920107606e+00 6.334693271143814830e-04
8.374350574438411243e+00 6.327812424664837516e-04
8.382236026956714880e+00 6.320947070257849605e-04
8.390121479475016741e+00 6.314097317018246575e-04
8.398006931993322155e+00 6.307263050600416454e-04
8.405892384511625792e+00 6.300444025790364732e-04
8.413777837029929429e+00 6.293640577319301174e-04
8.421663289548233067e+00 6.286852270836109507e-04
8.429548742066536704e+00 6.280079288964272042e-04
8.437434194584840341e+00 6.273321583157177167e-04
8.445319647103143978e+00 6.266578949011297360e-04
8.453205099621447616e+00 6.259851400273278585e-04
8.461090552139751253e+00 6.253138848044606643e-04
8.468976004658054890e+00 6.246441365153139642e-04
8.476861457176358527e+00 6.239758900162313158e-04
8.484746909694662165e+00 6.233091222416230247e-04
8.492632362212965802e+00 6.226438326863118107e-04
8.500517814731269439e+00 6.219800317837602529e-04
8.508403267249573076e+00 6.213176996164107308e-04
8.516288719767876714e+00 6.206568448698541194e-04
8.524174172286178575e+00 6.199974472720834722e-04
8.532059624804482212e+00 6.193395095902962848e-04
8.539945077322787625e+00 6.186830204594964818e-04
8.547830529841089486e+00 6.180279867481058018e-04
8.555715982359393124e+00 6.173744007251506143e-04
8.563601434877696761e+00 6.167222457791666536e-04
8.571486887396000398e+00 6.160715271342717160e-04
8.579372339914304035e+00 6.154222408789230539e-04
8.587257792432607673e+00 6.147743733557416200e-04
8.595143244950911310e+00 6.141279282030204234e-04
8.603028697469214947e+00 6.134828984640216523e-04
8.610914149987520361e+00 6.128392792679160893e-04
8.618799602505823998e+00 6.121970596853409594e-04
8.626685055024127635e+00 6.115562480707093440e-04
8.634570507542429496e+00 6.109168290016253524e-04
8.642455960060733133e+00 6.102788032156378955e-04
8.650341412579036771e+00 6.096421584684044975e-04
8.658226865097340408e+00 6.090069027903350458e-04
8.666112317615644045e+00 6.083730180659686947e-04
8.673997770133947682e+00 6.077405109939986935e-04
8.681883222652251320e+00 6.071093662705297385e-04
8.689768675170554957e+00 6.064795907113496726e-04
8.697654127688858594e+00 6.058511663321671393e-04
8.705539580207162231e+00 6.052241016276887044e-04
8.713425032725465869e+00 6.045983849790946378e-04
8.721310485243769506e+00 6.039740150021275390e-04
8.729195937762071367e+00 6.033509815574624813e-04
8.737081390280375004e+00 6.027292858427537453e-04
8.744966842798678641e+00 6.021089274913051827e-04
8.752852295316982278e+00 6.014898845040059271e-04
8.760737747835287692e+00 6.008721755254791503e-04
8.768623200353591329e+00 6.002557769952615932e-04
8.776508652871894967e+00 5.996407017925065117e-04
8.784394105390198604e+00 5.990269252187758412e-04
8.792279557908502241e+00 5.984144652192095303e-04
8.800165010426805878e+00 5.978032986394025364e-04
8.808050462945107739e+00 5.971934319144555758e-04
8.815935915463411376e+00 5.965848574217458462e-04
8.823821367981715014e+00 5.959775707712859508e-04
8.831706820500020427e+00 5.953715656180077554e-04
8.839592273018324065e+00 5.947668405862612320e-04
8.847477725536627702e+00 5.941633965725844329e-04
8.855363178054929563e+00 5.935612147215647925e-04
8.863248630573233200e+00 5.929603083802140661e-04
8.871134083091536837e+00 5.923606588315717637e-04
8.879019535609840474e+00 5.917622717222801101e-04
8.886904988128144112e+00 5.911651355651763220e-04
8.894790440646447749e+00 5.905692570907394206e-04
8.902675893164751386e+00 5.899746162576349285e-04
8.910561345683055023e+00 5.893812249596219353e-04
8.918446798201358661e+00 5.887890669834755595e-04
8.926332250719662298e+00 5.881981466505164461e-04
8.934217703237965935e+00 5.876084549607316207e-04
8.942103155756269572e+00 5.870199807257807899e-04
8.949988608274573210e+00 5.864327417034479123e-04
8.957874060792876847e+00 5.858467121597658389e-04
8.965759513311180484e+00 5.852619064411818854e-04
8.973644965829484121e+00 5.846782983941545882e-04
8.981530418347787759e+00 5.840959036273790563e-04
8.989415870866091396e+00 5.835147020968892368e-04
8.997301323384395033e+00 5.829347088964112033e-04
9.005186775902698670e+00 5.823559041220103356e-04
9.013072228421002308e+00 5.817782946287539288e-04
9.020957680939305945e+00 5.812018648970968069e-04
9.028843133457609582e+00 5.806266251115320843e-04
9.036728585975913219e+00 5.800525577579301829e-04
9.044614038494216857e+00 5.794796653753133721e-04
9.052499491012520494e+00 5.789079415191903354e-04
9.060384943530824131e+00 5.783373952030718222e-04
9.068270396049125992e+00 5.777680039019019017e-04
9.076155848567429629e+00 5.771997698049091902e-04
9.084041301085733267e+00 5.766326931721522638e-04
9.091926753604036904e+00 5.760667634223591528e-04
9.099812206122340541e+00 5.755019901502569967e-04
9.107697658640644178e+00 5.749383567027814513e-04
9.115583111158949592e+00 5.743758626964654956e-04
9.123468563677253229e+00 5.738145034259946493e-04
9.131354016195556866e+00 5.732542771793069968e-04
9.139239468713860504e+00 5.726951829639144367e-04
9.147124921232164141e+00 5.721372060511601982e-04
9.155010373750466002e+00 5.715803613491903966e-04
9.162895826268769639e+00 5.710246231307017145e-04
9.170781278787073276e+00 5.704700077424981622e-04
9.178666731305376913e+00 5.699164904367507367e-04
9.186552183823680551e+00 5.693640828255892069e-04
9.194437636341984188e+00 5.688127852862748376e-04
9.202323088860287825e+00 5.682625758436654368e-04
9.210208541378591462e+00 5.677134659801745488e-04
9.218093993896895100e+00 5.671654447042743900e-04
9.225979446415198737e+00 5.666185113136313701e-04
9.233864898933502374e+00 5.660726611909207371e-04
9.241750351451806011e+00 5.655278886184751577e-04
9.249635803970107872e+00 5.649841908964992748e-04
9.257521256488413286e+00 5.644415633785328972e-04
9.265406709006716923e+00 5.639000095078338564e-04
9.273292161525020560e+00 5.633595179075582410e-04
9.281177614043324198e+00 5.628200826641023514e-04
9.289063066561627835e+00 5.622817032189837824e-04
9.296948519079931472e+00 5.617443846168857381e-04
9.304833971598235109e+00 5.612080973725899150e-04
9.312719424116538747e+00 5.606728699691600941e-04
9.320604876634842384e+00 5.601386688990288949e-04
9.328490329153146021e+00 5.596055196844786301e-04
9.336375781671449658e+00 5.590733926926188656e-04
9.344261234189753296e+00 5.585422905459761465e-04
9.352146686708056933e+00 5.580122149253943049e-04
9.360032139226360570e+00 5.574831559050702143e-04
9.367917591744664207e+00 5.569551228147333550e-04
9.375803044262967845e+00 5.564280922647680703e-04
9.383688496781271482e+00 5.559020672573628105e-04
9.391573949299573343e+00 5.553770437577250016e-04
9.399459401817878756e+00 5.548530194074029935e-04
9.407344854336182394e+00 5.543299853963245399e-04
9.415230306854484255e+00 5.538079428026264611e-04
9.423115759372787892e+00 5.532868737927535948e-04
9.431001211891091529e+00 5.527667919290532583e-04
9.438886664409395166e+00 5.522476815701376357e-04
9.446772116927698804e+00 5.517295236528570136e-04
9.454657569446002441e+00 5.512123435443469759e-04
9.462543021964306078e+00 5.506961127510121273e-04
9.470428474482611492e+00 5.501808348353991011e-04
9.478313927000915129e+00 5.496664920463208755e-04
9.486199379519218766e+00 5.491530902571937871e-04
9.494084832037520627e+00 5.486406158482095381e-04
9.501970284555824264e+00 5.481290678754020861e-04
9.509855737074127902e+00 5.476184381784111313e-04
9.517741189592431539e+00 5.471087083207580928e-04
9.525626642110735176e+00 5.465998722396880720e-04
9.533512094629038813e+00 5.460919327131290215e-04
9.541397547147342451e+00 5.455848697592195068e-04
9.549282999665646088e+00 5.450786723769326155e-04
9.557168452183949725e+00 5.445733364662351007e-04
9.565053904702253362e+00 5.440688367274430651e-04
9.572939357220557000e+00 5.435651663672909058e-04
9.580824809738860637e+00 5.430623057115378707e-04
9.588710262257162498e+00 5.425602486493511997e-04
9.596595714775466135e+00 5.420589624685801964e-04
9.604481167293769772e+00 5.415584224058441701e-04
9.612366619812075186e+00 5.410586081317575935e-04
9.620252072330378823e+00 5.405594823142057448e-04
9.628137524848682460e+00 5.400610271237250241e-04
9.636022977366986098e+00 5.395631664027644627e-04
9.643908429885289735e+00 5.390658521083967853e-04
9.651793882403593372e+00 5.385690018600339636e-04
9.659679334921897009e+00 5.380725173480393076e-04
9.667564787440200647e+00 5.375762231237213263e-04
9.675450239958502507e+00 5.370798738161643767e-04
9.683335692476807921e+00 5.365829689426951420e-04
9.691221144995111558e+00 5.360844998615124646e-04
9.699106597513415196e+00 5.355815584504804465e-04
9.706992050031718833e+00 5.350604300724074456e-04
9.714877502550022470e+00 5.333932794767770689e-04
9.722762955068324331e+00 5.341943731298602225e-04
9.730648407586627968e+00 5.336684047617465268e-04
9.738533860104931605e+00 5.331637470646663317e-04
9.746419312623235243e+00 5.326634464171169829e-04
9.754304765141538880e+00 5.321638624863698607e-04
9.762190217659842517e+00 5.316633485336662648e-04
9.770075670178146154e+00 5.311606612658189338e-04
9.777961122696449792e+00 5.306544206541652332e-04
9.785846575214753429e+00 5.301428335394359811e-04
9.793732027733057066e+00 5.296232822840247221e-04
9.801617480251360703e+00 5.290916191107585161e-04
9.809502932769664341e+00 5.285407937864325043e-04
9.817388385287967978e+00 5.279576918115788491e-04
9.825273837806273391e+00 5.273147128354818041e-04
9.833159290324575252e+00 5.265420671386837875e-04
9.841044742842878890e+00 5.253969106395122790e-04
9.848930195361180751e+00 5.220540724203895496e-04
9.856815647879486164e+00 5.335893130216536311e-04
9.864701100397789801e+00 5.278070683723821207e-04
9.872586552916093439e+00 5.264799115294327165e-04
9.880472005434397076e+00 5.256616998586548283e-04
9.888357457952700713e+00 5.250049401123347984e-04
9.896242910471004350e+00 5.244201918835205171e-04
9.904128362989307988e+00 5.238740180834248594e-04
9.912013815507611625e+00 5.233511056467427891e-04
9.919899268025913486e+00 5.228434398204641689e-04
9.927784720544218899e+00 5.223464119691465435e-04
9.935670173062522537e+00 5.218571985197360515e-04
9.943555625580824398e+00 5.213739556206056476e-04
9.951441078099129811e+00 5.208954316673280278e-04
9.959326530617431672e+00 5.204207748524790084e-04
9.967211983135737086e+00 5.199493430036606495e-04
9.975097435654038946e+00 5.194806971028752144e-04
9.982982888172344360e+00 5.190143709544670558e-04
9.990868340690646221e+00 5.185502184210511031e-04
9.998753793208951635e+00 5.180879856121594620e-04
