0.000000000000000000e+00 1.901216050027102096e-03
6.264365865584466987e-03 1.901489736739132505e-03
1.252873173116893397e-02 1.902025802919928791e-03
1.879309759675340183e-02 1.902919781064357167e-03
2.505746346233786795e-02 1.904172475474506755e-03
3.132182932792233754e-02 1.905785005900374274e-03
3.758619519350680366e-02 1.907758887803052278e-03
4.385056105909127672e-02 1.910095825877341016e-03
5.011492692467573590e-02 1.912798017399815588e-03
5.637929279026020202e-02 1.915868201163865338e-03
6.264365865584467508e-02 1.919307320701508189e-03
6.890802452142914813e-02 1.923121553431572780e-03
7.517239038701360732e-02 1.927312643247034449e-03
8.143675625259806650e-02 1.931884733577265588e-03
8.770112211818255343e-02 1.936842111366458841e-03
9.396548798376701261e-02 1.942189466179958766e-03
1.002298538493514718e-01 1.947931823499572538e-03
1.064942197149359449e-01 1.954074765449378016e-03
1.127585855805204040e-01 1.960624221792989143e-03
1.190229514461048771e-01 1.967586735121647917e-03
1.252873173116893502e-01 1.974969592881452296e-03
1.315516831772738093e-01 1.982781794769114536e-03
1.378160490428582963e-01 1.991043221198322312e-03
1.440804149084427555e-01 1.999626064503176679e-03
1.503447807740272146e-01 2.008812944036177800e-03
1.566091466396116738e-01 2.018416509826783094e-03
1.628735125051961330e-01 2.028486422467190489e-03
1.691378783707805922e-01 2.039036242941312613e-03
1.754022442363651069e-01 2.050077884252321948e-03
1.816666101019495660e-01 2.061623555653068537e-03
1.879309759675340252e-01 2.073685828932730207e-03
1.941953418331184844e-01 2.086278243655989920e-03
2.004597076987029436e-01 2.099415046704072776e-03
2.067240735642874028e-01 2.113110772125446121e-03
2.129884394298718897e-01 2.127381641150890863e-03
2.192528052954563489e-01 2.142244325844522117e-03
2.255171711610408081e-01 2.157716556791142767e-03
2.317815370266252950e-01 2.173817157084268099e-03
2.380459028922097542e-01 2.190566021535572064e-03
2.443102687577942134e-01 2.207984203829964267e-03
2.505746346233787003e-01 2.226094127315990726e-03
2.568390004889631872e-01 2.244919408865554862e-03
2.631033663545476187e-01 2.264485168353016966e-03
2.693677322201321056e-01 2.284818053517828282e-03
2.756320980857165925e-01 2.305946320838451850e-03
2.818964639513010240e-01 2.327899980055973903e-03
2.881608298168855109e-01 2.350710913053535335e-03
2.944251956824699978e-01 2.374413001940132648e-03
3.006895615480544293e-01 2.399042287003157019e-03
3.069539274136389162e-01 2.424637121254430861e-03
3.132182932792233476e-01 2.451238352859045049e-03
3.194826591448078346e-01 2.478889522815515018e-03
3.257470250103922660e-01 2.507637062251490915e-03
3.320113908759768084e-01 2.537530550940996898e-03
3.382757567415611843e-01 2.568622955380972690e-03
3.445401226071457268e-01 2.600970921562811497e-03
3.508044884727302137e-01 2.634635116873871880e-03
3.570688543383145896e-01 2.669680464060503362e-03
3.633332202038991321e-01 2.706176703390825861e-03
3.695975860694835635e-01 2.744198673262556593e-03
3.758619519350680505e-01 2.783826856994616860e-03
3.821263178006524819e-01 2.825147864473433884e-03
3.883906836662369688e-01 2.868255052569056423e-03
3.946550495318214002e-01 2.913249163902493274e-03
4.009194153974058872e-01 2.960239085278440485e-03
4.071837812629903741e-01 3.009342630150365835e-03
4.134481471285748055e-01 3.060687529690878268e-03
4.197125129941592925e-01 3.114412351514508903e-03
4.259768788597437794e-01 3.170667888706431639e-03
4.322412447253282108e-01 3.229618300864906411e-03
4.385056105909126978e-01 3.291442737300966266e-03
4.447699764564971847e-01 3.356337047068405632e-03
4.510343423220816161e-01 3.424515747408631884e-03
4.572987081876661031e-01 3.496214309672039406e-03
4.635630740532505900e-01 3.571691605520177937e-03
4.698274399188350214e-01 3.651234010519380235e-03
4.760918057844195084e-01 3.735156069989740025e-03
4.823561716500039953e-01 3.823808060597102577e-03
4.886205375155884267e-01 3.917578465153173477e-03
4.948849033811729137e-01 4.016900133609196955e-03
5.011492692467574006e-01 4.122256733935680817e-03
5.074136351123418320e-01 4.234190432780049300e-03
5.136780009779263745e-01 4.353310962200589163e-03
5.199423668435108059e-01 4.480306499120815730e-03
5.262067327090952373e-01 4.615956665708801504e-03
5.324710985746797798e-01 4.761148236206615668e-03
5.387354644402642112e-01 4.916894159141385612e-03
5.449998303058486426e-01 5.084356844064149249e-03
5.512641961714331851e-01 5.264876695197870556e-03
5.575285620370176165e-01 5.460007631304965997e-03
5.637929279026020479e-01 5.671561179164578449e-03
5.700572937681865904e-01 5.901662314286377532e-03
5.763216596337710218e-01 6.152820162675528247e-03
5.825860254993554532e-01 6.428018960488455016e-03
5.888503913649399957e-01 6.730836037726152521e-03
5.951147572305243161e-01 7.065596841277734484e-03
6.013791230961088585e-01 7.437581261252474048e-03
6.076434889616934010e-01 7.853302201428389098e-03
6.139078548272778324e-01 8.320887790941682710e-03
6.201722206928621528e-01 8.850615247951774608e-03
6.264365865584466952e-01 9.455671172975159064e-03
6.327009524240312377e-01 1.015325967316192853e-02
6.389653182896156691e-01 1.096625828143061622e-02
6.452296841552001005e-01 1.192576673189004247e-02
6.514940500207845320e-01 1.307516531685037030e-02
6.577584158863690744e-01 1.447684050308656843e-02
6.640227817519536169e-01 1.622387383973781030e-02
6.702871476175380483e-01 1.846156787931575380e-02
6.765515134831223687e-01 2.143004172675662053e-02
6.828158793487069111e-01 2.555664744518944959e-02
6.890802452142914536e-01 3.168265231043938118e-02
6.953446110798758850e-01 4.172447589909702298e-02
7.016089769454604275e-01 6.119769389226149131e-02
7.078733428110447479e-01 1.151445550287623770e-01
7.141377086766291793e-01 1.000000000000000000e+00
7.204020745422138328e-01 1.489595805487308466e-01
7.266664404077982642e-01 6.918272712189944829e-02
7.329308062733825846e-01 4.499789396173904665e-02
7.391951721389671270e-01 3.331209022630075844e-02
7.454595380045515585e-01 2.642592326445049669e-02
7.517239038701361009e-01 2.188647568960763040e-02
7.579882697357206434e-01 1.866899059294174074e-02
7.642526356013049638e-01 1.626954391119093610e-02
7.705170014668893952e-01 1.441145656162095244e-02
7.767813673324739376e-01 1.293017728409352231e-02
7.830457331980584801e-01 1.172170654618765080e-02
7.893100990636428005e-01 1.071709064008145515e-02
7.955744649292272319e-01 9.868806522261316591e-03
8.018388307948117744e-01 9.143036361619456820e-03
8.081031966603963168e-01 8.515059216511518952e-03
8.143675625259807482e-01 7.966385009190822888e-03
8.206319283915650686e-01 7.482907809659434563e-03
8.268962942571496111e-01 7.053679162627243468e-03
8.331606601227341535e-01 6.670071457075862909e-03
8.394250259883185850e-01 6.325193922003763056e-03
8.456893918539030164e-01 6.013476514195326313e-03
8.519537577194875588e-01 5.730367978780503795e-03
8.582181235850721013e-01 5.472113107537742403e-03
8.644824894506564217e-01 5.235585994138197176e-03
8.707468553162409641e-01 5.018163519048579255e-03
8.770112211818253956e-01 4.817628170184120283e-03
8.832755870474098270e-01 4.632092567297674962e-03
8.895399529129943694e-01 4.459940237016187838e-03
8.958043187785789119e-01 4.299778683760115128e-03
9.020686846441632323e-01 4.150401922298456968e-03
9.083330505097476637e-01 4.010760232360293699e-03
9.145974163753322062e-01 3.879935666600750448e-03
9.208617822409167486e-01 3.757121969052161416e-03
9.271261481065011800e-01 3.641608401775393074e-03
9.333905139720855004e-01 3.532765107305586502e-03
9.396548798376700429e-01 3.430033132500208155e-03
9.459192457032545853e-01 3.332913902545026844e-03
9.521836115688390167e-01 3.240961521417866018e-03
9.584479774344235592e-01 3.153776049256504753e-03
9.647123433000079906e-01 3.070997618234153764e-03
9.709767091655923110e-01 2.992301614002173919e-03
9.772410750311768535e-01 2.917394424370469991e-03
9.835054408967613959e-01 2.846009819374282004e-03
9.897698067623458273e-01 2.777905789303086650e-03
9.960341726279302588e-01 2.712861618229564769e-03
1.002298538493514801e+00 2.650673737587749650e-03
1.008562904359099344e+00 2.591188827711591453e-03
1.014827270224683664e+00 2.534174466589097369e-03
1.021091636090267984e+00 2.479523253608469265e-03
1.027356001955852749e+00 2.427082719306744487e-03
1.033620367821437069e+00 2.376721029539039659e-03
1.039884733687021612e+00 2.328316965045353071e-03
1.046149099552605932e+00 2.281758594355094705e-03
1.052413465418190475e+00 2.236942322418618723e-03
1.058677831283774795e+00 2.193772123141281543e-03
1.064942197149359560e+00 2.152158849956268497e-03
1.071206563014944102e+00 2.112019632551686513e-03
1.077470928880528422e+00 2.073277331014961207e-03
1.083735294746112743e+00 2.035860044980009748e-03
1.089999660611697285e+00 1.999700666802624489e-03
1.096264026477281828e+00 1.964736559819820622e-03
1.102528392342866370e+00 1.930909048963182434e-03
1.108792758208450691e+00 1.898163246245405597e-03
1.115057124074035233e+00 1.866447687471569717e-03
1.121321489939619553e+00 1.835714080317209923e-03
1.127585855805204096e+00 1.805917063807482284e-03
1.133850221670788416e+00 1.777013986445762778e-03
1.140114587536373181e+00 1.748964711747866361e-03
1.146378953401957501e+00 1.721731435739447778e-03
1.152643319267542044e+00 1.695278497509876544e-03
1.158907685133126586e+00 1.669572263406809195e-03
1.165172050998710906e+00 1.644580961474354430e-03
1.171436416864295227e+00 1.620274560177891376e-03
1.177700782729879991e+00 1.596624648232845270e-03
1.183965148595464534e+00 1.573604330653669958e-03
1.190229514461048632e+00 1.551188125173580921e-03
1.196493880326633175e+00 1.529351860791636946e-03
1.202758246192217717e+00 1.508072614098205939e-03
1.209022612057802037e+00 1.487328610963994675e-03
1.215286977923386802e+00 1.467099160775809470e-03
1.221551343788971122e+00 1.447364617897109159e-03
1.227815709654555665e+00 1.428106209902590051e-03
1.234080075520139763e+00 1.409306152336738420e-03
1.240344441385724306e+00 1.390947454055914195e-03
1.246608807251308848e+00 1.373013924019600386e-03
1.252873173116893390e+00 1.355490117298377602e-03
1.259137538982477933e+00 1.338361288236671227e-03
1.265401904848062475e+00 1.321613355481314651e-03
1.271666270713646796e+00 1.305232856274925884e-03
1.277930636579231338e+00 1.289206915202575606e-03
1.284195002444815881e+00 1.273523216190099606e-03
1.290459368310400201e+00 1.258169963642909346e-03
1.296723734175984744e+00 1.243135857127041681e-03
1.302988100041569064e+00 1.228410063497174841e-03
1.309252465907153606e+00 1.213982199107586273e-03
1.315516831772738149e+00 1.199842277803102797e-03
1.321781197638322469e+00 1.185980743288706949e-03
1.328045563503907234e+00 1.172388518742985752e-03
1.334309929369491776e+00 1.159056087005300856e-03
1.340574295235076097e+00 1.145975898016862076e-03
1.346838661100660195e+00 1.133139257395957434e-03
1.353103026966244737e+00 1.120538317974685994e-03
1.359367392831829280e+00 1.108165478203228466e-03
1.365631758697413822e+00 1.096013398419495161e-03
1.371896124562998365e+00 1.084074969064353694e-03
1.378160490428582907e+00 1.072343415147100848e-03
1.384424856294167228e+00 1.060812053725821921e-03
1.390689222159751770e+00 1.049474491498033138e-03
1.396953588025336312e+00 1.038324411377308494e-03
1.403217953890920855e+00 1.027356733497918973e-03
1.409482319756504953e+00 1.016564056503035723e-03
1.415746685622089496e+00 1.005941710105447964e-03
1.422011051487674038e+00 9.954840534279131743e-04
1.428275417353258359e+00 9.851857412743597869e-04
1.434539783218842901e+00 9.750415110022406890e-04
1.440804149084427666e+00 9.650465808872895528e-04
1.447068514950011986e+00 9.551956174943423798e-04
1.453332880815596528e+00 9.454839918710720385e-04
1.459597246681181071e+00 9.359069615688503894e-04
1.465861612546765169e+00 9.264598966172697160e-04
1.472125978412349712e+00 9.171382558359645687e-04
1.478390344277934254e+00 9.079375664931695847e-04
1.484654710143518797e+00 8.988534389780076118e-04
1.490919076009103117e+00 8.898815197306043923e-04
1.497183441874687659e+00 8.810175177916789975e-04
1.503447807740272202e+00 8.722571643624669763e-04
1.509712173605856522e+00 8.635962241570957747e-04
1.515976539471441287e+00 8.550304693916046909e-04
1.522240905337025385e+00 8.465556682313856189e-04
1.528505271202609928e+00 8.381675751902750889e-04
1.534769637068194470e+00 8.298619068487180688e-04
1.541034002933778790e+00 8.216343372898467830e-04
1.547298368799363333e+00 8.134804649018851069e-04
1.553562734664947875e+00 8.053957944909420933e-04
1.559827100530532418e+00 7.973757083382479894e-04
1.566091466396116960e+00 7.894154154618321633e-04
1.572355832261701281e+00 7.815121949153351144e-04
1.578620198127285601e+00 7.736548118239725512e-04
1.584884563992870143e+00 7.658435427446353598e-04
1.591148929858454464e+00 7.580709155409153356e-04
1.597413295724039228e+00 7.503307985056570026e-04
1.603677661589623549e+00 7.426166169009444781e-04
1.609942027455207869e+00 7.349212559335134565e-04
1.616206393320792634e+00 7.272369528015654302e-04
1.622470759186376954e+00 7.195551383843361943e-04
1.628735125051961496e+00 7.118662906803364812e-04
1.634999490917545817e+00 7.041597204522193586e-04
1.641263856783130137e+00 6.964233026881083526e-04
1.647528222648714902e+00 6.886431495384089585e-04
1.653792588514299222e+00 6.808031795337716454e-04
1.660056954379883765e+00 6.728845621507315673e-04
1.666321320245468307e+00 6.648649930673467077e-04
1.672585686111052850e+00 6.567177200138920624e-04
1.678850051976637170e+00 6.484102337224329892e-04
1.685114417842221934e+00 6.399024791793142021e-04
1.691378783707806033e+00 6.311443479979807333e-04
1.697643149573390575e+00 6.220721228514549100e-04
1.703907515438975118e+00 6.126033172792821413e-04
1.710171881304559438e+00 6.026289977343299601e-04
1.716436247170144203e+00 5.920018376928625446e-04
1.722700613035728523e+00 5.805188917880927269e-04
1.728964978901312843e+00 5.678898032022044236e-04
1.735229344766897608e+00 5.536891292803973724e-04
1.741493710632481928e+00 5.372705971858429425e-04
1.747758076498066027e+00 5.176217630512019866e-04
1.754022442363650791e+00 4.931439686046677501e-04
1.760286808229235112e+00 4.616297414727894930e-04
1.766551174094819654e+00 4.242354472761951053e-04
1.772815539960404196e+00 4.516048795224063836e-04
1.779079905825988739e+00 2.210132429210608530e-03
1.785344271691573059e+00 1.606689263458680557e-03
1.791608637557157824e+00 9.632215718127884159e-04
1.797873003422742144e+00 8.024943798206706337e-04
1.804137369288326465e+00 7.282577255839629794e-04
1.810401735153911007e+00 6.841191301298160622e-04
1.816666101019495327e+00 6.538272846631863061e-04
1.822930466885080092e+00 6.310070240868164695e-04
1.829194832750664412e+00 6.126596766637743734e-04
1.835459198616248733e+00 5.971927152886029495e-04
1.841723564481833497e+00 5.836830167570752079e-04
1.847987930347417818e+00 5.715587593898056006e-04
1.854252296213002360e+00 5.604467356945960982e-04
1.860516662078587125e+00 5.500928807565728896e-04
1.866781027944171001e+00 5.403180702956450910e-04
1.873045393809755765e+00 5.309923077564577838e-04
1.879309759675340086e+00 5.220188936716212581e-04
1.885574125540924628e+00 5.133244129163875040e-04
1.891838491406509171e+00 5.048521971043993953e-04
1.898102857272093713e+00 4.965579447552323890e-04
1.904367223137678033e+00 4.884067789581191844e-04
1.910631589003262798e+00 4.803711378876957265e-04
1.916895954868847118e+00 4.724294721795274242e-04
1.923160320734431217e+00 4.645652494720456231e-04
1.929424686600015981e+00 4.567663869982050719e-04
1.935689052465600302e+00 4.490249436471145661e-04
1.941953418331184622e+00 4.413370488840000715e-04
1.948217784196769387e+00 4.337030325641584192e-04
1.954482150062353707e+00 4.261278077434051429e-04
1.960746515927938249e+00 4.186214226174126796e-04
1.967010881793522792e+00 4.111999167290036395e-04
1.973275247659107334e+00 4.038864515865904438e-04
1.979539613524691655e+00 3.967127877600503533e-04
1.985803979390275975e+00 3.897211638902716791e-04
1.992068345255860518e+00 3.829667123141487924e-04
1.998332711121445060e+00 3.765204441640334406e-04
2.004597076987029602e+00 3.704729963165270552e-04
2.010861442852613923e+00 3.649399375801662252e-04
2.017125808718198687e+00 3.600545540963878645e-04
2.023390174583783008e+00 3.560156765040889664e-04
2.029654540449367328e+00 3.530312133983012153e-04
2.035918906314951649e+00 3.513746630383205371e-04
2.042183272180535969e+00 3.513742733968183143e-04
2.048447638046120733e+00 3.534223299523623534e-04
2.054712003911705498e+00 3.579811512117291733e-04
2.060976369777289818e+00 3.655886182997507782e-04
2.067240735642874139e+00 3.768638028535561653e-04
2.073505101508458903e+00 3.925196351515140391e-04
2.079769467374043224e+00 4.134186853494249757e-04
2.086033833239627544e+00 4.424188180165398998e-04
2.092298199105211864e+00 4.733255475569454491e-04
2.098562564970796185e+00 5.158754664909844618e-04
2.104826930836380949e+00 5.682588000690904934e-04
2.111091296701965270e+00 6.327088151102106114e-04
2.117355662567549590e+00 7.120798081336349996e-04
2.123620028433134355e+00 8.103280061948413228e-04
2.129884394298719119e+00 9.331535206004579674e-04
2.136148760164303440e+00 1.089087515353981146e-03
2.142413126029888204e+00 1.291477199998479009e-03
2.148677491895472080e+00 1.562393641533055223e-03
2.154941857761056845e+00 1.941070184071347826e-03
2.161206223626641165e+00 2.504485734324839522e-03
2.167470589492225486e+00 3.426931927314869238e-03
2.173734955357810250e+00 5.204458552557919039e-03
2.179999321223394571e+00 1.003261565045361625e-02
2.186263687088978891e+00 7.248532650069730576e-02
2.192528052954563655e+00 1.513518253641748558e-02
2.198792418820147976e+00 7.119183175924225122e-03
2.205056784685732740e+00 4.764534556397687429e-03
2.211321150551317061e+00 3.639263986363182324e-03
2.217585516416901381e+00 2.980022821711874898e-03
2.223849882282485702e+00 2.547006521453825095e-03
2.230114248148070466e+00 2.240815360735008439e-03
2.236378614013654786e+00 2.012821439861367089e-03
2.242642979879239107e+00 1.836425637784341435e-03
2.248907345744823871e+00 1.695854605544911201e-03
2.255171711610408192e+00 1.581163211294066458e-03
2.261436077475992512e+00 1.485771251923326697e-03
2.267700443341576833e+00 1.405151963020028621e-03
2.273964809207161597e+00 1.336089666016552829e-03
2.280229175072746362e+00 1.276237643867345018e-03
2.286493540938330682e+00 1.223845082650075250e-03
2.292757906803915002e+00 1.177624990544183081e-03
2.299022272669499767e+00 1.136354014010505656e-03
2.305286638535084087e+00 1.099443494778929277e-03
2.311551004400668408e+00 1.066148702552928646e-03
2.317815370266253172e+00 1.035949360401320317e-03
2.324079736131837048e+00 1.008416514418022112e-03
2.330344101997421813e+00 9.831901912027631463e-04
2.336608467863006133e+00 9.772039502033719877e-04
2.342872833728590454e+00 9.386722957279307377e-04
2.349137199594175218e+00 9.188138401696624522e-04
2.355401565459759983e+00 9.003647300999369565e-04
2.361665931325344303e+00 8.831628810849162341e-04
2.367930297190929068e+00 8.670764114038129709e-04
2.374194663056513388e+00 8.519924056629296638e-04
2.380459028922097264e+00 8.378128509808128966e-04
2.386723394787682029e+00 8.244525529551557713e-04
2.392987760653266349e+00 8.118365658252805345e-04
2.399252126518850670e+00 7.998989778581411985e-04
2.405516492384435434e+00 7.885815146859101064e-04
2.411780858250019755e+00 7.778324628309205100e-04
2.418045224115604075e+00 7.676057742712882317e-04
2.424309589981188839e+00 7.578603094550603837e-04
2.430573955846773604e+00 7.485592174396182722e-04
2.436838321712357924e+00 7.396693539220094114e-04
2.443102687577942245e+00 7.311608819327973128e-04
2.449367053443526565e+00 7.230068150387578343e-04
2.455631419309111330e+00 7.151827174331432460e-04
2.461895785174696094e+00 7.076663309729016704e-04
2.468160151040279526e+00 7.004381958976278223e-04
2.474424516905864291e+00 6.934786228190934756e-04
2.480688882771448611e+00 6.867715932700936164e-04
2.486953248637033376e+00 6.803016232739018000e-04
2.493217614502617696e+00 6.740545774350509408e-04
2.499481980368202461e+00 6.680174851559440895e-04
2.505746346233786781e+00 6.621784129472184409e-04
2.512010712099371545e+00 6.565263628103560267e-04
2.518275077964955866e+00 6.510511840448153422e-04
2.524539443830540186e+00 6.457434926644394640e-04
2.530803809696124951e+00 6.405946094598373875e-04
2.537068175561709271e+00 6.355964803880647133e-04
2.543332541427293592e+00 6.307416461251778676e-04
2.549596907292878356e+00 6.260231852488433576e-04
2.555861273158462676e+00 6.214347379222271480e-04
2.562125639024046997e+00 6.169666218954737453e-04
2.568390004889631761e+00 6.126230108234296829e-04
2.574654370755216082e+00 6.083898073976299605e-04
2.580918736620800402e+00 6.042647544135669631e-04
2.587183102486384723e+00 6.002433745535855000e-04
2.593447468351969487e+00 5.963214458031955998e-04
2.599711834217553807e+00 5.924950220145201556e-04
2.605976200083138128e+00 5.887604148565976636e-04
2.612240565948722892e+00 5.851141817388025778e-04
2.618504931814307213e+00 5.815531100349031254e-04
2.624769297679891533e+00 5.780742058747487082e-04
2.631033663545476298e+00 5.746746783092503011e-04
2.637298029411060618e+00 5.713519558577987269e-04
2.643562395276644938e+00 5.681035849485019948e-04
2.649826761142229703e+00 5.649273912278287863e-04
2.656091127007814467e+00 5.618213093686359608e-04
2.662355492873398788e+00 5.587834637366366356e-04
2.668619858738983552e+00 5.558121566326580535e-04
2.674884224604567873e+00 5.529059185036805770e-04
2.681148590470152193e+00 5.500629260367953478e-04
2.687412956335736958e+00 5.472826426545072563e-04
2.693677322201320390e+00 5.445636812142507768e-04
2.699941688066905154e+00 5.419052280067978731e-04
2.706206053932489475e+00 5.393066302934434444e-04
2.712470419798074239e+00 5.367674323204387312e-04
2.718734785663658560e+00 5.342873983417925372e-04
2.724999151529243324e+00 5.318665374287099125e-04
2.731263517394827645e+00 5.295051267173325835e-04
2.737527883260412409e+00 5.272037532522600052e-04
2.743792249125996729e+00 5.249633499621416581e-04
2.750056614991581050e+00 5.227852619594213889e-04
2.756320980857165814e+00 5.206713174131336486e-04
2.762585346722750135e+00 5.186239550037071485e-04
2.768849712588334455e+00 5.166460623197067408e-04
2.775114078453919220e+00 5.147418813711305760e-04
2.781378444319503540e+00 5.129161584669015813e-04
2.787642810185087860e+00 5.111754919321799930e-04
2.793907176050672625e+00 5.095277182733654433e-04
2.800171541916256945e+00 5.079831370291463220e-04
2.806435907781841710e+00 5.065549185337073082e-04
2.812700273647425586e+00 5.052601533554341431e-04
2.818964639513009907e+00 5.041213105999672482e-04
2.825229005378594671e+00 5.031683938693109906e-04
2.831493371244178991e+00 5.024426794131613356e-04
2.837757737109763312e+00 5.020005779003036250e-04
2.844022102975348076e+00 5.019222468710113957e-04
2.850286468840932397e+00 5.023325375087264125e-04
2.856550834706516717e+00 5.034166392065376550e-04
2.862815200572101482e+00 5.054813907362908781e-04
2.869079566437685802e+00 5.090617597812761939e-04
2.875343932303270567e+00 5.151904011162950240e-04
2.881608298168855331e+00 5.261276596664513864e-04
2.887872664034439651e+00 5.479778619209925341e-04
2.894137029900023972e+00 6.047220542806347032e-04
2.900401395765608736e+00 9.677748171472627453e-04
2.906665761631193057e+00 2.649167507377803415e-04
2.912930127496777377e+00 3.555204653732824019e-04
2.919194493362362142e+00 3.923654176419358883e-04
2.925458859227945574e+00 4.089104781656138343e-04
2.931723225093530338e+00 4.178033112555840892e-04
2.937987590959115103e+00 4.230398585237337122e-04
2.944251956824699423e+00 4.262575589471589380e-04
2.950516322690284188e+00 4.282489239338624115e-04
2.956780688555868508e+00 4.294435921251968033e-04
2.963045054421452829e+00 4.300944510011893082e-04
2.969309420287037593e+00 4.303598963681307663e-04
2.975573786152621913e+00 4.303439366724372815e-04
2.981838152018206234e+00 4.301172404098308659e-04
2.988102517883790998e+00 4.297286194956353349e-04
2.994366883749375319e+00 4.292110655225107917e-04
3.000631249614959639e+00 4.285834259498182901e-04
3.006895615480544404e+00 4.278452537280308214e-04
3.013159981346128724e+00 4.269486077635258861e-04
3.019424347211713044e+00 4.256102323244583766e-04
3.025688713077297809e+00 4.153566327160528623e-04
3.031953078942882573e+00 4.274647209037815069e-04
3.038217444808466450e+00 4.257595237939749912e-04
3.044481810674050770e+00 4.247840204050504697e-04
3.050746176539635535e+00 4.240008451572988609e-04
3.057010542405219855e+00 4.233296724824299430e-04
3.063274908270804175e+00 4.227586468547190062e-04
3.069539274136388940e+00 4.222991560170228178e-04
3.075803640001973260e+00 4.219769550188038525e-04
3.082068005867557581e+00 4.218329279168815389e-04
3.088332371733142345e+00 4.219291339098161565e-04
3.094596737598726666e+00 4.223616714313926934e-04
3.100861103464311430e+00 4.232862392403081053e-04
3.107125469329895751e+00 4.249722844120970328e-04
3.113389835195480515e+00 4.279300475271343861e-04
3.119654201061064835e+00 4.332575510974858313e-04
3.125918566926649600e+00 4.438321816927457710e-04
3.132182932792233920e+00 4.704166981896242016e-04
3.138447298657818241e+00 5.983267018949577814e-04
3.144711664523402561e+00 2.183375157536043278e-04
3.150976030388986882e+00 3.330687940504115270e-04
3.157240396254571202e+00 3.577882885167608267e-04
3.163504762120155966e+00 3.678957337459796387e-04
3.169769127985740287e+00 3.730430531050266552e-04
3.176033493851324607e+00 3.759089860899395680e-04
3.182297859716908928e+00 3.775139827566289532e-04
3.188562225582494136e+00 3.782575201059111460e-04
3.194826591448078457e+00 3.772134287131873953e-04
3.201090957313662777e+00 3.804045242216083818e-04
3.207355323179247097e+00 3.797489910373281672e-04
3.213619689044831418e+00 3.793597339512948252e-04
3.219884054910415738e+00 3.786689130754484480e-04
3.226148420776000947e+00 3.785909558974279361e-04
3.232412786641585267e+00 3.780348250736941733e-04
3.238677152507169588e+00 3.774618923232089178e-04
3.244941518372753908e+00 3.768666097692895383e-04
3.251205884238338673e+00 3.762587443475144265e-04
3.257470250103922993e+00 3.756567923987578117e-04
3.263734615969507757e+00 3.750810755817782314e-04
3.269998981835091634e+00 3.745713764755859241e-04
3.276263347700675954e+00 3.742077819403456340e-04
3.282527713566260275e+00 3.742005127168149020e-04
3.288792079431845483e+00 3.753753490372994462e-04
3.295056445297429804e+00 3.880594193538684767e-04
3.301320811163014124e+00 3.593921300373876409e-04
3.307585177028598444e+00 3.643779426602102370e-04
3.313849542894183209e+00 3.649770328433771596e-04
3.320113908759767529e+00 3.650996899687242126e-04
3.326378274625352294e+00 3.642457337122395307e-04
3.332642640490936614e+00 3.636413129281307246e-04
3.338907006356521379e+00 3.629585070714119082e-04
3.345171372222105699e+00 3.622285540450705392e-04
3.351435738087690019e+00 3.614692686337788005e-04
3.357700103953274340e+00 3.606897037012541437e-04
3.363964469818859548e+00 3.599110005854680655e-04
3.370228835684443869e+00 3.591035115812619386e-04
3.376493201550028189e+00 3.582966099438257795e-04
3.382757567415612066e+00 3.574874497634456991e-04
3.389021933281196386e+00 3.566764527935944464e-04
3.395286299146781150e+00 3.558652346470036728e-04
3.401550665012365915e+00 3.550553809929054183e-04
3.407815030877950235e+00 3.542498808902763609e-04
3.414079396743534556e+00 3.534974965230347987e-04
3.420343762609118876e+00 3.526168758937650561e-04
3.426608128474703197e+00 3.517952315498298899e-04
3.432872494340288405e+00 3.510275330706247635e-04
3.439136860205872726e+00 3.502411338675828138e-04
3.445401226071457046e+00 3.494601014602445621e-04
3.451665591937041366e+00 3.486903126082159759e-04
3.457929957802625687e+00 3.479311058100161306e-04
3.464194323668210451e+00 3.471865713851182353e-04
3.470458689533795216e+00 3.464613300407450610e-04
3.476723055399379536e+00 3.457623746031156177e-04
3.482987421264963857e+00 3.451010117324452035e-04
3.489251787130548621e+00 3.444969610488554223e-04
3.495516152996132053e+00 3.439880280200302933e-04
3.501780518861717262e+00 3.436580707154504718e-04
3.508044884727301582e+00 3.437342145257794640e-04
3.514309250592885903e+00 3.451348271850443981e-04
3.520573616458470223e+00 3.603391128293626541e-04
3.526837982324054543e+00 3.286709608019872152e-04
3.533102348189639308e+00 3.337190689835128118e-04
3.539366714055224072e+00 3.344226864843006294e-04
3.545631079920808393e+00 3.343233605070950734e-04
3.551895445786393157e+00 3.339370478243554492e-04
3.558159811651977478e+00 3.334162307528284737e-04
3.564424177517561798e+00 3.328217008673571152e-04
3.570688543383146119e+00 3.321818900817245486e-04
3.576952909248731327e+00 3.315108406455885971e-04
3.583217275114315647e+00 3.308139838748476468e-04
3.589481640979899968e+00 3.300871718347769975e-04
3.595746006845484288e+00 3.292989478298736735e-04
3.602010372711068609e+00 3.281626617314786472e-04
3.608274738576652929e+00 3.290104969455812794e-04
3.614539104442237694e+00 3.277078623813763233e-04
3.620803470307822014e+00 3.268956956675012591e-04
3.627067836173406334e+00 3.261464563085395962e-04
3.633332202038990655e+00 3.254179873879410405e-04
3.639596567904574975e+00 3.246990674804881732e-04
3.645860933770160184e+00 3.238237857140787530e-04
3.652125299635744504e+00 3.232830384911529746e-04
3.658389665501328825e+00 3.225784279528708543e-04
3.664654031366913145e+00 3.218776214668212909e-04
3.670918397232497465e+00 3.211800353510412790e-04
3.677182763098081786e+00 3.204854203373268132e-04
3.683447128963666994e+00 3.197937018932498127e-04
3.689711494829251315e+00 3.191048432737463632e-04
3.695975860694835635e+00 3.184188266782315112e-04
3.702240226560420400e+00 3.177356522431359995e-04
3.708504592426004720e+00 3.170553339609111232e-04
3.714768958291589040e+00 3.163778932783808538e-04
3.721033324157174249e+00 3.157033862936997420e-04
3.727297690022757681e+00 3.150319691453454230e-04
3.733562055888342002e+00 3.143642943531223624e-04
3.739826421753926322e+00 3.137135218977989267e-04
3.746090787619511531e+00 3.130263044038379054e-04
3.752355153485095851e+00 3.123684044006278817e-04
3.758619519350680171e+00 3.117113486121881054e-04
3.764883885216264936e+00 3.110566999160300117e-04
3.771148251081849256e+00 3.104047091230972832e-04
3.777412616947433577e+00 3.097554508571514630e-04
3.783676982813018341e+00 3.091089508944864107e-04
3.789941348678603106e+00 3.084652178203002170e-04
3.796205714544187426e+00 3.078242515354647109e-04
3.802470080409771747e+00 3.071860524798685778e-04
3.808734446275356067e+00 3.065505770192586518e-04
3.814998812140940387e+00 3.059178826812052054e-04
3.821263178006525596e+00 3.052879051816119091e-04
3.827527543872109916e+00 3.046606736463661202e-04
3.833791909737694237e+00 3.040361468539630051e-04
3.840056275603278113e+00 3.034143236758909457e-04
3.846320641468862433e+00 3.027951904295436247e-04
3.852585007334447642e+00 3.021787355750194665e-04
3.858849373200031962e+00 3.015649452235589709e-04
3.865113739065616283e+00 3.009538069622249234e-04
3.871378104931200603e+00 3.003453073134682775e-04
3.877642470796784924e+00 2.997394325103281548e-04
3.883906836662369244e+00 2.991361690695850230e-04
3.890171202527954453e+00 2.985355021424936019e-04
3.896435568393538773e+00 2.979374193227960128e-04
3.902699934259123093e+00 2.973419057485083249e-04
3.908964300124707414e+00 2.967489720009961287e-04
3.915228665990292178e+00 2.961585297338475867e-04
3.921493031855876499e+00 2.955706382424747036e-04
3.927757397721461263e+00 2.949852605150173773e-04
3.934021763587045584e+00 2.944023781871160411e-04
3.940286129452630348e+00 2.938219498872039867e-04
3.946550495318214669e+00 2.932441037480989924e-04
3.952814861183798101e+00 2.926686249349595725e-04
3.959079227049383309e+00 2.920956030549552848e-04
3.965343592914967630e+00 2.915250289941870407e-04
3.971607958780551950e+00 2.909568305621972354e-04
3.977872324646136271e+00 2.903910622936346385e-04
3.984136690511721035e+00 2.898276831327805834e-04
3.990401056377305355e+00 2.892666809095721528e-04
3.996665422242890120e+00 2.887080430359680061e-04
4.002929788108474440e+00 2.881517584456656463e-04
4.009194153974059205e+00 2.875978120925219228e-04
4.015458519839643081e+00 2.870461921914722664e-04
4.021722885705227846e+00 2.864968899014715934e-04
4.027987251570812610e+00 2.859498854057983437e-04
4.034251617436397375e+00 2.854051688683302036e-04
4.040515983301981251e+00 2.848627211917751745e-04
4.046780349167566015e+00 2.843225175088964600e-04
4.053044715033150780e+00 2.837845237961508001e-04
4.059309080898734656e+00 2.832486607573783330e-04
4.065573446764319421e+00 2.827147238415438231e-04
4.071837812629903297e+00 2.821820704938977366e-04
4.078102178495488062e+00 2.816460454202360741e-04
4.084366544361071938e+00 2.811600106286824756e-04
4.090630910226656702e+00 2.806159096859159058e-04
4.096895276092241467e+00 2.800919997992841600e-04
4.103159641957826231e+00 2.795724173421291299e-04
4.109424007823410996e+00 2.790561697206055906e-04
4.115688373688994872e+00 2.785435761819395279e-04
4.121952739554579637e+00 2.780329439151642355e-04
4.128217105420163513e+00 2.775280019867431571e-04
4.134481471285748277e+00 2.770285464765643766e-04
4.140745837151333042e+00 2.765379008610107194e-04
4.147010203016917806e+00 2.760644491408957178e-04
4.153274568882501683e+00 2.756399808793364619e-04
4.159538934748086447e+00 2.755894200795929849e-04
4.165803300613670324e+00 2.739422267840943797e-04
4.172067666479255088e+00 2.737602427498812396e-04
4.178332032344839853e+00 2.733328447889946089e-04
4.184596398210423729e+00 2.728680326217642347e-04
4.190860764076008493e+00 2.723915561435361456e-04
4.197125129941592370e+00 2.719106189621467722e-04
4.203389495807178022e+00 2.714279575730431859e-04
4.209653861672761899e+00 2.709447550631152355e-04
4.215918227538346663e+00 2.704614372122128292e-04
4.222182593403930539e+00 2.699778038914019259e-04
4.228446959269515304e+00 2.694924761277473911e-04
4.234711325135099180e+00 2.689991625787935443e-04
4.240975691000684833e+00 2.684173321765664878e-04
4.247240056866268709e+00 2.681609637662671309e-04
4.253504422731853474e+00 2.676396609908838977e-04
4.259768788597438238e+00 2.671582352551364224e-04
4.266033154463022115e+00 2.666830187461890979e-04
4.272297520328606879e+00 2.662103356449874582e-04
4.278561886194191644e+00 2.657425809710624548e-04
4.284826252059776408e+00 2.652747816267272312e-04
4.291090617925360284e+00 2.648067684498994962e-04
4.297354983790944161e+00 2.643251341067297234e-04
4.303619349656528037e+00 2.639250845788048750e-04
4.309883715522113690e+00 2.634458633581777108e-04
4.316148081387697566e+00 2.629850548832266834e-04
4.322412447253282330e+00 2.625287622836614226e-04
4.328676813118867095e+00 2.620725675004031367e-04
4.334941178984450971e+00 2.616207610977992651e-04
4.341205544850035736e+00 2.611702874196912051e-04
4.347469910715620500e+00 2.607214848259569958e-04
4.353734276581205265e+00 2.602743359756972503e-04
4.359998642446789141e+00 2.598288153698825940e-04
4.366263008312373906e+00 2.593849011856140703e-04
4.372527374177957782e+00 2.589425781982657572e-04
4.378791740043542546e+00 2.585018525325351920e-04
4.385056105909127311e+00 2.580627819236629540e-04
4.391320471774712075e+00 2.576255963772303560e-04
4.397584837640295952e+00 2.571914055115696201e-04
4.403849203505880716e+00 2.567762957486064410e-04
4.410113569371465481e+00 2.563015254781754156e-04
4.416377935237049357e+00 2.558749221201116154e-04
4.422642301102634121e+00 2.554431372381650057e-04
4.428906666968217998e+00 2.550100311363481245e-04
4.435171032833802762e+00 2.545749890811969149e-04
4.441435398699386639e+00 2.541354002670873297e-04
4.447699764564971403e+00 2.536837187371682417e-04
4.453964130430556168e+00 2.531893002328864761e-04
4.460228496296140932e+00 2.522396779420140183e-04
4.466492862161724808e+00 2.528535036526307635e-04
4.472757228027309573e+00 2.522392716808476544e-04
4.479021593892894337e+00 2.517740610438509827e-04
4.485285959758478214e+00 2.513374146033622446e-04
4.491550325624062978e+00 2.509119941683556954e-04
4.497814691489647743e+00 2.504926102404498602e-04
4.504079057355232507e+00 2.500771937679310331e-04
4.510343423220816383e+00 2.496647160648351668e-04
4.516607789086401148e+00 2.492546588473330501e-04
4.522872154951985024e+00 2.488466862793635198e-04
4.529136520817569789e+00 2.484405915539791951e-04
4.535400886683153665e+00 2.480362308584928939e-04
4.541665252548738430e+00 2.476335043854582373e-04
4.547929618414323194e+00 2.472323310564985741e-04
4.554193984279907070e+00 2.468326472349496067e-04
4.560458350145492723e+00 2.464343547199066248e-04
4.566722716011076599e+00 2.460376095798814749e-04
4.572987081876661364e+00 2.456422008751456905e-04
4.579251447742245240e+00 2.452485296839183025e-04
4.585515813607830005e+00 2.448863276489998231e-04
4.591780179473413881e+00 2.444593835772342506e-04
4.598044545338999534e+00 2.440686915944149916e-04
4.604308911204583410e+00 2.436777453756206325e-04
4.610573277070168174e+00 2.432862609005439277e-04
4.616837642935752051e+00 2.428922291185718575e-04
4.623102008801336815e+00 2.426642329966236693e-04
4.629366374666921580e+00 2.420882831145268076e-04
4.635630740532506344e+00 2.415568272444746387e-04
4.641895106398090221e+00 2.416580713483086455e-04
4.648159472263674097e+00 2.411066714856124936e-04
4.654423838129258861e+00 2.406962653013763952e-04
4.660688203994843626e+00 2.403060342744570512e-04
4.666952569860428390e+00 2.399230443088104048e-04
4.673216935726012267e+00 2.395432888901385298e-04
4.679481301591597031e+00 2.391615377724316707e-04
4.685745667457180907e+00 2.388206459665243779e-04
4.692010033322765672e+00 2.384330049228563651e-04
4.698274399188350436e+00 2.380609784099872327e-04
4.704538765053935201e+00 2.376918562829257483e-04
4.710803130919519965e+00 2.373245983820613690e-04
4.717067496785103842e+00 2.369589062390076411e-04
4.723331862650688606e+00 2.365947231927066120e-04
4.729596228516272483e+00 2.362317638248406120e-04
4.735860594381858135e+00 2.358701886601530413e-04
4.742124960247442012e+00 2.355099006412797469e-04
4.748389326113026776e+00 2.351508724177870974e-04
4.754653691978609764e+00 2.347930860735160581e-04
4.760918057844194529e+00 2.344365121267964313e-04
4.767182423709779293e+00 2.340811781183012199e-04
4.773446789575364058e+00 2.337270162922695696e-04
4.779711155440948822e+00 2.333740577527983174e-04
4.785975521306532698e+00 2.330222773718063425e-04
4.792239887172117463e+00 2.326716675612921018e-04
4.798504253037701339e+00 2.323222183691674506e-04
4.804768618903286992e+00 2.319739855192682265e-04
4.811032984768870868e+00 2.316268062984137724e-04
4.817297350634455633e+00 2.312808072870600035e-04
4.823561716500039509e+00 2.309359487532830057e-04
4.829826082365624274e+00 2.305922214504585877e-04
4.836090448231208150e+00 2.302496203736985900e-04
4.842354814096793802e+00 2.299081396916057712e-04
4.848619179962377679e+00 2.295677755368758953e-04
4.854883545827962443e+00 2.292285200816760707e-04
4.861147911693547208e+00 2.288903739791184376e-04
4.867412277559131084e+00 2.285533294127810615e-04
4.873676643424715849e+00 2.282173864912094932e-04
4.879941009290299725e+00 2.278825296895681653e-04
4.886205375155884489e+00 2.275487680513059018e-04
4.892469741021468366e+00 2.272160932190852298e-04
4.898734106887053130e+00 2.268845020326429741e-04
4.904998472752637007e+00 2.265539909086357686e-04
4.911262838618222659e+00 2.262245537426011376e-04
4.917527204483807424e+00 2.258963000187580537e-04
4.923791570349392188e+00 2.255689258248818393e-04
4.930055936214975176e+00 2.252427090891007328e-04
4.936320302080559053e+00 2.249175519502286471e-04
4.942584667946144705e+00 2.245934529760249443e-04
4.948849033811728582e+00 2.242704002084698991e-04
4.955113399677313346e+00 2.239483717877758498e-04
4.961377765542897222e+00 2.236273227166398750e-04
4.967642131408481987e+00 2.233071166730449047e-04
4.973906497274066751e+00 2.229872352378054292e-04
4.980170863139651516e+00 2.226606945995391403e-04
4.986435229005235392e+00 2.223620037078617728e-04
4.992699594870820157e+00 2.220431768008342013e-04
4.998963960736404921e+00 2.217280350463440841e-04
5.005228326601988798e+00 2.214144518584822087e-04
5.011492692467573562e+00 2.211021133306196402e-04
5.017757058333158326e+00 2.207909112660406590e-04
5.024021424198743091e+00 2.204807120078613645e-04
5.030285790064326967e+00 2.201715139368153767e-04
5.036550155929911732e+00 2.198630706559701888e-04
5.042814521795495608e+00 2.195174534271375716e-04
5.049078887661080373e+00 2.192456675074878881e-04
5.055343253526665137e+00 2.189330697847204684e-04
5.061607619392249902e+00 2.186034649849768400e-04
5.067871985257833778e+00 2.180004930044637096e-04
5.074136351123418542e+00 2.181838532860403985e-04
5.080400716989003307e+00 2.178324750551264731e-04
5.086665082854587183e+00 2.175268197977346110e-04
5.092929448720171948e+00 2.172338132977683230e-04
5.099193814585756712e+00 2.169489612726196743e-04
5.105458180451341477e+00 2.166721087748091758e-04
5.111722546316925353e+00 2.164050189388611392e-04
5.117986912182510117e+00 2.161515246708885338e-04
5.124251278048093994e+00 2.159191344311729439e-04
5.130515643913679646e+00 2.157236446630737858e-04
5.136780009779263523e+00 2.156040640350115236e-04
5.143044375644848287e+00 2.156887972821985530e-04
5.149308741510432164e+00 2.167939630942066083e-04
5.155573107376016040e+00 2.068122424189923893e-04
5.161837473241600804e+00 2.122982224491168585e-04
5.168101839107184681e+00 2.126540444209414266e-04
5.174366204972769445e+00 2.126120257108861551e-04
5.180630570838353322e+00 2.124534845420346222e-04
5.186894936703938974e+00 2.122454417735522678e-04
5.193159302569522850e+00 2.120120568697003575e-04
5.199423668435107615e+00 2.117641589426551806e-04
5.205688034300691491e+00 2.115073252439826992e-04
5.211952400166276256e+00 2.112447194904631920e-04
5.218216766031861020e+00 2.109782637398442120e-04
5.224481131897445785e+00 2.107092005186959991e-04
5.230745497763030549e+00 2.104383539863490698e-04
5.237009863628614426e+00 2.101662841780978219e-04
5.243274229494199190e+00 2.098933042285407473e-04
5.249538595359783066e+00 2.096149314814509481e-04
5.255802961225367831e+00 2.093475938612997624e-04
5.262067327090952595e+00 2.090737933635788211e-04
5.268331692956537360e+00 2.088002614236588502e-04
5.274596058822121236e+00 2.085269628236083599e-04
5.280860424687706001e+00 2.082539480123496520e-04
5.287124790553289877e+00 2.079812838642988606e-04
5.293389156418874641e+00 2.077090176198310902e-04
5.299653522284459406e+00 2.074371927310517528e-04
5.305917888150044170e+00 2.071658447736378014e-04
5.312182254015628935e+00 2.068950024033821980e-04
5.318446619881212811e+00 2.066246889063864511e-04
5.324710985746797576e+00 2.063549212343185758e-04
5.330975351612381452e+00 2.060857111703956880e-04
5.337239717477967105e+00 2.058170621358765880e-04
5.343504083343550981e+00 2.055489660504837806e-04
5.349768449209135746e+00 2.052813781789747101e-04
5.356032815074719622e+00 2.050141598139740111e-04
5.362297180940304386e+00 2.047465980309915974e-04
5.368561546805888263e+00 2.044386987123637475e-04
5.374825912671473915e+00 2.042229208601670882e-04
5.381090278537057792e+00 2.039570218858232308e-04
5.387354644402640780e+00 2.036929545326096114e-04
5.393619010268225544e+00 2.034298298340918841e-04
5.399883376133810309e+00 2.031674708560065028e-04
5.406147741999395073e+00 2.029053119641136904e-04
5.412412107864978950e+00 2.026449116983705862e-04
5.418676473730563714e+00 2.023846345000417872e-04
5.424940839596148479e+00 2.021250343292435971e-04
5.431205205461732355e+00 2.018661053745406987e-04
5.437469571327317119e+00 2.016078478158281719e-04
5.443733937192901884e+00 2.013499753352397095e-04
5.449998303058486648e+00 2.010932435280991153e-04
5.456262668924070525e+00 2.008369576071715099e-04
5.462527034789655289e+00 2.005813169676779037e-04
5.468791400655239165e+00 2.003263138231736577e-04
5.475055766520824818e+00 2.000719484810528832e-04
5.481320132386408694e+00 1.998181735578699700e-04
5.487584498251993459e+00 1.995649897657480684e-04
5.493848864117577335e+00 1.993123762640980226e-04
5.500113229983162100e+00 1.990599926373817893e-04
5.506377595848745976e+00 1.988068934503200145e-04
5.512641961714331629e+00 1.984943097211987076e-04
5.518906327579915505e+00 1.983163318421626658e-04
5.525170693445500270e+00 1.980646940677941706e-04
5.531435059311085034e+00 1.978154951429891395e-04
5.537699425176668910e+00 1.975673712720163054e-04
5.543963791042253675e+00 1.973200663891339242e-04
5.550228156907838439e+00 1.970734975426693654e-04
5.556492522773423204e+00 1.968276346390031382e-04
5.562756888639007080e+00 1.965824638866748913e-04
5.569021254504591845e+00 1.963379858920843480e-04
5.575285620370175721e+00 1.960942110593838744e-04
5.581549986235760485e+00 1.958511485141167276e-04
5.587814352101345250e+00 1.956088683043151423e-04
5.594078717966930014e+00 1.953674404156140545e-04
5.600343083832513891e+00 1.951270633782589302e-04
5.606607449698098655e+00 1.948882599729087823e-04
5.612871815563683420e+00 1.946530142952857749e-04
5.619136181429266408e+00 1.944415203044906853e-04
5.625400547294851172e+00 1.941306826907553942e-04
5.631664913160435049e+00 1.939122867083798796e-04
5.637929279026019813e+00 1.936789372168191243e-04
5.644193644891604578e+00 1.934459186648112845e-04
5.650458010757189342e+00 1.932076599315742126e-04
5.656722376622773218e+00 1.929724450239401925e-04
5.662986742488357983e+00 1.927375575847977047e-04
5.669251108353942747e+00 1.925030873665091111e-04
5.675515474219526624e+00 1.922691391057988319e-04
5.681779840085112276e+00 1.920356755550323656e-04
5.688044205950696153e+00 1.918028885419043646e-04
5.694308571816280917e+00 1.915705910826558404e-04
5.700572937681864794e+00 1.913388738279449156e-04
5.706837303547449558e+00 1.911077373944477609e-04
5.713101669413033434e+00 1.908771937657142981e-04
5.719366035278619087e+00 1.906472646956572175e-04
5.725630401144202963e+00 1.904180125882196973e-04
5.731894767009787728e+00 1.901897524878107010e-04
5.738159132875371604e+00 1.899236202511506155e-04
5.744423498740956369e+00 1.897313973265792747e-04
5.750687864606541133e+00 1.895048267094293819e-04
5.756952230472125898e+00 1.892784763450863945e-04
5.763216596337710662e+00 1.890526287264168953e-04
5.769480962203294538e+00 1.888273511392239527e-04
5.775745328068879303e+00 1.886026814781815379e-04
5.782009693934463179e+00 1.883786593264710557e-04
5.788274059800047944e+00 1.881553453665546537e-04
5.794538425665632708e+00 1.879328522681420215e-04
5.800802791531217473e+00 1.877114261928984563e-04
5.807067157396801349e+00 1.874917375552581579e-04
5.813331523262386114e+00 1.872764785759208094e-04
5.819595889127969990e+00 1.871012386818241252e-04
5.825860254993554754e+00 1.867899093395089419e-04
5.832124620859139519e+00 1.865875647455219070e-04
5.838388986724724283e+00 1.863724866752545367e-04
5.844653352590307271e+00 1.861554912684883418e-04
5.850917718455891148e+00 1.859381635219696678e-04
5.857182084321476800e+00 1.857209591052767566e-04
5.863446450187060677e+00 1.855040597082317582e-04
5.869710816052645441e+00 1.852875523106155536e-04
5.875975181918230206e+00 1.850714833071709809e-04
5.882239547783814082e+00 1.848558550773065593e-04
5.888503913649398847e+00 1.846407604101175709e-04
5.894768279514983611e+00 1.844261259996014986e-04
5.901032645380568376e+00 1.842119904936650489e-04
5.907297011246152252e+00 1.839983562151094071e-04
5.913561377111737016e+00 1.837852290598652625e-04
5.919825742977320893e+00 1.835726100273613179e-04
5.926090108842905657e+00 1.833605025024811737e-04
5.932354474708490422e+00 1.831489087996239907e-04
5.938618840574075186e+00 1.829378354944649946e-04
5.944883206439659062e+00 1.827272891586528467e-04
5.951147572305243827e+00 1.825172821355727044e-04
5.957411938170827703e+00 1.823078360892473027e-04
5.963676304036412468e+00 1.820989965874223989e-04
5.969940669901997232e+00 1.818908610863171130e-04
5.976205035767581997e+00 1.816837038964129198e-04
5.982469401633166761e+00 1.814786561783494488e-04
5.988733767498750638e+00 1.812927426265645704e-04
5.994998133364335402e+00 1.810477261166397597e-04
6.001262499229919278e+00 1.808478519165914551e-04
6.007526865095504931e+00 1.806437743461757203e-04
6.013791230961088807e+00 1.804392782594515707e-04
6.020055596826673572e+00 1.802349365959328724e-04
6.026319962692257448e+00 1.800309196680689630e-04
6.032584328557842213e+00 1.798272946741359202e-04
6.038848694423426089e+00 1.796240958290369800e-04
6.045113060289011742e+00 1.794213384073569892e-04
6.051377426154595618e+00 1.792190329154745381e-04
6.057641792020180382e+00 1.790171945922081889e-04
6.063906157885765147e+00 1.788157549898188470e-04
6.070170523751349023e+00 1.786148339920523738e-04
6.076434889616932900e+00 1.784143613108540144e-04
6.082699255482516776e+00 1.782143467844185081e-04
6.088963621348101540e+00 1.780147913851674337e-04
6.095227987213686305e+00 1.778156942834923824e-04
6.101492353079271069e+00 1.776170536391418516e-04
6.107756718944854946e+00 1.774188741265074389e-04
6.114021084810439710e+00 1.772211468311099092e-04
6.120285450676024475e+00 1.770238745990780583e-04
6.126549816541608351e+00 1.768270557771606201e-04
6.132814182407193115e+00 1.766306892142389788e-04
6.139078548272777880e+00 1.764347740383724584e-04
6.145342914138362644e+00 1.762393017413811940e-04
6.151607280003946521e+00 1.760442904201706973e-04
6.157871645869531285e+00 1.758497274484204604e-04
6.164136011735115162e+00 1.756558300009231457e-04
6.170400377600699926e+00 1.754618756078014268e-04
6.176664743466284690e+00 1.752686478103691393e-04
6.182929109331869455e+00 1.750758539331402229e-04
6.189193475197453331e+00 1.748834997310760723e-04
6.195457841063038096e+00 1.746915886604398765e-04
6.201722206928622860e+00 1.745000901126193382e-04
6.207986572794206737e+00 1.743090594570424127e-04
6.214250938659791501e+00 1.741184596676833814e-04
6.220515304525376266e+00 1.739282965709496617e-04
6.226779670390961030e+00 1.737385717836412364e-04
6.233044036256544906e+00 1.735492820155061099e-04
6.239308402122129671e+00 1.733604422754345174e-04
6.245572767987713547e+00 1.731720447701228047e-04
6.251837133853299200e+00 1.729840999376929369e-04
6.258101499718882188e+00 1.727966206224768216e-04
6.264365865584467841e+00 1.726096283205682635e-04
6.270630231450052605e+00 1.724231659109752785e-04
6.276894597315636481e+00 1.722372769342562051e-04
6.283158963181221246e+00 1.720523280271427059e-04
6.289423329046805122e+00 1.718690897846698287e-04
6.295687694912389887e+00 1.716953723299905713e-04
6.301952060777973763e+00 1.714754551360072590e-04
6.308216426643557639e+00 1.713031783726678557e-04
6.314480792509142404e+00 1.711216650508503993e-04
6.320745158374726280e+00 1.709392624976640109e-04
6.327009524240311933e+00 1.707584095173749470e-04
6.333273890105896697e+00 1.705739742688581703e-04
6.339538255971480574e+00 1.703920720582563389e-04
6.345802621837065338e+00 1.702104247562759808e-04
6.352066987702649214e+00 1.700291215178229389e-04
6.358331353568233979e+00 1.698481935951245817e-04
6.364595719433817855e+00 1.696676471836440242e-04
6.370860085299402620e+00 1.694874926321065882e-04
6.377124451164988272e+00 1.693077346191353496e-04
6.383388817030571261e+00 1.691283782344191785e-04
6.389653182896156913e+00 1.689494274974208160e-04
6.395917548761740790e+00 1.687708867190314786e-04
6.402181914627325554e+00 1.685927609180879123e-04
6.408446280492910319e+00 1.684150564833033787e-04
6.414710646358494195e+00 1.682377801672285721e-04
6.420975012224078959e+00 1.680609419211908523e-04
6.427239378089662836e+00 1.678845544683331794e-04
6.433503743955248488e+00 1.677086342107900056e-04
6.439768109820831476e+00 1.675332052421021596e-04
6.446032475686417129e+00 1.673582963673308154e-04
6.452296841552001894e+00 1.671839544799865048e-04
6.458561207417585770e+00 1.670102439834235679e-04
6.464825573283170534e+00 1.668372634425316532e-04
6.471089939148754411e+00 1.666651680956814758e-04
6.477354305014339175e+00 1.664942174321100454e-04
6.483618670879924828e+00 1.663248782521621323e-04
6.489883036745507816e+00 1.661580809277591404e-04
6.496147402611093469e+00 1.659959799871165743e-04
6.502411768476677345e+00 1.658450011060455076e-04
6.508676134342262110e+00 1.657358576990895923e-04
6.514940500207845986e+00 1.684708472636872061e-04
6.521204866073430750e+00 1.651213750202190416e-04
6.527469231939015515e+00 1.650223149295943317e-04
6.533733597804598503e+00 1.648746568993437523e-04
6.539997963670183267e+00 1.647155082663602987e-04
6.546262329535768032e+00 1.645520205012504836e-04
6.552526695401351908e+00 1.643865421754105865e-04
6.558791061266936673e+00 1.642200710385724818e-04
6.565055427132520549e+00 1.640532210463095620e-04
6.571319792998106202e+00 1.638858272674746912e-04
6.577584158863690966e+00 1.637185539816490539e-04
6.583848524729274843e+00 1.635513133505600786e-04
6.590112890594859607e+00 1.633841966466149595e-04
6.596377256460443483e+00 1.632173108875431728e-04
6.602641622326028248e+00 1.630509477355608259e-04
6.608905988191612124e+00 1.628888650465852290e-04
6.615170354057196889e+00 1.627132429604473732e-04
6.621434719922782541e+00 1.625483492152642799e-04
6.627699085788366418e+00 1.623824170313603772e-04
6.633963451653951182e+00 1.622164122625240523e-04
6.640227817519535058e+00 1.620504657857436699e-04
6.646492183385119823e+00 1.618846034720975130e-04
6.652756549250704587e+00 1.617188181968480141e-04
6.659020915116288464e+00 1.615530892066929661e-04
6.665285280981873228e+00 1.613873838698453938e-04
6.671549646847457105e+00 1.612216580329037675e-04
6.677814012713042757e+00 1.610558540868666422e-04
6.684078378578625745e+00 1.608898980070606367e-04
6.690342744444211398e+00 1.607236931428650847e-04
6.696607110309796163e+00 1.605571115625184205e-04
6.702871476175380039e+00 1.603899849685332070e-04
6.709135842040964803e+00 1.602220758231859038e-04
6.715400207906548680e+00 1.600530540128980840e-04
6.721664573772133444e+00 1.598824330713320490e-04
6.727928939637719097e+00 1.597094682794329560e-04
6.734193305503302973e+00 1.595329542231981143e-04
6.740457671368887738e+00 1.593507905415907913e-04
6.746722037234471614e+00 1.591589416829828219e-04
6.752986403100056378e+00 1.589484635777876583e-04
6.759250768965640255e+00 1.586946961561056847e-04
6.765515134831224131e+00 1.582942428107316033e-04
6.771779500696808896e+00 1.559786959828854760e-04
6.778043866562392772e+00 1.593794016733571391e-04
6.784308232427977536e+00 1.587087829446473465e-04
6.790572598293562301e+00 1.584003908500658281e-04
6.796836964159146177e+00 1.581602776907274177e-04
6.803101330024731830e+00 1.579384514047164130e-04
6.809365695890314818e+00 1.577127164047063747e-04
6.815630061755900471e+00 1.574555881677604295e-04
6.821894427621484347e+00 1.570791213489224384e-04
6.828158793487069111e+00 1.555768515792656432e-04
6.834423159352653876e+00 1.583272131319684174e-04
6.840687525218237752e+00 1.575052360808253571e-04
6.846951891083822517e+00 1.571881117962766632e-04
6.853216256949406393e+00 1.569593323574554398e-04
6.859480622814991158e+00 1.567622713254978098e-04
6.865744988680576810e+00 1.565803904463410794e-04
6.872009354546160687e+00 1.564070917193233884e-04
6.878273720411745451e+00 1.562392091268274201e-04
6.884538086277329327e+00 1.560750242599726783e-04
6.890802452142914092e+00 1.559135225084542652e-04
6.897066818008497968e+00 1.557540615802678488e-04
6.903331183874082733e+00 1.555962153233911760e-04
6.909595549739668385e+00 1.554396857082452038e-04
6.915859915605251373e+00 1.552842563603761775e-04
6.922124281470837026e+00 1.551298334686546869e-04
6.928388647336420902e+00 1.549761706293989580e-04
6.934653013202005667e+00 1.548232705066100094e-04
6.940917379067590431e+00 1.546710425017012655e-04
6.947181744933174308e+00 1.545194316214593469e-04
6.953446110798759072e+00 1.543683689221062667e-04
6.959710476664342949e+00 1.542178522207196436e-04
6.965974842529927713e+00 1.540678297174063809e-04
6.972239208395511589e+00 1.539182775254822899e-04
6.978503574261097242e+00 1.537691736307504544e-04
6.984767940126682007e+00 1.536205063637855199e-04
6.991032305992264106e+00 1.534722435520311738e-04
6.997296671857849759e+00 1.533243832694390380e-04
7.003561037723434524e+00 1.531769106103170078e-04
7.009825403589018400e+00 1.530298145953131069e-04
7.016089769454603164e+00 1.528830859595558048e-04
7.022354135320187041e+00 1.527367157416616812e-04
7.028618501185771805e+00 1.525906968972012162e-04
7.034882867051357458e+00 1.524450219694957974e-04
7.041147232916940446e+00 1.522996853150833819e-04
7.047411598782526099e+00 1.521546811766609150e-04
7.053675964648109087e+00 1.520100044368332824e-04
7.059940330513694740e+00 1.518656502102709571e-04
7.066204696379278616e+00 1.517216141719607996e-04
7.072469062244863380e+00 1.515778922399637046e-04
7.078733428110448145e+00 1.514344804261893507e-04
7.084997793976032021e+00 1.512913744142098534e-04
7.091262159841616786e+00 1.511485651951623838e-04
7.097526525707200662e+00 1.510060731508387907e-04
7.103790891572786315e+00 1.508638654804606775e-04
7.110055257438371079e+00 1.507219509965197421e-04
7.116319623303954955e+00 1.505803254088167664e-04
7.122583989169539720e+00 1.504389844216353798e-04
7.128848355035123596e+00 1.502979236227953801e-04
7.135112720900708361e+00 1.501571368943969064e-04
7.141377086766292237e+00 1.500166170391669621e-04
7.147641452631877002e+00 1.498763534797860363e-04
7.153905818497462654e+00 1.497363290322093333e-04
7.160170184363045642e+00 1.495965184198400652e-04
7.166434550228631295e+00 1.494568599503095434e-04
7.172698916094215171e+00 1.493172096992320121e-04
7.178963281959799936e+00 1.491770385802092160e-04
7.185227647825384700e+00 1.490312830875064156e-04
7.191492013690968577e+00 1.489121083258329906e-04
7.197756379556553341e+00 1.487681239094815211e-04
7.204020745422137217e+00 1.486285845120464716e-04
7.210285111287722870e+00 1.484889532859419165e-04
7.216549477153305858e+00 1.483388960784509983e-04
7.222813843018889735e+00 1.482264110063933346e-04
7.229078208884475387e+00 1.480850702783024402e-04
7.235342574750058375e+00 1.479474961697888741e-04
7.241606940615644028e+00 1.478108326186034405e-04
7.247871306481228793e+00 1.476748073925029351e-04
7.254135672346812669e+00 1.475390077587634919e-04
7.260400038212397433e+00 1.474035785134171007e-04
7.266664404077981310e+00 1.472684557243559710e-04
7.272928769943566074e+00 1.471336205294697158e-04
7.279193135809149950e+00 1.469990626727168492e-04
7.285457501674734715e+00 1.468647749875901562e-04
7.291721867540320368e+00 1.467307522089894047e-04
7.297986233405904244e+00 1.465969900905676412e-04
7.304250599271489008e+00 1.464634845608567141e-04
7.310514965137072885e+00 1.463302350988879925e-04
7.316779331002657649e+00 1.461972333164099575e-04
7.323043696868242414e+00 1.460644776684006047e-04
7.329308062733826290e+00 1.459319653902892708e-04
7.335572428599411943e+00 1.457996896085001642e-04
7.341836794464994931e+00 1.456676426344568655e-04
7.348101160330580583e+00 1.455358142038291902e-04
7.354365526196163572e+00 1.454041876894578535e-04
7.360629892061749224e+00 1.452727339130843048e-04
7.366894257927333989e+00 1.451413975523713651e-04
7.373158623792917865e+00 1.450100548198775556e-04
7.379422989658502630e+00 1.448783555374593139e-04
7.385687355524086506e+00 1.447447587405058440e-04
7.391951721389671270e+00 1.445724100695436538e-04
7.398216087255256923e+00 1.445029964207238376e-04
7.404480453120840799e+00 1.443677704962586280e-04
7.410744818986425564e+00 1.442368609665561658e-04
7.417009184852009440e+00 1.441070713969520520e-04
7.423273550717594205e+00 1.439778542432834446e-04
7.429537916583178081e+00 1.438490371177440026e-04
7.435802282448762845e+00 1.437205484610880281e-04
7.442066648314348498e+00 1.435923526191054407e-04
7.448331014179930598e+00 1.434644297033373865e-04
7.454595380045515363e+00 1.433367673317709429e-04
7.460859745911100127e+00 1.432093569439925015e-04
7.467124111776684003e+00 1.430821900683017245e-04
7.473388477642269656e+00 1.429552482958096967e-04
7.479652843507852644e+00 1.428291397663111523e-04
7.485917209373438297e+00 1.427022382809566556e-04
7.492181575239023061e+00 1.425760200434427068e-04
7.498445941104606938e+00 1.424500505471641579e-04
7.504710306970191702e+00 1.423243184578897665e-04
7.510974672835775579e+00 1.421988200135158669e-04
7.517239038701360343e+00 1.420735537500070233e-04
7.523503404566944219e+00 1.419485180664657883e-04
7.529767770432529872e+00 1.418237117847156818e-04
7.536032136298114636e+00 1.416991347772678100e-04
7.542296502163698513e+00 1.415747844398738942e-04
7.548560868029283277e+00 1.414506609870494328e-04
7.554825233894867154e+00 1.413267634186308238e-04
7.561089599760451918e+00 1.412030907998688273e-04
7.567353965626036683e+00 1.410796428255017138e-04
7.573618331491620559e+00 1.409564195434252255e-04
7.579882697357206212e+00 1.408334162472883310e-04
7.586147063222789200e+00 1.407106368967890511e-04
7.592411429088374852e+00 1.405880790986907623e-04
7.598675794953958729e+00 1.404657424318969845e-04
7.604940160819543493e+00 1.403436263947762394e-04
7.611204526685128258e+00 1.402217306004870892e-04
7.617468892550712134e+00 1.401000553002526756e-04
7.623733258416296898e+00 1.399786012336211240e-04
7.629997624281880775e+00 1.398573712967830459e-04
7.636261990147466427e+00 1.397363717726137031e-04
7.642526356013051192e+00 1.396156864486626666e-04
7.648790721878635068e+00 1.394929489833850232e-04
7.655055087744219833e+00 1.393742842748642253e-04
7.661319453609803709e+00 1.392541980583223251e-04
7.667583819475388474e+00 1.391342678830837843e-04
7.673848185340972350e+00 1.390145333894226036e-04
7.680112551206556226e+00 1.388950019067986029e-04
7.686376917072140991e+00 1.387756736422047067e-04
7.692641282937724867e+00 1.386565441542361244e-04
7.698905648803309631e+00 1.385375990255559026e-04
7.705170014668895284e+00 1.384187728231128117e-04
7.711434380534478272e+00 1.382982765503582663e-04
7.717698746400063925e+00 1.381827563818577949e-04
7.723963112265646913e+00 1.380644744869131914e-04
7.730227478131232566e+00 1.379465624690607314e-04
7.736491843996816442e+00 1.378289156176831223e-04
7.742756209862401207e+00 1.377112991943659479e-04
7.749020575727985971e+00 1.375941324247625865e-04
7.755284941593569847e+00 1.374771060180507280e-04
7.761549307459154612e+00 1.373602796775129191e-04
7.767813673324738488e+00 1.372436567646582290e-04
7.774078039190324141e+00 1.371272374241358429e-04
7.780342405055908905e+00 1.370110212752792339e-04
7.786606770921492782e+00 1.368950077567990785e-04
7.792871136787077546e+00 1.367791962699110625e-04
7.799135502652661422e+00 1.366635862830086617e-04
7.805399868518246187e+00 1.365481771552589762e-04
7.811664234383830063e+00 1.364329684229053416e-04
7.817928600249414828e+00 1.363179593865769122e-04
7.824192966115000480e+00 1.362031494117009716e-04
7.830457331980584357e+00 1.360885386157380586e-04
7.836721697846169121e+00 1.359741254953362869e-04
7.842986063711752998e+00 1.358599100761235395e-04
7.849250429577337762e+00 1.357458915060760698e-04
7.855514795442922527e+00 1.356320695493881993e-04
7.861779161308506403e+00 1.355184435506979871e-04
7.868043527174091167e+00 1.354050129231030534e-04
7.874307893039675044e+00 1.352917772215701190e-04
7.880572258905260696e+00 1.351787358767314975e-04
7.886836624770843684e+00 1.350658884100783004e-04
7.893100990636429337e+00 1.349532342282842227e-04
7.899365356502014102e+00 1.348407728030050776e-04
7.905629722367596202e+00 1.347285038343149009e-04
7.911894088233181854e+00 1.346164265234390720e-04
7.918158454098766619e+00 1.345045405021478115e-04
7.924422819964350495e+00 1.343928452029289364e-04
7.930687185829935260e+00 1.342813395644323015e-04
7.936951551695519136e+00 1.341700249158475134e-04
7.943215917561103900e+00 1.340588993505248210e-04
7.949480283426689553e+00 1.339479619883287957e-04
7.955744649292272541e+00 1.338372129720776221e-04
7.962009015157858194e+00 1.337266517203577749e-04
7.968273381023442070e+00 1.336162777686262452e-04
7.974537746889026835e+00 1.335060905655273866e-04
7.980802112754610711e+00 1.333960896374378072e-04
7.987066478620195475e+00 1.332862745850633566e-04
7.993330844485780240e+00 1.331766447282490195e-04
7.999595210351364116e+00 1.330671997567196342e-04
8.005859576216948881e+00 1.329579390860387571e-04
8.012123942082533645e+00 1.328488622988215930e-04
8.018388307948118410e+00 1.327399689027738397e-04
8.024652673813703174e+00 1.326312584349427417e-04
8.030917039679286162e+00 1.325227304457612660e-04
8.037181405544872703e+00 1.324143842247500757e-04
8.043445771410455691e+00 1.323062181134894314e-04
8.049710137276040456e+00 1.321982304794017691e-04
8.055974503141625220e+00 1.320904317204571444e-04
8.062238869007209985e+00 1.319828088023998621e-04
8.068503234872794749e+00 1.318753654053793421e-04
8.074767600738377737e+00 1.317681010355003222e-04
8.081031966603962502e+00 1.316610152968855966e-04
8.087296332469547266e+00 1.315541078983857907e-04
8.093560698335132031e+00 1.314473780976617716e-04
8.099825064200716795e+00 1.313408255879745031e-04
8.106089430066301560e+00 1.312344499029019995e-04
8.112353795931886324e+00 1.311282505690554629e-04
8.118618161797469313e+00 1.310222271361412283e-04
8.124882527663054077e+00 1.309163791230831520e-04
8.131146893528638842e+00 1.308107061059212133e-04
8.137411259394221830e+00 1.307052075266864038e-04
8.143675625259806594e+00 1.305998832362217238e-04
8.149939991125391359e+00 1.304947325271748108e-04
8.156204356990976123e+00 1.303897547803355508e-04
8.162468722856560888e+00 1.302849498010118625e-04
8.168733088722143876e+00 1.301803171099658941e-04
8.174997454587730417e+00 1.300758559788942146e-04
8.181261820453313405e+00 1.299715661857067368e-04
8.187526186318898169e+00 1.298674472136428627e-04
8.193790552184482934e+00 1.297634984387924348e-04
8.200054918050067698e+00 1.296597194018146357e-04
8.206319283915652463e+00 1.295561095942107861e-04
8.212583649781235451e+00 1.294526683679154630e-04
8.218848015646821992e+00 1.293493950882080646e-04
8.225112381512404980e+00 1.292462890648351538e-04
8.231376747377989744e+00 1.291433493509251348e-04
8.237641113243574509e+00 1.290405749156781860e-04
8.243905479109159273e+00 1.289379642762532763e-04
8.250169844974744038e+00 1.288355152550233493e-04
8.256434210840327026e+00 1.287332243143430221e-04
8.262698576705911790e+00 1.286310848740019328e-04
8.268962942571496555e+00 1.285290822769234221e-04
8.275227308437081319e+00 1.284271743271956322e-04
8.281491674302666084e+00 1.283251624387756081e-04
8.287756040168250848e+00 1.282115785420508917e-04
8.294020406033835613e+00 1.281242938110283989e-04
8.300284771899418601e+00 1.280226772228763984e-04
8.306549137765003366e+00 1.279215716459164182e-04
8.312813503630588130e+00 1.278207112730284100e-04
8.319077869496172895e+00 1.277200456541223049e-04
8.325342235361757659e+00 1.276195578681136960e-04
8.331606601227340647e+00 1.275192410192312487e-04
8.337870967092927188e+00 1.274190910670732694e-04
8.344135332958510176e+00 1.273191053927298405e-04
8.350399698824094941e+00 1.272192846065410012e-04
8.356664064689679705e+00 1.271196248054797342e-04
8.362928430555262693e+00 1.270201266012348804e-04
8.369192796420847458e+00 1.269207892672839734e-04
8.375457162286432222e+00 1.268216123362208973e-04
8.381721528152016987e+00 1.267225954155068674e-04
8.387985894017601751e+00 1.266237383953505301e-04
8.394250259883184739e+00 1.265250394190336558e-04
8.400514625748769504e+00 1.264265025588486610e-04
8.406778991614356045e+00 1.263281254973524603e-04
8.413043357479939033e+00 1.262299097998674426e-04
8.419307723345523797e+00 1.261318588068532985e-04
8.425572089211108562e+00 1.260339753310992818e-04
8.431836455076693326e+00 1.259362788375787811e-04
8.438100820942276314e+00 1.258388141319686788e-04
8.444365186807861079e+00 1.257418682281849455e-04
8.450629552673445843e+00 1.256397848351346338e-04
8.456893918539030608e+00 1.255458690304325949e-04
8.463158284404615372e+00 1.254491584609392736e-04
8.469422650270198361e+00 1.253524229708571935e-04
8.475687016135784901e+00 1.252557894381648286e-04
8.481951382001369666e+00 1.251592868889520060e-04
8.488215747866952654e+00 1.250629253765381222e-04
8.494480113732537419e+00 1.249667091090632528e-04
8.500744479598122183e+00 1.248706400998038520e-04
8.507008845463706947e+00 1.247747192662368703e-04
8.513273211329289936e+00 1.246789471567518750e-04
8.519537577194876476e+00 1.245833238307035410e-04
8.525801943060461241e+00 1.244878493147805892e-04
8.532066308926044229e+00 1.243925235170554417e-04
8.538330674791628994e+00 1.242973462712171232e-04
8.544595040657213758e+00 1.242023172765848208e-04
8.550859406522798523e+00 1.241074364083467527e-04
8.557123772388383287e+00 1.240127033038274801e-04
8.563388138253966275e+00 1.239181176586725067e-04
8.569652504119552816e+00 1.238236796210375715e-04
8.575916869985135804e+00 1.237293883868650348e-04
8.582181235850720569e+00 1.236352442560971780e-04
8.588445601716305333e+00 1.235413609922261173e-04
8.594709967581888321e+00 1.234473914682729444e-04
8.600974333447473086e+00 1.233536857847626731e-04
8.607238699313056074e+00 1.232601253987831904e-04
8.613503065178642615e+00 1.231667104206274831e-04
8.619767431044227379e+00 1.230734408426664272e-04
8.626031796909810367e+00 1.229803166874185222e-04
8.632296162775395132e+00 1.228873380787584742e-04
8.638560528640979896e+00 1.227945056210501729e-04
8.644824894506564661e+00 1.227018206066182368e-04
8.651089260372147649e+00 1.226092854021651490e-04
8.657353626237734190e+00 1.225169071532814793e-04
8.663617992103318954e+00 1.224247089259479396e-04
8.669882357968901943e+00 1.223328441600597324e-04
8.676146723834486707e+00 1.222394522522469973e-04
8.682411089700071471e+00 1.221483958630052008e-04
8.688675455565656236e+00 1.220568381312449742e-04
8.694939821431241000e+00 1.219654188568252025e-04
8.701204187296823989e+00 1.218743596728972248e-04
8.707468553162410529e+00 1.217723983567111013e-04
8.713732919027993518e+00 1.216906613771542238e-04
8.719997284893578282e+00 1.215999438628498835e-04
8.726261650759163047e+00 1.215091738981133757e-04
8.732526016624747811e+00 1.214184912601851417e-04
8.738790382490332576e+00 1.213279250629272730e-04
8.745054748355915564e+00 1.212374850453790429e-04
8.751319114221500328e+00 1.211471751034868426e-04
8.757583480087085093e+00 1.210569968453394020e-04
8.763847845952669857e+00 1.209669509052614672e-04
8.770112211818254622e+00 1.208770371074762866e-04
8.776376577683839386e+00 1.207872548222375372e-04
8.782640943549424151e+00 1.206976030022281060e-04
8.788905309415007139e+00 1.206080781405009003e-04
8.795169675280591903e+00 1.205186784309105174e-04
8.801434041146176668e+00 1.204293959513259480e-04
8.807698407011761432e+00 1.203402163903781263e-04
8.813962772877346197e+00 1.202511038399474213e-04
8.820227138742930961e+00 1.201619341602597435e-04
8.826491504608513949e+00 1.200717882820959392e-04
8.832755870474098714e+00 1.199894979774750441e-04
8.839020236339681702e+00 1.198982377925291262e-04
8.845284602205268243e+00 1.198094963926632522e-04
8.851548968070851231e+00 1.197211536590728800e-04
8.857813333936435995e+00 1.196330268217722181e-04
8.864077699802020760e+00 1.195450688199830322e-04
8.870342065667605524e+00 1.194572619111988971e-04
8.876606431533190289e+00 1.193695978527029874e-04
8.882870797398773277e+00 1.192820722344438775e-04
8.889135163264359818e+00 1.191946822592722957e-04
8.895399529129942806e+00 1.191074262533441819e-04
8.901663894995527571e+00 1.190203031544174582e-04
8.907928260861112335e+00 1.189333116349410594e-04
8.914192626726697100e+00 1.188464512742332937e-04
8.920456992592281864e+00 1.187597214168842173e-04
8.926721358457864852e+00 1.186731215704995375e-04
8.932985724323449617e+00 1.185866513571403496e-04
8.939250090189036158e+00 1.185003104489538777e-04
8.945514456054619146e+00 1.184140987116922303e-04
8.951778821920203910e+00 1.183280161941679238e-04
8.958043187785788675e+00 1.182420635922134557e-04
8.964307553651373439e+00 1.181562434378964399e-04
8.970571919516956427e+00 1.180705676890174573e-04
8.976836285382541192e+00 1.179852801052422534e-04
8.983100651248125956e+00 1.178993828171523580e-04
8.989365017113710721e+00 1.178141118820383635e-04
8.995629382979295485e+00 1.177289284406199122e-04
9.001893748844878473e+00 1.176438624305558152e-04
9.008158114710465014e+00 1.175589186389874315e-04
9.014422480576049779e+00 1.174740982856759377e-04
9.020686846441632767e+00 1.173894017389466311e-04
9.026951212307217531e+00 1.173048289595551066e-04
9.033215578172802296e+00 1.172203798244801014e-04
9.039479944038387060e+00 1.171360541731171078e-04
9.045744309903970048e+00 1.170518517410431615e-04
9.052008675769554813e+00 1.169677722072715763e-04
9.058273041635139577e+00 1.168838154308290733e-04
9.064537407500722566e+00 1.167999810349198086e-04
9.070801773366307330e+00 1.167162689629841531e-04
9.077066139231893871e+00 1.166326785665685125e-04
9.083330505097476859e+00 1.165492097398413649e-04
9.089594870963061624e+00 1.164658616505328289e-04
9.095859236828646388e+00 1.163826368361192508e-04
9.102123602694231153e+00 1.162995308068636926e-04
9.108387968559814141e+00 1.162165454003069755e-04
9.114652334425398905e+00 1.161336803834571018e-04
9.120916700290985446e+00 1.160509351719020361e-04
9.127181066156568434e+00 1.159683095620691598e-04
9.133445432022153199e+00 1.158858032737039746e-04
9.139709797887736187e+00 1.158034161959508880e-04
9.145974163753322728e+00 1.157211470276884577e-04
9.152238529618907492e+00 1.156389968143705277e-04
9.158502895484490480e+00 1.155569647005642267e-04
9.164767261350075245e+00 1.154750502812700887e-04
9.171031627215660009e+00 1.153932533840492682e-04
9.177295993081244774e+00 1.153115736738205457e-04
9.183560358946827762e+00 1.152300108411128581e-04
9.189824724812414303e+00 1.151485645834480023e-04
9.196089090677999067e+00 1.150672345015327225e-04
9.202353456543582055e+00 1.149860203461015125e-04
9.208617822409166820e+00 1.149049218505427425e-04
9.214882188274751584e+00 1.148239385802143984e-04
9.221146554140336349e+00 1.147430703129564348e-04
9.227410920005921113e+00 1.146623163997926719e-04
9.233675285871504101e+00 1.145816768224782503e-04
9.239939651737090642e+00 1.145011510517482243e-04
9.246204017602673630e+00 1.144207387730970652e-04
9.252468383468258395e+00 1.143404395701751874e-04
9.258732749333843159e+00 1.142602530263876233e-04
9.264997115199427924e+00 1.141801786938754192e-04
9.271261481065012688e+00 1.141002161653943768e-04
9.277525846930595677e+00 1.140203648945916569e-04
9.283790212796180441e+00 1.139406245302683582e-04
9.290054578661765206e+00 1.138609943862782726e-04
9.296318944527348194e+00 1.137814739107518962e-04
9.302583310392932958e+00 1.137020625770690860e-04
9.308847676258517723e+00 1.136227596305239333e-04
9.315112042124102487e+00 1.135435643281225150e-04
9.321376407989687252e+00 1.134644758478828221e-04
9.327640773855272016e+00 1.133854933192990523e-04
9.333905139720856781e+00 1.133066156077149940e-04
9.340169505586439769e+00 1.132278415724379905e-04
9.346433871452024533e+00 1.131491698385779857e-04
9.352698237317609298e+00 1.130705987899435322e-04
9.358962603183194062e+00 1.129921264564981507e-04
9.365226969048778827e+00 1.129137506632607531e-04
9.371491334914361815e+00 1.128354685049948088e-04
9.377755700779948356e+00 1.127572765963952067e-04
9.384020066645531344e+00 1.126791705002353053e-04
9.390284432511116108e+00 1.126011445893806582e-04
9.396548798376700873e+00 1.125231913902081319e-04
9.402813164242285637e+00 1.124453036817266144e-04
9.409077530107870402e+00 1.123674374302624529e-04
9.415341895973453390e+00 1.122896974205062694e-04
9.421606261839039931e+00 1.122118760351143368e-04
9.427870627704622919e+00 1.121340338981804670e-04
9.434134993570207683e+00 1.120560898925989518e-04
9.440399359435792448e+00 1.119779262451941663e-04
9.446663725301377212e+00 1.118993234328989465e-04
9.452928091166961977e+00 1.118198114108788976e-04
9.459192457032544965e+00 1.117381658647446479e-04
9.465456822898129730e+00 1.116498767199286578e-04
9.471721188763716270e+00 1.115136019878249597e-04
9.477985554629299259e+00 1.116117702795525437e-04
9.484249920494884023e+00 1.114792300554227314e-04
9.490514286360468788e+00 1.113915823915118792e-04
9.496778652226053552e+00 1.113106052412477073e-04
9.503043018091636540e+00 1.112319033136026489e-04
9.509307383957219528e+00 1.111542006105966431e-04
9.515571749822806069e+00 1.110778941480340096e-04
9.521836115688389057e+00 1.110003671508523514e-04
9.528100481553973822e+00 1.109284419929630958e-04
9.534364847419558586e+00 1.108500354122993111e-04
9.540629213285143351e+00 1.107740641609702720e-04
9.546893579150728115e+00 1.106984540244089602e-04
9.553157945016311103e+00 1.106230617123166816e-04
9.559422310881897644e+00 1.105478462890435064e-04
9.565686676747480632e+00 1.104727943431368491e-04
9.571951042613065397e+00 1.103979247709787275e-04
9.578215408478650161e+00 1.103237856733658512e-04
9.584479774344234926e+00 1.102480078358200383e-04
9.590744140209819690e+00 1.101735871146946471e-04
9.597008506075402678e+00 1.100991750094275812e-04
9.603272871940987443e+00 1.100248526977092104e-04
9.609537237806573984e+00 1.099506296695733885e-04
9.615801603672156972e+00 1.098765046875797217e-04
9.622065969537741736e+00 1.098024702840864707e-04
9.628330335403326501e+00 1.097285066160886294e-04
9.634594701268911265e+00 1.096545452600972229e-04
9.640859067134494254e+00 1.095800718377736358e-04
9.647123433000079018e+00 1.095098097517862380e-04
9.653387798865663783e+00 1.094349105388413567e-04
9.659652164731248547e+00 1.093613195331000784e-04
9.665916530596833312e+00 1.092879710241170289e-04
9.672180896462416300e+00 1.092147693904444366e-04
9.678445262328002840e+00 1.091416895928994975e-04
9.684709628193587605e+00 1.090687219490802501e-04
9.690973994059170593e+00 1.089958618300715506e-04
9.697238359924755358e+00 1.089231066521293215e-04
9.703502725790340122e+00 1.088504546650619911e-04
9.709767091655924887e+00 1.087779048489168282e-04
9.716031457521507875e+00 1.087054563884325630e-04
9.722295823387094416e+00 1.086331083361281559e-04
9.728560189252679180e+00 1.085608604001157959e-04
9.734824555118262168e+00 1.084887119891136308e-04
9.741088920983845156e+00 1.084166627051250293e-04
9.747353286849431697e+00 1.083447121305664620e-04
9.753617652715014685e+00 1.082728598939481431e-04
9.759882018580599450e+00 1.082011056681634584e-04
9.766146384446184214e+00 1.081294491029488613e-04
9.772410750311768979e+00 1.080578900119164867e-04
9.778675116177353743e+00 1.079864277610686650e-04
9.784939482042936731e+00 1.079150622649848341e-04
9.791203847908523272e+00 1.078437931691608346e-04
9.797468213774106260e+00 1.077726200986720608e-04
9.803732579639691025e+00 1.077015426095365305e-04
9.809996945505274013e+00 1.076305603250270161e-04
9.816261311370860554e+00 1.075596726248321253e-04
9.822525677236445318e+00 1.074888786461223835e-04
9.828790043102030083e+00 1.074181770602592703e-04
9.835054408967614847e+00 1.073475653308368725e-04
9.841318774833199612e+00 1.072770373273021884e-04
9.847583140698784376e+00 1.072065727051360444e-04
9.853847506564365588e+00 1.071360429966852177e-04
9.860111872429950353e+00 1.070669508675962711e-04
9.866376238295535117e+00 1.069962551548839599e-04
9.872640604161118105e+00 1.069261429089860493e-04
9.878904970026704646e+00 1.068561728199441952e-04
9.885169335892289411e+00 1.067863110405376631e-04
9.891433701757872399e+00 1.067165490024228950e-04
9.897698067623457163e+00 1.066468834623853559e-04
9.903962433489041928e+00 1.065773128715992809e-04
9.910226799354626692e+00 1.065078363852932467e-04
9.916491165220211457e+00 1.064384536243700953e-04
9.922755531085794445e+00 1.063691644074149121e-04
9.929019896951380986e+00 1.062999690404893376e-04
9.935284262816963974e+00 1.062308687457344124e-04
9.941548628682548738e+00 1.061618680184662838e-04
9.947812994548133503e+00 1.060929922624233773e-04
9.954077360413718267e+00 1.060230896089900258e-04
9.960341726279303032e+00 1.059552456691599260e-04
9.966606092144886020e+00 1.058866319196771441e-04
9.972870458010470784e+00 1.058180845697753996e-04
9.979134823876055549e+00 1.057496212669383731e-04
9.985399189741640313e+00 1.056812456023299707e-04
9.991663555607225078e+00 1.056129588632288119e-04
9.997927921472809842e+00 1.055447616651644698e-04
