0.000000000000000000e+00 8.123637382804906439e-04
6.264365865584466987e-03 7.920024125862939980e-04
1.252873173116893397e-02 7.920175892305407733e-04
1.879309759675340183e-02 7.920429238528626636e-04
2.505746346233786795e-02 7.920783671983321669e-04
3.132182932792233754e-02 7.921239389094663881e-04
3.758619519350680366e-02 7.921796422527128782e-04
4.385056105909127672e-02 7.922454961131626108e-04
5.011492692467573590e-02 7.923214945459477240e-04
5.637929279026020202e-02 7.924076456170499111e-04
6.264365865584467508e-02 7.925039513134219836e-04
6.890802452142914813e-02 7.926104273575253602e-04
7.517239038701360732e-02 7.927270746090900799e-04
8.143675625259806650e-02 7.928538984133968927e-04
8.770112211818255343e-02 7.929909269634338904e-04
9.396548798376701261e-02 7.931381708079140178e-04
1.002298538493514718e-01 7.932956309067898783e-04
1.064942197149359449e-01 7.934632969417684855e-04
1.127585855805204040e-01 7.936412383325432487e-04
1.190229514461048771e-01 7.938294330398701490e-04
1.252873173116893502e-01 7.940279081114249172e-04
1.315516831772738093e-01 7.942366627880049568e-04
1.378160490428582963e-01 7.944557460978110379e-04
1.440804149084427555e-01 7.946851430935842351e-04
1.503447807740272146e-01 7.949248839164954660e-04
1.566091466396116738e-01 7.951749938796160311e-04
1.628735125051961330e-01 7.954354738873272096e-04
1.691378783707805922e-01 7.957066936519517153e-04
1.754022442363651069e-01 7.959878025863722064e-04
1.816666101019495660e-01 7.962795973370179539e-04
1.879309759675340252e-01 7.965818747829085276e-04
1.941953418331184844e-01 7.968946543372301553e-04
2.004597076987029436e-01 7.972179585225806645e-04
2.067240735642874028e-01 7.975518209257500884e-04
2.129884394298718897e-01 7.978962850275096025e-04
2.192528052954563489e-01 7.982513833021016858e-04
2.255171711610408081e-01 7.986171007784074842e-04
2.317815370266252950e-01 7.989935119660362007e-04
2.380459028922097542e-01 7.993806153390646757e-04
2.443102687577942134e-01 7.997784493951842722e-04
2.505746346233787003e-01 8.001871086721590006e-04
2.568390004889631872e-01 8.006065342844817133e-04
2.631033663545476187e-01 8.010368140312413730e-04
2.693677322201321056e-01 8.014779918748781134e-04
2.756320980857165925e-01 8.019300755065834766e-04
2.818964639513010240e-01 8.023931111578330331e-04
2.881608298168855109e-01 8.028671465659323195e-04
2.944251956824699978e-01 8.033522653680770292e-04
3.006895615480544293e-01 8.038484008577377561e-04
3.069539274136389162e-01 8.043556793560715937e-04
3.132182932792233476e-01 8.048741315996524185e-04
3.194826591448078346e-01 8.054038035899010019e-04
3.257470250103922660e-01 8.059447215627640274e-04
3.320113908759768084e-01 8.064969421705335106e-04
3.382757567415611843e-01 8.070605071414606226e-04
3.445401226071457268e-01 8.076355595861014298e-04
3.508044884727302137e-01 8.082219870596458501e-04
3.570688543383145896e-01 8.088199285690442566e-04
3.633332202038991321e-01 8.094294064424211333e-04
3.695975860694835635e-01 8.100505517708187983e-04
3.758619519350680505e-01 8.106833050316777358e-04
3.821263178006524819e-01 8.113277829223218421e-04
3.883906836662369688e-01 8.119841706518414774e-04
3.946550495318214002e-01 8.126522379102650269e-04
4.009194153974058872e-01 8.133322438083847748e-04
4.071837812629903741e-01 8.140241403131221213e-04
4.134481471285748055e-01 8.147283341930241889e-04
4.197125129941592925e-01 8.154443863396331578e-04
4.259768788597437794e-01 8.161726046993120990e-04
4.322412447253282108e-01 8.169130361150413536e-04
4.385056105909126978e-01 8.176657499815224951e-04
4.447699764564971847e-01 8.184308044785450686e-04
4.510343423220816161e-01 8.192083104884425541e-04
4.572987081876661031e-01 8.199983291176441130e-04
4.635630740532505900e-01 8.208009026113613060e-04
4.698274399188350214e-01 8.216161019307034090e-04
4.760918057844195084e-01 8.224439910366891952e-04
4.823561716500039953e-01 8.232847633909069936e-04
4.886205375155884267e-01 8.241383501196927622e-04
4.948849033811729137e-01 8.250049043270123129e-04
5.011492692467574006e-01 8.258844650949334143e-04
5.074136351123418320e-01 8.267771852337967280e-04
5.136780009779263745e-01 8.276830466953608587e-04
5.199423668435108059e-01 8.286022141753726471e-04
5.262067327090952373e-01 8.295347838120173964e-04
5.324710985746797798e-01 8.304808040923025931e-04
5.387354644402642112e-01 8.314403718609265134e-04
5.449998303058486426e-01 8.324136003100242927e-04
5.512641961714331851e-01 8.334005519043391616e-04
5.575285620370176165e-01 8.344013121844492129e-04
5.637929279026020479e-01 8.354160445775328124e-04
5.700572937681865904e-01 8.364448143652675931e-04
5.763216596337710218e-01 8.374876778573186022e-04
5.825860254993554532e-01 8.385447933486130274e-04
5.888503913649399957e-01 8.396163625680539821e-04
5.951147572305243161e-01 8.407022712043064373e-04
6.013791230961088585e-01 8.418027676709123001e-04
6.076434889616934010e-01 8.429179014739397605e-04
6.139078548272778324e-01 8.440478446149283489e-04
6.201722206928621528e-01 8.451927442082530009e-04
6.264365865584466952e-01 8.463525880748294780e-04
6.327009524240312377e-01 8.475277902170551400e-04
6.389653182896156691e-01 8.487177227041968605e-04
6.452296841552001005e-01 8.499235912611421929e-04
6.514940500207845320e-01 8.511438459489981947e-04
6.577584158863690744e-01 8.523809182861541694e-04
6.640227817519536169e-01 8.536335902754239348e-04
6.702871476175380483e-01 8.549016752771433723e-04
6.765515134831223687e-01 8.561862085464374888e-04
6.828158793487069111e-01 8.574867576952822446e-04
6.890802452142914536e-01 8.588036006318583741e-04
6.953446110798758850e-01 8.601368647554572975e-04
7.016089769454604275e-01 8.614867422400249337e-04
7.078733428110447479e-01 8.628533402566106614e-04
7.141377086766291793e-01 8.642367622013684240e-04
7.204020745422138328e-01 8.656372157505919183e-04
7.266664404077982642e-01 8.670548317873018199e-04
7.329308062733825846e-01 8.684898489223321283e-04
7.391951721389671270e-01 8.699422261160922806e-04
7.454595380045515585e-01 8.714125334388792346e-04
7.517239038701361009e-01 8.729005443631452938e-04
7.579882697357206434e-01 8.744070650863400773e-04
7.642526356013049638e-01 8.759298470231539901e-04
7.705170014668893952e-01 8.774728093234886693e-04
7.767813673324739376e-01 8.790339168453432288e-04
7.830457331980584801e-01 8.806134451366177040e-04
7.893100990636428005e-01 8.822120910175400245e-04
7.955744649292272319e-01 8.838296320269788597e-04
8.018388307948117744e-01 8.854664942929481612e-04
8.081031966603963168e-01 8.871227218598742381e-04
8.143675625259807482e-01 8.887986622923756694e-04
8.206319283915650686e-01 8.904943285910951181e-04
8.268962942571496111e-01 8.922100780064315525e-04
8.331606601227341535e-01 8.939460987775462103e-04
8.394250259883185850e-01 8.957027123144176931e-04
8.456893918539030164e-01 8.974798608259056381e-04
8.519537577194875588e-01 8.992777159551566812e-04
8.582181235850721013e-01 9.010970163213131252e-04
8.644824894506564217e-01 9.029374439779061208e-04
8.707468553162409641e-01 9.047995719809851130e-04
8.770112211818253956e-01 9.066835097239755179e-04
8.832755870474098270e-01 9.085895026322328297e-04
8.895399529129943694e-01 9.105177168559596941e-04
8.958043187785789119e-01 9.124684816724691009e-04
9.020686846441632323e-01 9.144424598716194199e-04
9.083330505097476637e-01 9.164388041609470301e-04
9.145974163753322062e-01 9.184587821639301217e-04
9.208617822409167486e-01 9.205022704074339833e-04
9.271261481065011800e-01 9.225697681318969926e-04
9.333905139720855004e-01 9.246613116032257685e-04
9.396548798376700429e-01 9.267772963748290233e-04
9.459192457032545853e-01 9.289179526540997274e-04
9.521836115688390167e-01 9.310835432779663180e-04
9.584479774344235592e-01 9.332745093223758287e-04
9.647123433000079906e-01 9.354910736851417474e-04
9.709767091655923110e-01 9.377335559820947292e-04
9.772410750311768535e-01 9.400022333599018266e-04
9.835054408967613959e-01 9.422974671882052575e-04
9.897698067623458273e-01 9.446195776046371374e-04
9.960341726279302588e-01 9.469689831907144618e-04
1.002298538493514801e+00 9.493458353745225795e-04
1.008562904359099344e+00 9.517506329066566760e-04
1.014827270224683664e+00 9.541839366891699623e-04
1.021091636090267984e+00 9.566454633854050253e-04
1.027356001955852749e+00 9.591361100382492103e-04
1.033620367821437069e+00 9.616561388764040524e-04
1.039884733687021612e+00 9.642059802156669780e-04
1.046149099552605932e+00 9.667858359442823906e-04
1.052413465418190475e+00 9.693963543848765603e-04
1.058677831283774795e+00 9.720378087987030643e-04
1.064942197149359560e+00 9.747105742453745017e-04
1.071206563014944102e+00 9.774151735864888575e-04
1.077470928880528422e+00 9.801519760226674871e-04
1.083735294746112743e+00 9.829214669026392626e-04
1.089999660611697285e+00 9.857240619399671496e-04
1.096264026477281828e+00 9.885602708791265108e-04
1.102528392342866370e+00 9.914305177198118584e-04
1.108792758208450691e+00 9.943352668682825177e-04
1.115057124074035233e+00 9.972750492364716116e-04
1.121321489939619553e+00 1.000250354387226650e-03
1.127585855805204096e+00 1.003261688890346327e-03
1.133850221670788416e+00 1.006309582321220043e-03
1.140114587536373181e+00 1.009394522636823839e-03
1.146378953401957501e+00 1.012517141943653550e-03
1.152643319267542044e+00 1.015677943179048304e-03
1.158907685133126586e+00 1.018877420836576588e-03
1.165172050998710906e+00 1.022116360551700038e-03
1.171436416864295227e+00 1.025395163246600391e-03
1.177700782729879991e+00 1.028714501966932881e-03
1.183965148595464534e+00 1.032074975692008102e-03
1.190229514461048632e+00 1.035477297392155315e-03
1.196493880326633175e+00 1.038922021239105375e-03
1.202758246192217717e+00 1.042409849704685086e-03
1.209022612057802037e+00 1.045941485340801504e-03
1.215286977923386802e+00 1.049517404690551063e-03
1.221551343788971122e+00 1.053138720168781284e-03
1.227815709654555665e+00 1.056806211348684842e-03
1.234080075520139763e+00 1.060519787896359485e-03
1.240344441385724306e+00 1.064280957755523241e-03
1.246608807251308848e+00 1.068090316868590449e-03
1.252873173116893390e+00 1.071948660147809982e-03
1.259137538982477933e+00 1.075856811485435957e-03
1.265401904848062475e+00 1.079815575868834634e-03
1.271666270713646796e+00 1.083825825708592061e-03
1.277930636579231338e+00 1.087888366833095546e-03
1.284195002444815881e+00 1.092004243278257500e-03
1.290459368310400201e+00 1.096174264655501397e-03
1.296723734175984744e+00 1.100399325009496264e-03
1.302988100041569064e+00 1.104680521496291708e-03
1.309252465907153606e+00 1.109018714386034513e-03
1.315516831772738149e+00 1.113414979973875122e-03
1.321781197638322469e+00 1.117870234518784141e-03
1.328045563503907234e+00 1.122385845302229955e-03
1.334309929369491776e+00 1.126962601481137048e-03
1.340574295235076097e+00 1.131601706509628453e-03
1.346838661100660195e+00 1.136304326210764437e-03
1.353103026966244737e+00 1.141071626707290242e-03
1.359367392831829280e+00 1.145904824034845457e-03
1.365631758697413822e+00 1.150805138595790847e-03
1.371896124562998365e+00 1.155773836617396367e-03
1.378160490428582907e+00 1.160812235642310133e-03
1.384424856294167228e+00 1.165921676446544930e-03
1.390689222159751770e+00 1.171103523588996539e-03
1.396953588025336312e+00 1.176359168983458388e-03
1.403217953890920855e+00 1.181690116055039491e-03
1.409482319756504953e+00 1.187097825360664818e-03
1.415746685622089496e+00 1.192583786095891387e-03
1.422011051487674038e+00 1.198149671535437850e-03
1.428275417353258359e+00 1.203797006867995479e-03
1.434539783218842901e+00 1.209527482053488661e-03
1.440804149084427666e+00 1.215342841398279290e-03
1.447068514950011986e+00 1.221244798531800598e-03
1.453332880815596528e+00 1.227235204658328610e-03
1.459597246681181071e+00 1.233315899627615260e-03
1.465861612546765169e+00 1.239488819382355764e-03
1.472125978412349712e+00 1.245755898951153183e-03
1.478390344277934254e+00 1.252119209619635123e-03
1.484654710143518797e+00 1.258580840271390907e-03
1.490919076009103117e+00 1.265142936226800645e-03
1.497183441874687659e+00 1.271807738552888350e-03
1.503447807740272202e+00 1.278577533597038659e-03
1.509712173605856522e+00 1.285454674888819853e-03
1.515976539471441287e+00 1.292441604032713029e-03
1.522240905337025385e+00 1.299540828195785026e-03
1.528505271202609928e+00 1.306754943133717423e-03
1.534769637068194470e+00 1.314086645051159956e-03
1.541034002933778790e+00 1.321538661362924635e-03
1.547298368799363333e+00 1.329113860772408251e-03
1.553562734664947875e+00 1.336815182187971835e-03
1.559827100530532418e+00 1.344645677139140547e-03
1.566091466396116960e+00 1.352608471012652644e-03
1.572355832261701281e+00 1.360706820846478184e-03
1.578620198127285601e+00 1.368944086631764022e-03
1.584884563992870143e+00 1.377323747126060630e-03
1.591148929858454464e+00 1.385849364215956418e-03
1.597413295724039228e+00 1.394524678228460223e-03
1.603677661589623549e+00 1.403353543190759929e-03
1.609942027455207869e+00 1.412339921204992148e-03
1.616206393320792634e+00 1.421487952792620333e-03
1.622470759186376954e+00 1.430801910662939146e-03
1.628735125051961496e+00 1.440286223356313953e-03
1.634999490917545817e+00 1.449945473742129520e-03
1.641263856783130137e+00 1.459784425052590992e-03
1.647528222648714902e+00 1.469808021562386173e-03
1.653792588514299222e+00 1.480021400361134637e-03
1.660056954379883765e+00 1.490429878876080132e-03
1.666321320245468307e+00 1.501038972053796074e-03
1.672585686111052850e+00 1.511854412255459129e-03
1.678850051976637170e+00 1.522882229366493822e-03
1.685114417842221934e+00 1.534128544124268483e-03
1.691378783707806033e+00 1.545599854773019874e-03
1.697643149573390575e+00 1.557302871661184413e-03
1.703907515438975118e+00 1.569244586901003729e-03
1.710171881304559438e+00 1.581432271520764876e-03
1.716436247170144203e+00 1.593873512327056855e-03
1.722700613035728523e+00 1.606576203365231957e-03
1.728964978901312843e+00 1.619548596562924011e-03
1.735229344766897608e+00 1.632799281165074612e-03
1.741493710632481928e+00 1.646337234682802375e-03
1.747758076498066027e+00 1.660171827888236480e-03
1.754022442363650791e+00 1.674312847040828603e-03
1.760286808229235112e+00 1.688770502163952593e-03
1.766551174094819654e+00 1.703555488566995931e-03
1.772815539960404196e+00 1.718679045479814659e-03
1.779079905825988739e+00 1.734152844580741587e-03
1.785344271691573059e+00 1.749989161855868306e-03
1.791608637557157824e+00 1.766200845846994764e-03
1.797873003422742144e+00 1.782801398676082472e-03
1.804137369288326465e+00 1.799804941636792095e-03
1.810401735153911007e+00 1.817226340593523131e-03
1.816666101019495327e+00 1.835081183251483774e-03
1.822930466885080092e+00 1.853385863738582755e-03
1.829194832750664412e+00 1.872157627322319686e-03
1.835459198616248733e+00 1.891414604720667754e-03
1.841723564481833497e+00 1.911175918046733018e-03
1.847987930347417818e+00 1.931461672601258311e-03
1.854252296213002360e+00 1.952293118853307315e-03
1.860516662078587125e+00 1.973692715816047910e-03
1.866781027944171001e+00 1.995684022858768437e-03
1.873045393809755765e+00 2.018292215772982470e-03
1.879309759675340086e+00 2.041543649958855663e-03
1.885574125540924628e+00 2.065466338742352054e-03
1.891838491406509171e+00 2.090089999560941665e-03
1.898102857272093713e+00 2.115446099825281281e-03
1.904367223137678033e+00 2.141568062328841685e-03
1.910631589003262798e+00 2.168491406353532241e-03
1.916895954868847118e+00 2.196253810770177565e-03
1.923160320734431217e+00 2.224895504999426996e-03
1.929424686600015981e+00 2.254459289205180527e-03
1.935689052465600302e+00 2.284990813181824159e-03
1.941953418331184622e+00 2.316538826151179516e-03
1.948217784196769387e+00 2.349155441716283248e-03
1.954482150062353707e+00 2.382896477087320837e-03
1.960746515927938249e+00 2.417821494621939446e-03
1.967010881793522792e+00 2.453994769419635350e-03
1.973275247659107334e+00 2.491485056953368117e-03
1.979539613524691655e+00 2.530366403533646641e-03
1.985803979390275975e+00 2.570718474341114178e-03
1.992068345255860518e+00 2.612627284642306431e-03
1.998332711121445060e+00 2.656185667708466352e-03
2.004597076987029602e+00 2.701494053328163097e-03
2.010861442852613923e+00 2.748661217256248915e-03
2.017125808718198687e+00 2.797805261779660446e-03
2.023390174583783008e+00 2.849054521754227232e-03
2.029654540449367328e+00 2.902548783625925454e-03
2.035918906314951649e+00 2.958440477599805305e-03
2.042183272180535969e+00 3.016896342270448342e-03
2.048447638046120733e+00 3.078099046469888207e-03
2.054712003911705498e+00 3.142248723145518990e-03
2.060976369777289818e+00 3.209566174616929057e-03
2.067240735642874139e+00 3.280294443398013189e-03
2.073505101508458903e+00 3.354702391484448796e-03
2.079769467374043224e+00 3.433087884789334712e-03
2.086033833239627544e+00 3.515782056667331699e-03
2.092298199105211864e+00 3.603153996106988124e-03
2.098562564970796185e+00 3.695616302483778568e-03
2.104826930836380949e+00 3.793631621530811626e-03
2.111091296701965270e+00 3.897720803174788314e-03
2.117355662567549590e+00 4.008471924393491870e-03
2.123620028433134355e+00 4.126551816027261392e-03
2.129884394298719119e+00 4.252719576869489967e-03
2.136148760164303440e+00 4.387843197969473058e-03
2.142413126029888204e+00 4.532919738561145238e-03
2.148677491895472080e+00 4.689100111788255601e-03
2.154941857761056845e+00 4.857720302926474103e-03
2.161206223626641165e+00 5.040339848766283402e-03
2.167470589492225486e+00 5.238790891353983792e-03
2.173734955357810250e+00 5.455240103968144946e-03
2.179999321223394571e+00 5.692269152358766029e-03
2.186263687088978891e+00 5.952978682970428738e-03
2.192528052954563655e+00 6.241125783898873909e-03
2.198792418820147976e+00 6.561307504306859023e-03
2.205056784685732740e+00 6.919209437617696370e-03
2.211321150551317061e+00 7.321948098119138680e-03
2.217585516416901381e+00 7.778551599995843675e-03
2.223849882282485702e+00 8.300647343619125748e-03
2.230114248148070466e+00 8.903470348994123665e-03
2.236378614013654786e+00 9.607379704453862523e-03
2.242642979879239107e+00 1.044021160659101312e-02
2.248907345744823871e+00 1.144105690426657287e-02
2.255171711610408192e+00 1.266659110515472308e-02
2.261436077475992512e+00 1.420221393553686151e-02
2.267700443341576833e+00 1.618288645717622792e-02
2.273964809207161597e+00 1.883518683984333059e-02
2.280229175072746362e+00 2.257094181074302541e-02
2.286493540938330682e+00 2.822518708208606245e-02
2.292757906803915002e+00 3.778774954422848414e-02
2.299022272669499767e+00 5.745433571341377471e-02
2.305286638535084087e+00 1.211908733625575996e-01
2.311551004400668408e+00 1.000000000000000000e+00
2.317815370266253172e+00 9.660096430166634218e-02
2.324079736131837048e+00 5.048749217756339641e-02
2.330344101997421813e+00 3.405078311375683148e-02
2.336608467863006133e+00 2.561617606175807527e-02
2.342872833728590454e+00 2.048353411168357327e-02
2.349137199594175218e+00 1.703095537034838083e-02
2.355401565459759983e+00 1.454931339834780735e-02
2.361665931325344303e+00 1.267934190782332715e-02
2.367930297190929068e+00 1.121956426553537105e-02
2.374194663056513388e+00 1.004823827365609358e-02
2.380459028922097264e+00 9.087464392339501124e-03
2.386723394787682029e+00 8.285080647880568860e-03
2.392987760653266349e+00 7.604844924163252362e-03
2.399252126518850670e+00 7.020793086436717158e-03
2.405516492384435434e+00 6.513836870353480538e-03
2.411780858250019755e+00 6.069630866778108827e-03
2.418045224115604075e+00 5.677185277824903231e-03
2.424309589981188839e+00 5.327944383297859854e-03
2.430573955846773604e+00 5.015134411533903394e-03
2.436838321712357924e+00 4.733345754685944727e-03
2.443102687577942245e+00 4.478189187870846959e-03
2.449367053443526565e+00 4.246073241390385493e-03
2.455631419309111330e+00 4.034032859625349098e-03
2.461895785174696094e+00 3.839597117241674851e-03
2.468160151040279526e+00 3.660693067105379866e-03
2.474424516905864291e+00 3.495569594539767264e-03
2.480688882771448611e+00 3.342737624490910078e-03
2.486953248637033376e+00 3.200925192658292395e-03
2.493217614502617696e+00 3.069040176124253512e-03
2.499481980368202461e+00 2.946141061891211117e-03
2.505746346233786781e+00 2.831413562903428802e-03
2.512010712099371545e+00 2.724151170656848638e-03
2.518275077964955866e+00 2.623739286829203984e-03
2.524539443830540186e+00 2.529644739929497611e-03
2.530803809696124951e+00 2.441401739316566028e-03
2.537068175561709271e+00 2.358606248050161211e-03
2.543332541427293592e+00 2.280907526709233940e-03
2.549596907292878356e+00 2.208002286117072017e-03
2.555861273158462676e+00 2.139630011957980183e-03
2.562125639024046997e+00 2.075568786239338683e-03
2.568390004889631761e+00 2.015632145003434014e-03
2.574654370755216082e+00 1.959665812295562602e-03
2.580918736620800402e+00 1.907545988024368340e-03
2.587183102486384723e+00 1.859176998644062988e-03
2.593447468351969487e+00 1.814489924275333862e-03
2.599711834217553807e+00 1.773441220001719699e-03
2.605976200083138128e+00 1.736011502485984657e-03
2.612240565948722892e+00 1.702204611533556780e-03
2.618504931814307213e+00 1.672047037594743581e-03
2.624769297679891533e+00 1.645586783860902716e-03
2.631033663545476298e+00 1.622892902030472146e-03
2.637298029411060618e+00 1.604054717082305150e-03
2.643562395276644938e+00 1.589181138301873483e-03
2.649826761142229703e+00 1.578400366357118889e-03
2.656091127007814467e+00 1.571859366248084047e-03
2.662355492873398788e+00 1.569723997517652328e-03
2.668619858738983552e+00 1.572178760469625670e-03
2.674884224604567873e+00 1.579428051887133604e-03
2.681148590470152193e+00 1.591697582514188568e-03
2.687412956335736958e+00 1.609235636422000912e-03
2.693677322201320390e+00 1.632317770551700020e-03
2.699941688066905154e+00 1.661250502791918960e-03
2.706206053932489475e+00 1.696377860243395395e-03
2.712470419798074239e+00 1.738089254657858990e-03
2.718734785663658560e+00 1.786829959603972867e-03
2.724999151529243324e+00 1.843113844376666199e-03
2.731263517394827645e+00 1.907539587350467938e-03
2.737527883260412409e+00 1.980810674457757822e-03
2.743792249125996729e+00 2.063760756071877402e-03
2.750056614991581050e+00 2.157385242161364257e-03
2.756320980857165814e+00 2.262881574041745569e-03
2.762585346722750135e+00 2.381701010325221104e-03
2.768849712588334455e+00 2.515616089466714451e-03
2.775114078453919220e+00 2.666810027635432064e-03
2.781378444319503540e+00 2.837996265525227421e-03
2.787642810185087860e+00 3.032582911152134891e-03
2.793907176050672625e+00 3.254900566160597378e-03
2.800171541916256945e+00 3.510527090832021423e-03
2.806435907781841710e+00 3.806759252330836184e-03
2.812700273647425586e+00 4.153317132141467159e-03
2.818964639513009907e+00 4.563425564180718062e-03
2.825229005378594671e+00 5.055533187684853845e-03
2.831493371244178991e+00 5.656154480715253237e-03
2.837757737109763312e+00 6.404795895172133054e-03
2.844022102975348076e+00 7.362996903683010491e-03
2.850286468840932397e+00 8.632145044017729488e-03
2.856550834706516717e+00 1.039191576455707026e-02
2.862815200572101482e+00 1.299385333456660671e-02
2.869079566437685802e+00 1.723136998886689794e-02
2.875343932303270567e+00 2.535194002518111056e-02
2.881608298168855331e+00 4.720426184448681811e-02
2.887872664034439651e+00 3.082539213107853282e-01
2.894137029900023972e+00 6.950979485833649885e-02
2.900401395765608736e+00 3.152837824909439368e-02
2.906665761631193057e+00 2.050877482506461430e-02
2.912930127496777377e+00 1.526162251090201587e-02
2.919194493362362142e+00 1.219199112089954309e-02
2.925458859227945574e+00 1.017685365559027090e-02
2.931723225093530338e+00 8.752119779715220385e-03
2.937987590959115103e+00 7.691174116641399071e-03
2.944251956824699423e+00 6.870211386804611978e-03
2.950516322690284188e+00 6.215874086512811376e-03
2.956780688555868508e+00 5.681934077903267634e-03
2.963045054421452829e+00 5.237813488066651348e-03
2.969309420287037593e+00 4.862479472483662718e-03
2.975573786152621913e+00 4.540989791018727566e-03
2.981838152018206234e+00 4.262437552204740264e-03
2.988102517883790998e+00 4.018675157722435137e-03
2.994366883749375319e+00 3.803494390331742768e-03
3.000631249614959639e+00 3.612081293142585785e-03
3.006895615480544404e+00 3.440646117801012330e-03
3.013159981346128724e+00 3.286164794807220312e-03
3.019424347211713044e+00 3.146194696971279896e-03
3.025688713077297809e+00 3.018741598408380706e-03
3.031953078942882573e+00 2.902161207141617117e-03
3.038217444808466450e+00 2.795085702420905399e-03
3.044481810674050770e+00 2.696368016921980078e-03
3.050746176539635535e+00 2.605039027544637977e-03
3.057010542405219855e+00 2.520274366521007853e-03
3.063274908270804175e+00 2.441368333518689846e-03
3.069539274136388940e+00 2.367713321577388872e-03
3.075803640001973260e+00 2.298783393857669992e-03
3.082068005867557581e+00 2.234120935015330382e-03
3.088332371733142345e+00 2.173325931482193284e-03
3.094596737598726666e+00 2.116047179522617932e-03
3.100861103464311430e+00 2.061975061674325982e-03
3.107125469329895751e+00 2.010835629416458502e-03
3.113389835195480515e+00 1.962385464593311389e-03
3.119654201061064835e+00 1.916407673864201598e-03
3.125918566926649600e+00 1.872708313698356192e-03
3.132182932792233920e+00 1.831113388421682937e-03
3.138447298657818241e+00 1.791466457451392326e-03
3.144711664523402561e+00 1.753626364473185239e-03
3.150976030388986882e+00 1.717465448626052807e-03
3.157240396254571202e+00 1.682867994537362187e-03
3.163504762120155966e+00 1.649728802306026131e-03
3.169769127985740287e+00 1.617952079259792498e-03
3.176033493851324607e+00 1.587450409125138080e-03
3.182297859716908928e+00 1.558143753721230292e-03
3.188562225582494136e+00 1.529958814964054890e-03
3.194826591448078457e+00 1.502828263865638213e-03
3.201090957313662777e+00 1.476690171547695440e-03
3.207355323179247097e+00 1.451487451281606271e-03
3.213619689044831418e+00 1.427167405778800987e-03
3.219884054910415738e+00 1.403681336979048337e-03
3.226148420776000947e+00 1.380984083729336429e-03
3.232412786641585267e+00 1.359033856169435421e-03
3.238677152507169588e+00 1.337791771307497539e-03
3.244941518372753908e+00 1.317221648317445232e-03
3.251205884238338673e+00 1.297289894819317899e-03
3.257470250103922993e+00 1.277965062190361632e-03
3.263734615969507757e+00 1.259217853971670914e-03
3.269998981835091634e+00 1.241020888664124506e-03
3.276263347700675954e+00 1.223348487761867975e-03
3.282527713566260275e+00 1.206176647765766800e-03
3.288792079431845483e+00 1.189482836203773061e-03
3.295056445297429804e+00 1.173245869733027845e-03
3.301320811163014124e+00 1.157445874246803424e-03
3.307585177028598444e+00 1.142064111943348181e-03
3.313849542894183209e+00 1.127082964710590229e-03
3.320113908759767529e+00 1.112485805042725488e-03
3.326378274625352294e+00 1.098256969492275885e-03
3.332642640490936614e+00 1.084381644950380792e-03
3.338907006356521379e+00 1.070845782517065425e-03
3.345171372222105699e+00 1.057636227070370572e-03
3.351435738087690019e+00 1.044740384810814889e-03
3.357700103953274340e+00 1.032146397788724548e-03
3.363964469818859548e+00 1.019842969374705911e-03
3.370228835684443869e+00 1.007819436641159720e-03
3.376493201550028189e+00 9.960656426588401779e-04
3.382757567415612066e+00 9.845719479484905945e-04
3.389021933281196386e+00 9.733291499985833152e-04
3.395286299146781150e+00 9.623285426594548400e-04
3.401550665012365915e+00 9.515617949384278743e-04
3.407815030877950235e+00 9.410209774790795432e-04
3.414079396743534556e+00 9.306985823141174837e-04
3.420343762609118876e+00 9.205873505726459459e-04
3.426608128474703197e+00 9.106804145958915554e-04
3.432872494340288405e+00 9.009712052374696826e-04
3.439136860205872726e+00 8.914534343957360206e-04
3.445401226071457046e+00 8.821211127888984802e-04
3.451665591937041366e+00 8.729685018133094467e-04
3.457929957802625687e+00 8.639900581485307225e-04
3.464194323668210451e+00 8.551805487097520952e-04
3.470458689533795216e+00 8.465349093260455832e-04
3.476723055399379536e+00 8.380483055308783581e-04
3.482987421264963857e+00 8.297160818088315012e-04
3.489251787130548621e+00 8.215337944781792587e-04
3.495516152996132053e+00 8.134971739904755042e-04
3.501780518861717262e+00 8.056020732221876339e-04
3.508044884727301582e+00 7.978446330455563236e-04
3.514309250592885903e+00 7.902209431385082703e-04
3.520573616458470223e+00 7.827273424899837363e-04
3.526837982324054543e+00 7.753605376853496978e-04
3.533102348189639308e+00 7.681168536147938699e-04
3.539366714055224072e+00 7.609931899017759009e-04
3.545631079920808393e+00 7.539864007514084044e-04
3.551895445786393157e+00 7.470934715409940745e-04
3.558159811651977478e+00 7.403114394425892040e-04
3.564424177517561798e+00 7.336375242367025335e-04
3.570688543383146119e+00 7.270690157629700317e-04
3.576952909248731327e+00 7.206033126118218442e-04
3.583217275114315647e+00 7.142378598999596677e-04
3.589481640979899968e+00 7.079702254108514829e-04
3.595746006845484288e+00 7.017980475877120964e-04
3.602010372711068609e+00 6.957190775572548056e-04
3.608274738576652929e+00 6.897310690085474254e-04
3.614539104442237694e+00 6.838318874982486986e-04
3.620803470307822014e+00 6.780196142596025752e-04
3.627067836173406334e+00 6.722920551148703567e-04
3.633332202038990655e+00 6.666473842255627455e-04
3.639596567904574975e+00 6.610836965433554641e-04
3.645860933770160184e+00 6.555992540361882262e-04
3.652125299635744504e+00 6.501922357033859115e-04
3.658389665501328825e+00 6.448609853687276147e-04
3.664654031366913145e+00 6.396038584149147613e-04
3.670918397232497465e+00 6.344192226091602705e-04
3.677182763098081786e+00 6.293055601277229918e-04
3.683447128963666994e+00 6.242613679864025041e-04
3.689711494829251315e+00 6.192852042915335774e-04
3.695975860694835635e+00 6.143756379568541311e-04
3.702240226560420400e+00 6.095313068788274329e-04
3.708504592426004720e+00 6.047508632806138052e-04
3.714768958291589040e+00 6.000331016305554587e-04
3.721033324157174249e+00 5.953766577710086676e-04
3.727297690022757681e+00 5.907803695857069331e-04
3.733562055888342002e+00 5.862430048683885337e-04
3.739826421753926322e+00 5.817635026426336850e-04
3.746090787619511531e+00 5.773406634543496981e-04
3.752355153485095851e+00 5.729734215847861285e-04
3.758619519350680171e+00 5.686607168666883184e-04
3.764883885216264936e+00 5.644015572923685763e-04
3.771148251081849256e+00 5.601948905074655887e-04
3.777412616947433577e+00 5.560397995180856685e-04
3.783676982813018341e+00 5.519353194897153167e-04
3.789941348678603106e+00 5.478804590903320944e-04
3.796205714544187426e+00 5.438743952048391951e-04
3.802470080409771747e+00 5.399162910555487882e-04
3.808734446275356067e+00 5.360050863853839690e-04
3.814998812140940387e+00 5.321402784144926975e-04
3.821263178006525596e+00 5.283208932527516969e-04
3.827527543872109916e+00 5.245460983278370584e-04
3.833791909737694237e+00 5.208151698847421178e-04
3.840056275603278113e+00 5.171273407457821058e-04
3.846320641468862433e+00 5.134819082631104318e-04
3.852585007334447642e+00 5.098781875228763092e-04
3.858849373200031962e+00 5.063154651648641130e-04
3.865113739065616283e+00 5.027930621726547965e-04
3.871378104931200603e+00 4.993103499743797597e-04
3.877642470796784924e+00 4.958666504867783459e-04
3.883906836662369244e+00 4.924612101478323227e-04
3.890171202527954453e+00 4.890936687716974322e-04
3.896435568393538773e+00 4.857635413740668908e-04
3.902699934259123093e+00 4.824694869278290223e-04
3.908964300124707414e+00 4.792118850160395150e-04
3.915228665990292178e+00 4.759897336940719812e-04
3.921493031855876499e+00 4.728025197697790062e-04
3.927757397721461263e+00 4.696496413646057818e-04
3.934021763587045584e+00 4.665307532021114060e-04
3.940286129452630348e+00 4.634452865866017725e-04
3.946550495318214669e+00 4.603927394739887758e-04
3.952814861183798101e+00 4.573726094484240707e-04
3.959079227049383309e+00 4.543844294539317315e-04
3.965343592914967630e+00 4.514277435566209102e-04
3.971607958780551950e+00 4.485017464373984033e-04
3.977872324646136271e+00 4.456074686550063951e-04
3.984136690511721035e+00 4.427427697702488287e-04
3.990401056377305355e+00 4.399083724838021882e-04
3.996665422242890120e+00 4.371022155649004334e-04
4.002929788108474440e+00 4.343257819778887458e-04
4.009194153974059205e+00 4.315777949220612184e-04
4.015458519839643081e+00 4.288581369789888132e-04
4.021722885705227846e+00 4.261662251391078356e-04
4.027987251570812610e+00 4.235019414194454474e-04
4.034251617436397375e+00 4.208647817065995305e-04
4.040515983301981251e+00 4.182541186809477841e-04
4.046780349167566015e+00 4.156700359430407898e-04
4.053044715033150780e+00 4.131119929720506899e-04
4.059309080898734656e+00 4.105796552750389829e-04
4.065573446764319421e+00 4.080728115592036206e-04
4.071837812629903297e+00 4.055906968218607358e-04
4.078102178495488062e+00 4.031331657054064996e-04
4.084366544361071938e+00 4.007011952034781081e-04
4.090630910226656702e+00 3.982858558495112823e-04
4.096895276092241467e+00 3.958421311314290481e-04
4.103159641957826231e+00 3.935726111635644915e-04
4.109424007823410996e+00 3.912262628636010552e-04
4.115688373688994872e+00 3.889104532908965327e-04
4.121952739554579637e+00 3.866186896439607304e-04
4.128217105420163513e+00 3.843500372407042723e-04
4.134481471285748277e+00 3.821044239718232789e-04
4.140745837151333042e+00 3.798804015493862187e-04
4.147010203016917806e+00 3.776785061461838825e-04
4.153274568882501683e+00 3.754984670090385254e-04
4.159538934748086447e+00 3.733396330659585803e-04
4.165803300613670324e+00 3.712021256189544757e-04
4.172067666479255088e+00 3.690853692292927644e-04
4.178332032344839853e+00 3.669893891174043875e-04
4.184596398210423729e+00 3.649130811531317619e-04
4.190860764076008493e+00 3.628573651952848866e-04
4.197125129941592370e+00 3.608215614350302413e-04
4.203389495807178022e+00 3.588053564087170647e-04
4.209653861672761899e+00 3.568084483283972099e-04
4.215918227538346663e+00 3.548305611320695099e-04
4.222182593403930539e+00 3.528714250156428952e-04
4.228446959269515304e+00 3.509307487047499475e-04
4.234711325135099180e+00 3.490083008147758020e-04
4.240975691000684833e+00 3.471037815729914123e-04
4.247240056866268709e+00 3.452169149914739417e-04
4.253504422731853474e+00 3.433470736147505031e-04
4.259768788597438238e+00 3.414941668638081648e-04
4.266033154463022115e+00 3.396576559571449832e-04
4.272297520328606879e+00 3.378374026678180458e-04
4.278561886194191644e+00 3.360320790079841802e-04
4.284826252059776408e+00 3.342421436318895336e-04
4.291090617925360284e+00 3.324665862194830699e-04
4.297354983790944161e+00 3.307047009656979451e-04
4.303619349656528037e+00 3.289557734151069392e-04
4.309883715522113690e+00 3.272189554558740834e-04
4.316148081387697566e+00 3.254932946180845357e-04
4.322412447253282330e+00 3.237776227237174000e-04
4.328676813118867095e+00 3.220706024701304091e-04
4.334941178984450971e+00 3.203706386909674071e-04
4.341205544850035736e+00 3.186758626423872448e-04
4.347469910715620500e+00 3.169839240275591774e-04
4.353734276581205265e+00 3.152922132442655644e-04
4.359998642446789141e+00 3.135974057381827836e-04
4.366263008312373906e+00 3.118956849282240765e-04
4.372527374177957782e+00 3.101815687161934188e-04
4.378791740043542546e+00 3.084497137395579894e-04
4.385056105909127311e+00 3.066929315594867870e-04
4.391320471774712075e+00 3.049035453876640443e-04
4.397584837640295952e+00 3.030749966239488602e-04
4.403849203505880716e+00 3.012069608930416646e-04
4.410113569371465481e+00 2.993233749254652337e-04
4.416377935237049357e+00 2.975350133957989861e-04
4.422642301102634121e+00 2.962942055362898170e-04
4.428906666968217998e+00 2.977388666169037009e-04
4.435171032833802762e+00 3.171249822290361244e-04
4.441435398699386639e+00 7.114507468709795317e-04
4.447699764564971403e+00 5.318843804144311217e-04
4.453964130430556168e+00 3.605087420151799294e-04
4.460228496296140932e+00 3.288755275923944802e-04
4.466492862161724808e+00 3.162884049816039886e-04
4.472757228027309573e+00 3.093819846224577430e-04
4.479021593892894337e+00 3.048426305731644775e-04
4.485285959758478214e+00 3.014988947189658325e-04
4.491550325624062978e+00 2.988410474147050770e-04
4.497814691489647743e+00 2.966142868692065609e-04
4.504079057355232507e+00 2.946781252850715830e-04
4.510343423220816383e+00 2.929492272888782872e-04
4.516607789086401148e+00 2.913750231539573971e-04
4.522872154951985024e+00 2.899209997633008895e-04
4.529136520817569789e+00 2.885635452417386216e-04
4.535400886683153665e+00 2.872859701430116857e-04
4.541665252548738430e+00 2.860762436488189110e-04
4.547929618414323194e+00 2.849255794437600096e-04
4.554193984279907070e+00 2.838261501486126622e-04
4.560458350145492723e+00 2.827747602635560082e-04
4.566722716011076599e+00 2.817661779960166607e-04
4.572987081876661364e+00 2.807974859455968607e-04
4.579251447742245240e+00 2.798661893793442175e-04
4.585515813607830005e+00 2.789703937551349096e-04
4.591780179473413881e+00 2.781084719613406697e-04
4.598044545338999534e+00 2.772791715925098537e-04
4.604308911204583410e+00 2.764815197141053810e-04
4.610573277070168174e+00 2.757146743513806545e-04
4.616837642935752051e+00 2.749780034892315228e-04
4.623102008801336815e+00 2.742709061131728986e-04
4.629366374666921580e+00 2.735931379545674010e-04
4.635630740532506344e+00 2.729442433510683081e-04
4.641895106398090221e+00 2.723241017438800347e-04
4.648159472263674097e+00 2.717323116203173390e-04
4.654423838129258861e+00 2.711692963024520077e-04
4.660688203994843626e+00 2.706345672853651785e-04
4.666952569860428390e+00 2.701282214413993558e-04
4.673216935726012267e+00 2.696503353581360856e-04
4.679481301591597031e+00 2.692009579568217076e-04
4.685745667457180907e+00 2.687802025047150755e-04
4.692010033322765672e+00 2.683881546999714669e-04
4.698274399188350436e+00 2.680249780440808441e-04
4.704538765053935201e+00 2.676907630857608194e-04
4.710803130919519965e+00 2.673856850161850812e-04
4.717067496785103842e+00 2.671098618611707221e-04
4.723331862650688606e+00 2.668633629758860519e-04
4.729596228516272483e+00 2.666462294997414711e-04
4.735860594381858135e+00 2.664583435210137342e-04
4.742124960247442012e+00 2.662992202653060550e-04
4.748389326113026776e+00 2.661681132829422209e-04
4.754653691978609764e+00 2.660627678639875243e-04
4.760918057844194529e+00 2.659781404900492751e-04
4.767182423709779293e+00 2.658998465546964568e-04
4.773446789575364058e+00 2.657697173584679389e-04
4.779711155440948822e+00 2.649006285238333360e-04
4.785975521306532698e+00 2.669849107178531313e-04
4.792239887172117463e+00 2.666532686814516496e-04
4.798504253037701339e+00 2.667052286515678421e-04
4.804768618903286992e+00 2.668607089771792679e-04
4.811032984768870868e+00 2.670898026323381192e-04
4.817297350634455633e+00 2.674067671705331354e-04
4.823561716500039509e+00 2.679296242539582341e-04
4.829826082365624274e+00 2.804309014473981964e-04
4.836090448231208150e+00 2.675516650609101928e-04
4.842354814096793802e+00 2.682199133601810949e-04
4.848619179962377679e+00 2.687429033917344487e-04
4.854883545827962443e+00 2.692608099806440870e-04
4.861147911693547208e+00 2.698013556851276869e-04
4.867412277559131084e+00 2.703739698603201146e-04
4.873676643424715849e+00 2.709830568516553048e-04
4.879941009290299725e+00 2.716311155914777299e-04
4.886205375155884489e+00 2.723197686169940863e-04
4.892469741021468366e+00 2.730503874373520538e-04
4.898734106887053130e+00 2.738240088154904783e-04
4.904998472752637007e+00 2.746416058431448595e-04
4.911262838618222659e+00 2.755040924047617227e-04
4.917527204483807424e+00 2.764123550453271455e-04
4.923791570349392188e+00 2.773672842609943979e-04
4.930055936214975176e+00 2.783697804504667761e-04
4.936320302080559053e+00 2.794206824689082140e-04
4.942584667946144705e+00 2.805209117895627203e-04
4.948849033811728582e+00 2.816713833049456659e-04
4.955113399677313346e+00 2.828730589925353579e-04
4.961377765542897222e+00 2.841268709051100695e-04
4.967642131408481987e+00 2.854338201531814558e-04
4.973906497274066751e+00 2.867949408297876582e-04
4.980170863139651516e+00 2.882112115004923812e-04
4.986435229005235392e+00 2.896838085801474970e-04
4.992699594870820157e+00 2.912137946520198780e-04
4.998963960736404921e+00 2.928022883582191856e-04
5.005228326601988798e+00 2.944505606384080140e-04
5.011492692467573562e+00 2.961597634366801876e-04
5.017757058333158326e+00 2.979312039453191601e-04
5.024021424198743091e+00 2.997662272837753263e-04
5.030285790064326967e+00 3.016661626922131846e-04
5.036550155929911732e+00 3.036324684142856808e-04
5.042814521795495608e+00 3.056666274789213720e-04
5.049078887661080373e+00 3.077701846404980570e-04
5.055343253526665137e+00 3.099447569471005799e-04
5.061607619392249902e+00 3.121920261755418589e-04
5.067871985257833778e+00 3.145137900439429072e-04
5.074136351123418542e+00 3.169118702683294754e-04
5.080400716989003307e+00 3.193882989779239464e-04
5.086665082854587183e+00 3.219451131895785002e-04
5.092929448720171948e+00 3.245844518464195954e-04
5.099193814585756712e+00 3.273088086089499847e-04
5.105458180451341477e+00 3.301205738260965471e-04
5.111722546316925353e+00 3.330224901088472077e-04
5.117986912182510117e+00 3.360175253595772170e-04
5.124251278048093994e+00 3.391089056928767273e-04
5.130515643913679646e+00 3.423002405169533850e-04
5.136780009779263523e+00 3.455955974242559269e-04
5.143044375644848287e+00 3.489996017866083488e-04
5.149308741510432164e+00 3.525177676339605738e-04
5.155573107376016040e+00 3.561566887965323942e-04
5.161837473241600804e+00 3.599246363133293573e-04
5.168101839107184681e+00 3.638323949770136292e-04
5.174366204972769445e+00 3.678946133526616409e-04
5.180630570838353322e+00 3.721326020267273597e-04
5.186894936703938974e+00 3.765794757404243641e-04
5.193159302569522850e+00 3.812917792188422477e-04
5.199423668435107615e+00 3.863767603527001968e-04
5.205688034300691491e+00 3.920730842282235695e-04
5.211952400166276256e+00 3.990539914274195609e-04
5.218216766031861020e+00 4.102985994331251741e-04
5.224481131897445785e+00 5.014782946091585463e-04
5.230745497763030549e+00 3.866551656001904788e-04
5.237009863628614426e+00 4.023750404204428266e-04
5.243274229494199190e+00 4.108246257517274617e-04
5.249538595359783066e+00 4.178094572535910535e-04
5.255802961225367831e+00 4.243441379329362874e-04
5.262067327090952595e+00 4.307528825160923886e-04
5.268331692956537360e+00 4.371742374761312879e-04
5.274596058822121236e+00 4.436798353218237472e-04
5.280860424687706001e+00 4.503123867413621009e-04
5.287124790553289877e+00 4.571007210353610810e-04
5.293389156418874641e+00 4.640662758451894214e-04
5.299653522284459406e+00 4.712265989366136204e-04
5.305917888150044170e+00 4.785964531681363948e-04
5.312182254015628935e+00 4.861908597077262920e-04
5.318446619881212811e+00 4.940227918942536158e-04
5.324710985746797576e+00 5.021058077833735886e-04
5.330975351612381452e+00 5.104535471082152992e-04
5.337239717477967105e+00 5.190800074407926623e-04
5.343504083343550981e+00 5.279997773239520839e-04
5.349768449209135746e+00 5.372281644277176983e-04
5.356032815074719622e+00 5.467813811728130212e-04
5.362297180940304386e+00 5.566765313936796909e-04
5.368561546805888263e+00 5.669319717312772686e-04
5.374825912671473915e+00 5.775673377664810931e-04
5.381090278537057792e+00 5.886035576729470352e-04
5.387354644402640780e+00 6.000633896213095715e-04
5.393619010268225544e+00 6.119713055518636495e-04
5.399883376133810309e+00 6.243538084565373016e-04
5.406147741999395073e+00 6.372397268755323682e-04
5.412412107864978950e+00 6.506604628321710883e-04
5.418676473730563714e+00 6.646503512359613506e-04
5.424940839596148479e+00 6.792470974022643245e-04
5.431205205461732355e+00 6.944921917677500129e-04
5.437469571327317119e+00 7.104316148717949473e-04
5.443733937192901884e+00 7.271164463502801777e-04
5.449998303058486648e+00 7.446038026802541182e-04
5.456262668924070525e+00 7.629578652934254331e-04
5.462527034789655289e+00 7.822513917013545950e-04
5.468791400655239165e+00 8.025676150431118334e-04
5.475055766520824818e+00 8.240021090357876714e-04
5.481320132386408694e+00 8.466667891149303425e-04
5.487584498251993459e+00 8.706936466222592839e-04
5.493848864117577335e+00 8.962411911358906299e-04
5.500113229983162100e+00 9.235032187149321220e-04
5.506377595848745976e+00 9.527223588080280248e-04
5.512641961714331629e+00 9.842105888534515793e-04
5.518906327579915505e+00 1.018382775219178965e-03
5.525170693445500270e+00 1.055813344954821499e-03
5.531435059311085034e+00 1.097338969996866902e-03
5.537699425176668910e+00 1.144255674466605668e-03
5.543963791042253675e+00 1.198737100008848925e-03
5.550228156907838439e+00 1.264826732431367654e-03
5.556492522773423204e+00 1.351205262525511383e-03
5.562756888639007080e+00 1.481028960250515506e-03
5.569021254504591845e+00 1.745530629558942649e-03
5.575285620370175721e+00 3.269972124266102079e-03
5.581549986235760485e+00 4.000276129557261170e-04
5.587814352101345250e+00 9.692680254697021028e-04
5.594078717966930014e+00 1.182558288351193620e-03
5.600343083832513891e+00 1.317558337108590532e-03
5.606607449698098655e+00 1.428174004215649901e-03
5.612871815563683420e+00 1.531107057383981332e-03
5.619136181429266408e+00 1.633704034227996451e-03
5.625400547294851172e+00 1.740179174052532054e-03
5.631664913160435049e+00 1.853583790431854745e-03
5.637929279026019813e+00 1.976606792696607683e-03
5.644193644891604578e+00 2.111989301073270795e-03
5.650458010757189342e+00 2.262816833270800410e-03
5.656722376622773218e+00 2.432788482681141982e-03
5.662986742488357983e+00 2.626537613151542529e-03
5.669251108353942747e+00 2.850063007180022971e-03
5.675515474219526624e+00 3.111361492105362090e-03
5.681779840085112276e+00 3.421404682063262925e-03
5.688044205950696153e+00 3.795720853734608873e-03
5.694308571816280917e+00 4.257083339078680112e-03
5.700572937681864794e+00 4.840337181608183464e-03
5.706837303547449558e+00 5.601660800170077392e-03
5.713101669413033434e+00 6.637884732896822369e-03
5.719366035278619087e+00 8.131428759395577244e-03
5.725630401144202963e+00 1.047174914120802859e-02
5.731894767009787728e+00 1.466549291728220031e-02
5.738159132875371604e+00 2.436149364220773286e-02
5.744423498740956369e+00 7.106554851998334033e-02
5.750687864606541133e+00 7.843586417154378709e-02
5.756952230472125898e+00 2.536837506470425094e-02
5.763216596337710662e+00 1.516467588175525461e-02
5.769480962203294538e+00 1.083141761846839919e-02
5.775745328068879303e+00 8.434072494333774359e-03
5.782009693934463179e+00 6.912092649200987995e-03
5.788274059800047944e+00 5.859984978564333237e-03
5.794538425665632708e+00 5.089210223949215336e-03
5.800802791531217473e+00 4.500203018655704948e-03
5.807067157396801349e+00 4.035424950581574521e-03
5.813331523262386114e+00 3.659306535358823869e-03
5.819595889127969990e+00 3.348675471011549384e-03
5.825860254993554754e+00 3.087788343335316071e-03
5.832124620859139519e+00 2.865574415353517711e-03
5.838388986724724283e+00 2.674021646444035404e-03
5.844653352590307271e+00 2.507188425819209792e-03
5.850917718455891148e+00 2.360575821590302041e-03
5.857182084321476800e+00 2.230714103336247939e-03
5.863446450187060677e+00 2.114884621052447785e-03
5.869710816052645441e+00 2.010927237478947124e-03
5.875975181918230206e+00 1.917103409400028715e-03
5.882239547783814082e+00 1.831998481152189969e-03
5.888503913649398847e+00 1.754449507588012143e-03
5.894768279514983611e+00 1.683491470336269998e-03
5.901032645380568376e+00 1.618317253337431087e-03
5.907297011246152252e+00 1.558246323684236209e-03
5.913561377111737016e+00 1.502701001467208466e-03
5.919825742977320893e+00 1.451187639767644293e-03
5.926090108842905657e+00 1.403282054047324395e-03
5.932354474708490422e+00 1.358617601195420384e-03
5.938618840574075186e+00 1.316875926216698727e-03
5.944883206439659062e+00 1.277779110679894657e-03
5.951147572305243827e+00 1.241083804948562479e-03
5.957411938170827703e+00 1.206576010500751963e-03
5.963676304036412468e+00 1.174067055612161570e-03
5.969940669901997232e+00 1.143390384153962535e-03
5.976205035767581997e+00 1.114399275858889192e-03
5.982469401633166761e+00 1.086965774627426939e-03
5.988733767498750638e+00 1.060981976313159561e-03
5.994998133364335402e+00 1.036369224844834683e-03
6.001262499229919278e+00 1.013121033494212035e-03
6.007526865095504931e+00 9.916445339272011387e-04
6.013791230961088807e+00 9.527671407223628876e-04
6.020055596826673572e+00 9.466837815505885993e-04
6.026319962692257448e+00 9.278983244307585426e-04
6.032584328557842213e+00 9.095196769370914687e-04
6.038848694423426089e+00 8.918174540896380053e-04
6.045113060289011742e+00 8.748115494397045323e-04
6.051377426154595618e+00 8.584799743872891615e-04
6.057641792020180382e+00 8.427908506967657972e-04
6.063906157885765147e+00 8.277105041610782841e-04
6.070170523751349023e+00 8.132059371462785520e-04
6.076434889616932900e+00 7.992457170847685945e-04
6.082699255482516776e+00 7.858002031000620689e-04
6.088963621348101540e+00 7.728416758774276155e-04
6.095227987213686305e+00 7.603442091181856956e-04
6.101492353079271069e+00 7.482836004445705610e-04
6.107756718944854946e+00 7.366372999442072226e-04
6.114021084810439710e+00 7.253841445501921616e-04
6.120285450676024475e+00 7.145045085258875522e-04
6.126549816541608351e+00 7.039798654351174263e-04
6.132814182407193115e+00 6.937930161071269742e-04
6.139078548272777880e+00 6.839277804398239584e-04
6.145342914138362644e+00 6.743690342969759248e-04
6.151607280003946521e+00 6.651024923483287625e-04
6.157871645869531285e+00 6.561148592610164653e-04
6.164136011735115162e+00 6.473935668194945661e-04
6.170400377600699926e+00 6.389267378995702783e-04
6.176664743466284690e+00 6.307032974341202297e-04
6.182929109331869455e+00 6.227127120143926328e-04
6.189193475197453331e+00 6.149450934540523191e-04
6.195457841063038096e+00 6.073910934005759960e-04
6.201722206928622860e+00 6.000418937219690945e-04
6.207986572794206737e+00 5.928891083759001406e-04
6.214250938659791501e+00 5.859248493372095409e-04
6.220515304525376266e+00 5.791416368155268826e-04
6.226779670390961030e+00 5.725324074641400651e-04
6.233044036256544906e+00 5.660903945527475658e-04
6.239308402122129671e+00 5.598091657756750677e-04
6.245572767987713547e+00 5.536827243651826387e-04
6.251837133853299200e+00 5.477052664491041016e-04
6.258101499718882188e+00 5.418713175052301996e-04
6.264365865584467841e+00 5.361756663714078780e-04
6.270630231450052605e+00 5.306133177748886343e-04
6.276894597315636481e+00 5.251795626422334435e-04
6.283158963181221246e+00 5.198699307686402817e-04
6.289423329046805122e+00 5.146800217720171305e-04
6.295687694912389887e+00 5.096058622017167038e-04
6.301952060777973763e+00 5.046434263697642964e-04
6.308216426643557639e+00 4.997890563084507898e-04
6.314480792509142404e+00 4.950389350451606021e-04
6.320745158374726280e+00 4.903899516474804739e-04
6.327009524240311933e+00 4.858387101219570521e-04
6.333273890105896697e+00 4.813820630747187674e-04
6.339538255971480574e+00 4.770170067289817282e-04
6.345802621837065338e+00 4.727406698789207024e-04
6.352066987702649214e+00 4.685503055426696478e-04
6.358331353568233979e+00 4.644432478269360409e-04
6.364595719433817855e+00 4.604170060896463313e-04
6.370860085299402620e+00 4.564691075778239105e-04
6.377124451164988272e+00 4.525972296201823011e-04
6.383388817030571261e+00 4.487991230217449148e-04
6.389653182896156913e+00 4.450726246582071828e-04
6.395917548761740790e+00 4.414156710533164449e-04
6.402181914627325554e+00 4.378263307550786998e-04
6.408446280492910319e+00 4.343025091660944492e-04
6.414710646358494195e+00 4.308425476756352229e-04
6.420975012224078959e+00 4.274445805602667672e-04
6.427239378089662836e+00 4.241068796755444788e-04
6.433503743955248488e+00 4.208278437010815206e-04
6.439768109820831476e+00 4.176058544648513426e-04
6.446032475686417129e+00 4.144393953500314742e-04
6.452296841552001894e+00 4.113269835321781706e-04
6.458561207417585770e+00 4.082671853540670824e-04
6.464825573283170534e+00 4.052586262094192001e-04
6.471089939148754411e+00 4.022999784422038368e-04
6.477354305014339175e+00 3.993899733474713014e-04
6.483618670879924828e+00 3.965273418549970894e-04
6.489883036745507816e+00 3.937109067861183846e-04
6.496147402611093469e+00 3.909395380870368743e-04
6.502411768476677345e+00 3.882120550111690981e-04
6.508676134342262110e+00 3.855274275587521125e-04
6.514940500207845986e+00 3.828845796625475646e-04
6.521204866073430750e+00 3.802824857875450803e-04
6.527469231939015515e+00 3.777202120932387054e-04
6.533733597804598503e+00 3.751967742023697519e-04
6.539997963670183267e+00 3.727112547559783195e-04
6.546262329535768032e+00 3.702627858116932765e-04
6.552526695401351908e+00 3.678504463235093163e-04
6.558791061266936673e+00 3.654734502406296664e-04
6.565055427132520549e+00 3.631309767894130001e-04
6.571319792998106202e+00 3.608222332451756242e-04
6.577584158863690966e+00 3.585464439854066051e-04
6.583848524729274843e+00 3.563028666221432065e-04
6.590112890594859607e+00 3.540907744905230311e-04
6.596377256460443483e+00 3.519095059963024425e-04
6.602641622326028248e+00 3.497583307126217651e-04
6.608905988191612124e+00 3.476365945436158539e-04
6.615170354057196889e+00 3.455436520734977588e-04
6.621434719922782541e+00 3.434788826739233530e-04
6.627699085788366418e+00 3.414416563809199393e-04
6.633963451653951182e+00 3.394313613765510352e-04
6.640227817519535058e+00 3.374474429735830499e-04
6.646492183385119823e+00 3.354892529442411947e-04
6.652756549250704587e+00 3.335562767465991506e-04
6.659020915116288464e+00 3.316479403379008796e-04
6.665285280981873228e+00 3.297636241003951770e-04
6.671549646847457105e+00 3.279028105945548362e-04
6.677814012713042757e+00 3.260648843742667852e-04
6.684078378578625745e+00 3.242492218114078695e-04
6.690342744444211398e+00 3.224552248156206842e-04
6.696607110309796163e+00 3.206820916426263526e-04
6.702871476175380039e+00 3.189289700726673292e-04
6.709135842040964803e+00 3.171947382465231842e-04
6.715400207906548680e+00 3.154776491837474372e-04
6.721664573772133444e+00 3.137745481853796933e-04
6.727928939637719097e+00 3.120772508110002379e-04
6.734193305503302973e+00 3.103447532191390195e-04
6.740457671368887738e+00 3.094701269447908912e-04
6.746722037234471614e+00 3.072713470688076326e-04
6.752986403100056378e+00 3.055700710645800188e-04
6.759250768965640255e+00 3.038347264693355937e-04
6.765515134831224131e+00 3.017599116762646142e-04
6.771779500696808896e+00 3.060565783229824105e-04
6.778043866562392772e+00 3.003426020906137402e-04
6.784308232427977536e+00 2.985269762512670223e-04
6.790572598293562301e+00 2.969287533251986763e-04
6.796836964159146177e+00 2.954032561416534237e-04
6.803101330024731830e+00 2.939176443229102233e-04
6.809365695890314818e+00 2.924600879915780828e-04
6.815630061755900471e+00 2.910252761190633636e-04
6.821894427621484347e+00 2.896103300603625999e-04
6.828158793487069111e+00 2.882134818220593014e-04
6.834423159352653876e+00 2.868336734901430051e-04
6.840687525218237752e+00 2.854700341657023474e-04
6.846951891083822517e+00 2.841219219368257363e-04
6.853216256949406393e+00 2.827888032223645600e-04
6.859480622814991158e+00 2.814702832392483264e-04
6.865744988680576810e+00 2.801660145859944545e-04
6.872009354546160687e+00 2.788757252928756604e-04
6.878273720411745451e+00 2.775990120193342682e-04
6.884538086277329327e+00 2.763356748769109231e-04
6.890802452142914092e+00 2.750854187935876990e-04
6.897066818008497968e+00 2.738480204077463321e-04
6.903331183874082733e+00 2.726232687718093827e-04
6.909595549739668385e+00 2.714109450558725126e-04
6.915859915605251373e+00 2.702108578593801608e-04
6.922124281470837026e+00 2.690227579556458385e-04
6.928388647336420902e+00 2.678465626193096173e-04
6.934653013202005667e+00 2.666820185377203689e-04
6.940917379067590431e+00 2.655288928458036479e-04
6.947181744933174308e+00 2.643872403912839609e-04
6.953446110798759072e+00 2.632566636200514500e-04
6.959710476664342949e+00 2.621371172173436476e-04
6.965974842529927713e+00 2.610284388721308114e-04
6.972239208395511589e+00 2.599304911680465693e-04
6.978503574261097242e+00 2.588431030006413023e-04
6.984767940126682007e+00 2.577661270625975160e-04
6.991032305992264106e+00 2.566993620865789172e-04
6.997296671857849759e+00 2.556424157656001601e-04
7.003561037723434524e+00 2.545941584368730188e-04
7.009825403589018400e+00 2.535433833054886489e-04
7.016089769454603164e+00 2.525547606176631950e-04
7.022354135320187041e+00 2.515298129046481196e-04
7.028618501185771805e+00 2.505222732894357707e-04
7.034882867051357458e+00 2.495258024511580464e-04
7.041147232916940446e+00 2.485400097509698905e-04
7.047411598782526099e+00 2.475642885292027306e-04
7.053675964648109087e+00 2.465987844925605389e-04
7.059940330513694740e+00 2.456435039214324473e-04
7.066204696379278616e+00 2.446987306280092728e-04
7.072469062244863380e+00 2.437645801191171244e-04
7.078733428110448145e+00 2.428413993812497391e-04
7.084997793976032021e+00 2.419296098327781822e-04
7.091262159841616786e+00 2.410297607548497669e-04
7.097526525707200662e+00 2.401426277058925460e-04
7.103790891572786315e+00 2.392692857322146246e-04
7.110055257438371079e+00 2.384111977393776113e-04
7.116319623303954955e+00 2.375703845262906277e-04
7.122583989169539720e+00 2.367496731320058569e-04
7.128848355035123596e+00 2.359531385974110906e-04
7.135112720900708361e+00 2.351874888882546778e-04
7.141377086766292237e+00 2.344624336190562219e-04
7.147641452631877002e+00 2.337949029729331383e-04
7.153905818497462654e+00 2.332149921206609958e-04
7.160170184363045642e+00 2.327833396509819245e-04
7.166434550228631295e+00 2.326401531208281053e-04
7.172698916094215171e+00 2.332028632756784619e-04
7.178963281959799936e+00 2.365102165177295781e-04
7.185227647825384700e+00 5.070572904804243218e-04
7.191492013690968577e+00 2.174592698671684403e-04
7.197756379556553341e+00 2.211738901011071781e-04
7.204020745422137217e+00 2.218311025753999402e-04
7.210285111287722870e+00 2.217422527579154064e-04
7.216549477153305858e+00 2.213568519727635508e-04
7.222813843018889735e+00 2.208208955635955213e-04
7.229078208884475387e+00 2.201924467911489409e-04
7.235342574750058375e+00 2.194934045008272772e-04
7.241606940615644028e+00 2.187189365077222712e-04
7.247871306481228793e+00 2.178197372923415282e-04
7.254135672346812669e+00 2.165581656875859614e-04
7.260400038212397433e+00 2.114995431326108287e-04
7.266664404077981310e+00 2.190125786567700527e-04
7.272928769943566074e+00 2.168355992276392629e-04
7.279193135809149950e+00 2.157549664559638906e-04
7.285457501674734715e+00 2.148808035471393390e-04
7.291721867540320368e+00 2.140820114998030776e-04
7.297986233405904244e+00 2.133197770248406106e-04
7.304250599271489008e+00 2.125790985917151807e-04
7.310514965137072885e+00 2.118524562344529171e-04
7.316779331002657649e+00 2.111370240515616538e-04
7.323043696868242414e+00 2.104285366809843468e-04
7.329308062733826290e+00 2.097276710138544725e-04
7.335572428599411943e+00 2.090327935320773691e-04
7.341836794464994931e+00 2.083434258543195210e-04
7.348101160330580583e+00 2.076589020754294871e-04
7.354365526196163572e+00 2.069792566700988151e-04
7.360629892061749224e+00 2.063042115690583698e-04
7.366894257927333989e+00 2.056335683060870462e-04
7.373158623792917865e+00 2.049668980237103280e-04
7.379422989658502630e+00 2.043041767311567689e-04
7.385687355524086506e+00 2.036456007336369270e-04
7.391951721389671270e+00 2.029903415604383051e-04
7.398216087255256923e+00 2.023391719842403005e-04
7.404480453120840799e+00 2.016916739039587773e-04
7.410744818986425564e+00 2.010383909486467555e-04
7.417009184852009440e+00 2.004035475575874998e-04
7.423273550717594205e+00 1.997654858250998177e-04
7.429537916583178081e+00 1.991302395388537311e-04
7.435802282448762845e+00 1.984969988203776894e-04
7.442066648314348498e+00 1.978666514834135682e-04
7.448331014179930598e+00 1.972381426844924471e-04
7.454595380045515363e+00 1.966113475160067669e-04
7.460859745911100127e+00 1.959862610815427683e-04
7.467124111776684003e+00 1.953618087892710861e-04
7.473388477642269656e+00 1.947375530259001417e-04
7.479652843507852644e+00 1.941126512529193506e-04
7.485917209373438297e+00 1.934861825160980031e-04
7.492181575239023061e+00 1.928567216586226827e-04
7.498445941104606938e+00 1.922223724212708551e-04
7.504710306970191702e+00 1.915799475206444004e-04
7.510974672835775579e+00 1.909266674663403986e-04
7.517239038701360343e+00 1.902557702498431150e-04
7.523503404566944219e+00 1.895582159517487963e-04
7.529767770432529872e+00 1.888180265953581793e-04
7.536032136298114636e+00 1.880060234963217794e-04
7.542296502163698513e+00 1.870610708039269611e-04
7.548560868029283277e+00 1.858321122053387489e-04
7.554825233894867154e+00 1.838147827421762769e-04
7.561089599760451918e+00 1.776740166306043170e-04
7.567353965626036683e+00 2.092624086228506608e-04
7.573618331491620559e+00 1.913912479556652074e-04
7.579882697357206212e+00 1.885775501134781475e-04
7.586147063222789200e+00 1.871480006116855522e-04
7.592411429088374852e+00 1.861386534491513145e-04
7.598675794953958729e+00 1.853133239792845546e-04
7.604940160819543493e+00 1.845855953360557306e-04
7.611204526685128258e+00 1.839167469638020697e-04
7.617468892550712134e+00 1.832865651650249206e-04
7.623733258416296898e+00 1.826834845419936584e-04
7.629997624281880775e+00 1.821004528262629857e-04
7.636261990147466427e+00 1.815328630124511168e-04
7.642526356013051192e+00 1.809776274498326766e-04
7.648790721878635068e+00 1.804326471890220832e-04
7.655055087744219833e+00 1.798962912598096463e-04
7.661319453609803709e+00 1.793674431975217517e-04
7.667583819475388474e+00 1.788452543143655865e-04
7.673848185340972350e+00 1.783289018183304927e-04
7.680112551206556226e+00 1.778179487195472941e-04
7.686376917072140991e+00 1.773119068470983741e-04
7.692641282937724867e+00 1.768106577808908550e-04
7.698905648803309631e+00 1.763134208142269610e-04
7.705170014668895284e+00 1.758203675287021680e-04
7.711434380534478272e+00 1.753311867318920532e-04
7.717698746400063925e+00 1.748456621696396198e-04
7.723963112265646913e+00 1.743636521954118233e-04
7.730227478131232566e+00 1.738850377531853499e-04
7.736491843996816442e+00 1.734097093352845130e-04
7.742756209862401207e+00 1.729375906961623272e-04
7.749020575727985971e+00 1.724685447667562849e-04
7.755284941593569847e+00 1.720025010987377375e-04
7.761549307459154612e+00 1.715394061007126402e-04
7.767813673324738488e+00 1.710791495892291666e-04
7.774078039190324141e+00 1.706217004251801004e-04
7.780342405055908905e+00 1.701670025199074452e-04
7.786606770921492782e+00 1.697151463994529146e-04
7.792871136787077546e+00 1.692657541422857420e-04
7.799135502652661422e+00 1.688190349357831458e-04
7.805399868518246187e+00 1.683748975820883510e-04
7.811664234383830063e+00 1.679332521142805085e-04
7.817928600249414828e+00 1.674941158714570886e-04
7.824192966115000480e+00 1.670574332572180489e-04
7.830457331980584357e+00 1.666231457158082554e-04
7.836721697846169121e+00 1.661912669462279485e-04
7.842986063711752998e+00 1.657617190122965070e-04
7.849250429577337762e+00 1.653344864243324805e-04
7.855514795442922527e+00 1.649095570626762637e-04
7.861779161308506403e+00 1.644868881097104579e-04
7.868043527174091167e+00 1.640664506638653134e-04
7.874307893039675044e+00 1.636482442679797742e-04
7.880572258905260696e+00 1.632322170622113567e-04
7.886836624770843684e+00 1.628183480099073893e-04
7.893100990636429337e+00 1.624066231994083414e-04
7.899365356502014102e+00 1.619969986705510395e-04
7.905629722367596202e+00 1.615894593773389441e-04
7.911894088233181854e+00 1.611839805753183632e-04
7.918158454098766619e+00 1.607805317945218730e-04
7.924422819964350495e+00 1.603790960868057387e-04
7.930687185829935260e+00 1.599796308545853481e-04
7.936951551695519136e+00 1.595821519610526732e-04
7.943215917561103900e+00 1.591866334370693617e-04
7.949480283426689553e+00 1.587929809999247060e-04
7.955744649292272541e+00 1.584012815244405226e-04
7.962009015157858194e+00 1.580113917525020764e-04
7.968273381023442070e+00 1.576233571139989270e-04
7.974537746889026835e+00 1.572369813377655487e-04
7.980802112754610711e+00 1.568525499843725197e-04
7.987066478620195475e+00 1.564698195227457356e-04
7.993330844485780240e+00 1.560887659141935320e-04
7.999595210351364116e+00 1.557093399056414711e-04
8.005859576216948881e+00 1.553315079633250289e-04
8.012123942082533645e+00 1.549552105781952310e-04
8.018388307948118410e+00 1.545803649177381717e-04
8.024652673813703174e+00 1.542068962145150561e-04
8.030917039679286162e+00 1.538346630713888295e-04
8.037181405544872703e+00 1.534635187824646637e-04
8.043445771410455691e+00 1.530932397814389054e-04
8.049710137276040456e+00 1.527235510895626907e-04
8.055974503141625220e+00 1.523540093394514384e-04
8.062238869007209985e+00 1.519839762676722925e-04
8.068503234872794749e+00 1.516122264229863422e-04
8.074767600738377737e+00 1.512370520895246989e-04
8.081031966603962502e+00 1.508545821873916279e-04
8.087296332469547266e+00 1.504564532362677009e-04
8.093560698335132031e+00 1.500190915778760212e-04
8.099825064200716795e+00 1.494400966051719472e-04
8.106089430066301560e+00 1.465512143857918611e-04
8.112353795931886324e+00 1.500011596052519775e-04
8.118618161797469313e+00 1.492383836084332368e-04
8.124882527663054077e+00 1.487753137761165239e-04
8.131146893528638842e+00 1.483766793378197527e-04
8.137411259394221830e+00 1.480031974829192987e-04
8.143675625259806594e+00 1.476426380946343618e-04
8.149939991125391359e+00 1.472899853007394273e-04
8.156204356990976123e+00 1.469427839012235051e-04
8.162468722856560888e+00 1.465996312057344872e-04
8.168733088722143876e+00 1.462597983295601839e-04
8.174997454587730417e+00 1.459227272911453209e-04
8.181261820453313405e+00 1.455880847485547071e-04
8.187526186318898169e+00 1.452556696640085220e-04
8.193790552184482934e+00 1.449252707744244878e-04
8.200054918050067698e+00 1.445967750630392033e-04
8.206319283915652463e+00 1.442700955349417462e-04
8.212583649781235451e+00 1.439451127835598672e-04
8.218848015646821992e+00 1.436218173127934254e-04
8.225112381512404980e+00 1.433001378964361726e-04
8.231376747377989744e+00 1.429800361096206544e-04
8.237641113243574509e+00 1.426614546212819534e-04
8.243905479109159273e+00 1.423443810407767354e-04
8.250169844974744038e+00 1.420287839299675607e-04
8.256434210840327026e+00 1.417146690102329056e-04
8.262698576705911790e+00 1.414019637770272441e-04
8.268962942571496555e+00 1.410906710514183099e-04
8.275227308437081319e+00 1.407807717692148239e-04
8.281491674302666084e+00 1.404722595668522170e-04
8.287756040168250848e+00 1.401651023018661265e-04
8.294020406033835613e+00 1.398592912766636947e-04
8.300284771899418601e+00 1.395548289450657597e-04
8.306549137765003366e+00 1.392516681662448927e-04
8.312813503630588130e+00 1.389498326557216080e-04
8.319077869496172895e+00 1.386492931311205528e-04
8.325342235361757659e+00 1.383500258363692058e-04
8.331606601227340647e+00 1.380520408572298433e-04
8.337870967092927188e+00 1.377553150650671194e-04
8.344135332958510176e+00 1.374598317988609769e-04
8.350399698824094941e+00 1.371656345759736829e-04
8.356664064689679705e+00 1.368726287453116879e-04
8.362928430555262693e+00 1.365808559475473747e-04
8.369192796420847458e+00 1.362903118000044738e-04
8.375457162286432222e+00 1.360009620801045467e-04
8.381721528152016987e+00 1.357128168598238866e-04
8.387985894017601751e+00 1.354258530024452336e-04
8.394250259883184739e+00 1.351400670316609399e-04
8.400514625748769504e+00 1.348554586795083787e-04
8.406778991614356045e+00 1.345720139482588196e-04
8.413043357479939033e+00 1.342897246974135710e-04
8.419307723345523797e+00 1.340085673069004802e-04
8.425572089211108562e+00 1.337285699690533229e-04
8.431836455076693326e+00 1.334497022536307374e-04
8.438100820942276314e+00 1.331719394369568178e-04
8.444365186807861079e+00 1.328953231629558483e-04
8.450629552673445843e+00 1.326197777875278772e-04
8.456893918539030608e+00 1.323453459572848949e-04
8.463158284404615372e+00 1.320720402019443180e-04
8.469422650270198361e+00 1.317997791255810444e-04
8.475687016135784901e+00 1.315286194122839477e-04
8.481951382001369666e+00 1.312585293817688994e-04
8.488215747866952654e+00 1.309894749731300566e-04
8.494480113732537419e+00 1.307215438385235962e-04
8.500744479598122183e+00 1.304546341745093014e-04
8.507008845463706947e+00 1.301887447235957739e-04
8.513273211329289936e+00 1.299239150205194467e-04
8.519537577194876476e+00 1.296600923602558928e-04
8.525801943060461241e+00 1.293973242707287664e-04
8.532066308926044229e+00 1.291355989924622687e-04
8.538330674791628994e+00 1.288748581575347384e-04
8.544595040657213758e+00 1.286151311784869378e-04
8.550859406522798523e+00 1.283563946820501602e-04
8.557123772388383287e+00 1.280986553779949215e-04
8.563388138253966275e+00 1.278419069774998427e-04
8.569652504119552816e+00 1.275861461716574683e-04
8.575916869985135804e+00 1.273313655871964524e-04
8.582181235850720569e+00 1.270775388868195974e-04
8.588445601716305333e+00 1.268247108052380915e-04
8.594709967581888321e+00 1.265728194607422172e-04
8.600974333447473086e+00 1.263218582348860303e-04
8.607238699313056074e+00 1.260719375682520726e-04
8.613503065178642615e+00 1.258228853463678760e-04
8.619767431044227379e+00 1.255748046285182879e-04
8.626031796909810367e+00 1.253276732906272184e-04
8.632296162775395132e+00 1.250815176753468751e-04
8.638560528640979896e+00 1.248363670918137291e-04
8.644824894506564661e+00 1.245924029354340172e-04
8.651089260372147649e+00 1.243510273115898954e-04
8.657353626237734190e+00 1.241007229362100356e-04
8.663617992103318954e+00 1.238619836266041706e-04
8.669882357968901943e+00 1.236216803767987385e-04
8.676146723834486707e+00 1.233819534341830751e-04
8.682411089700071471e+00 1.231430145844725015e-04
8.688675455565656236e+00 1.229048972102823748e-04
8.694939821431241000e+00 1.226675923179316779e-04
8.701204187296823989e+00 1.224312610950539911e-04
8.707468553162410529e+00 1.221956718827642871e-04
8.713732919027993518e+00 1.219609486496209526e-04
8.719997284893578282e+00 1.217270468435291186e-04
8.726261650759163047e+00 1.214940521120207119e-04
8.732526016624747811e+00 1.212618677836867632e-04
8.738790382490332576e+00 1.210305290282556490e-04
8.745054748355915564e+00 1.208000148483336311e-04
8.751319114221500328e+00 1.205703176120910119e-04
8.757583480087085093e+00 1.203414363543845020e-04
8.763847845952669857e+00 1.201133911326326639e-04
8.770112211818254622e+00 1.198861854172286463e-04
8.776376577683839386e+00 1.196597555461570520e-04
8.782640943549424151e+00 1.194341231489664428e-04
8.788905309415007139e+00 1.192092839988688995e-04
8.795169675280591903e+00 1.189852859720868313e-04
8.801434041146176668e+00 1.187620703308888033e-04
8.807698407011761432e+00 1.185396540782189393e-04
8.813962772877346197e+00 1.183179611968780849e-04
8.820227138742930961e+00 1.180971134350104941e-04
8.826491504608513949e+00 1.178769885407155880e-04
8.832755870474098714e+00 1.176576395442095307e-04
8.839020236339681702e+00 1.174390585773921078e-04
8.845284602205268243e+00 1.172212100798713673e-04
8.851548968070851231e+00 1.170042498989549702e-04
8.857813333936435995e+00 1.167879558317107556e-04
8.864077699802020760e+00 1.165724455886829434e-04
8.870342065667605524e+00 1.163575768482238754e-04
8.876606431533190289e+00 1.161434884778600652e-04
8.882870797398773277e+00 1.159302559264287951e-04
8.889135163264359818e+00 1.157174996214055439e-04
8.895399529129942806e+00 1.155057528868033429e-04
8.901663894995527571e+00 1.152946500555500494e-04
8.907928260861112335e+00 1.150842965953390663e-04
8.914192626726697100e+00 1.148745866998665576e-04
8.920456992592281864e+00 1.146656042912279382e-04
8.926721358457864852e+00 1.144573431492041120e-04
8.932985724323449617e+00 1.142498364682906524e-04
8.939250090189036158e+00 1.140429984231155087e-04
8.945514456054619146e+00 1.138368862453338599e-04
8.951778821920203910e+00 1.136314365867171469e-04
8.958043187785788675e+00 1.134266302683401576e-04
8.964307553651373439e+00 1.132225467407677256e-04
8.970571919516956427e+00 1.130191831216383600e-04
8.976836285382541192e+00 1.128169696607382041e-04
8.983100651248125956e+00 1.126142347034583314e-04
8.989365017113710721e+00 1.124130883288543449e-04
8.995629382979295485e+00 1.122124213520705056e-04
9.001893748844878473e+00 1.120125679211132649e-04
9.008158114710465014e+00 1.118130948711889568e-04
9.014422480576049779e+00 1.116145856295686485e-04
9.020686846441632767e+00 1.114167414888411712e-04
9.026951212307217531e+00 1.112193530799240968e-04
9.033215578172802296e+00 1.110226476616012247e-04
9.039479944038387060e+00 1.108265430090282305e-04
9.045744309903970048e+00 1.106311659274415645e-04
9.052008675769554813e+00 1.104362989467642052e-04
9.058273041635139577e+00 1.102421245546682211e-04
9.064537407500722566e+00 1.100483927469259380e-04
9.070801773366307330e+00 1.098539567644389088e-04
9.077066139231893871e+00 1.096645308595999165e-04
9.083330505097476859e+00 1.094728459780897165e-04
9.089594870963061624e+00 1.092820544969513868e-04
9.095859236828646388e+00 1.090915668795369806e-04
9.102123602694231153e+00 1.089022036796135349e-04
9.108387968559814141e+00 1.087132767608829566e-04
9.114652334425398905e+00 1.085250879338509918e-04
9.120916700290985446e+00 1.083377802023315360e-04
9.127181066156568434e+00 1.081509170772899892e-04
9.133445432022153199e+00 1.079648295437314343e-04
9.139709797887736187e+00 1.077795681015008861e-04
9.145974163753322728e+00 1.075952637650638970e-04
9.152238529618907492e+00 1.074120447625304955e-04
9.158502895484490480e+00 1.072302447454738213e-04
9.164767261350075245e+00 1.070506676584375696e-04
9.171031627215660009e+00 1.068756644311924476e-04
9.177295993081244774e+00 1.067158061626768403e-04
9.183560358946827762e+00 1.068728460533669079e-04
9.189824724812414303e+00 1.062379599368912535e-04
9.196089090677999067e+00 1.060923158468187242e-04
9.202353456543582055e+00 1.059225013075908639e-04
9.208617822409166820e+00 1.057477452433806131e-04
9.214882188274751584e+00 1.055715228969690062e-04
9.221146554140336349e+00 1.053947446694053773e-04
9.227410920005921113e+00 1.052180112795099811e-04
9.233675285871504101e+00 1.050415484380567548e-04
9.239939651737090642e+00 1.048653277215313696e-04
9.246204017602673630e+00 1.046895229900339703e-04
9.252468383468258395e+00 1.045141023070644002e-04
9.258732749333843159e+00 1.043392790062204625e-04
9.264997115199427924e+00 1.041645846624143898e-04
9.271261481065012688e+00 1.039906525430991984e-04
9.277525846930595677e+00 1.038172228236001191e-04
9.283790212796180441e+00 1.036442691881171491e-04
9.290054578661765206e+00 1.034717938494985197e-04
9.296318944527348194e+00 1.032998096591168121e-04
9.302583310392932958e+00 1.031283317429412697e-04
9.308847676258517723e+00 1.029574073695821017e-04
9.315112042124102487e+00 1.027869640768212654e-04
9.321376407989687252e+00 1.026170504852542931e-04
9.327640773855272016e+00 1.024476551430251607e-04
9.333905139720856781e+00 1.022787159204716811e-04
9.340169505586439769e+00 1.021103072829108505e-04
9.346433871452024533e+00 1.019424111977516509e-04
9.352698237317609298e+00 1.017751808947071391e-04
9.358962603183194062e+00 1.016081483011288848e-04
9.365226969048778827e+00 1.014418207371734209e-04
9.371491334914361815e+00 1.012759796533396056e-04
9.377755700779948356e+00 1.011106438871110818e-04
9.384020066645531344e+00 1.009458234975805683e-04
9.390284432511116108e+00 1.007815760330730708e-04
9.396548798376700873e+00 1.006179396275469555e-04
9.402813164242285637e+00 1.004550222376190537e-04
9.409077530107870402e+00 1.002931946570000967e-04
9.415341895973453390e+00 1.001348324564246486e-04
9.421606261839039931e+00 9.994169115336252606e-05
9.427870627704622919e+00 9.979909658711479592e-05
9.434134993570207683e+00 9.964013034826100850e-05
9.440399359435792448e+00 9.948033597662648707e-05
9.446663725301377212e+00 9.932071591401018054e-05
9.452928091166961977e+00 9.916124882970734895e-05
9.459192457032544965e+00 9.900224566452756449e-05
9.465456822898129730e+00 9.884364987823461622e-05
9.471721188763716270e+00 9.868548361923339975e-05
9.477985554629299259e+00 9.852776177207588006e-05
9.484249920494884023e+00 9.837049014987458105e-05
9.490514286360468788e+00 9.821366374290257581e-05
9.496778652226053552e+00 9.805727651270235634e-05
9.503043018091636540e+00 9.790134647414017340e-05
9.509307383957219528e+00 9.774586036016621473e-05
9.515571749822806069e+00 9.759081969063285308e-05
9.521836115688389057e+00 9.743623759215766565e-05
9.528100481553973822e+00 9.728208622269218862e-05
9.534364847419558586e+00 9.712838958510043585e-05
9.540629213285143351e+00 9.697509993141562631e-05
9.546893579150728115e+00 9.682230348389410477e-05
9.553157945016311103e+00 9.666992671077038297e-05
9.559422310881897644e+00 9.651798009628204382e-05
9.565686676747480632e+00 9.636646147202875391e-05
9.571951042613065397e+00 9.621537737013797261e-05
9.578215408478650161e+00 9.606472101716827304e-05
9.584479774344234926e+00 9.591450155387535312e-05
9.590744140209819690e+00 9.576469000045812364e-05
9.597008506075402678e+00 9.561534316405455769e-05
9.603272871940987443e+00 9.546641317407517774e-05
9.609537237806573984e+00 9.531787256936922591e-05
9.615801603672156972e+00 9.516979573762425384e-05
9.622065969537741736e+00 9.502209919366582660e-05
9.628330335403326501e+00 9.487483635893325415e-05
9.634594701268911265e+00 9.472788402192010922e-05
9.640859067134494254e+00 9.458155017010044406e-05
9.647123433000079018e+00 9.443552318276752144e-05
9.653387798865663783e+00 9.428989543607281510e-05
9.659652164731248547e+00 9.414468344899088131e-05
9.665916530596833312e+00 9.399987846497728035e-05
9.672180896462416300e+00 9.385548799789568896e-05
9.678445262328002840e+00 9.371150335772762154e-05
9.684709628193587605e+00 9.356791226743175604e-05
9.690973994059170593e+00 9.342472633297738409e-05
9.697238359924755358e+00 9.328193474937880180e-05
9.703502725790340122e+00 9.313953393658421323e-05
9.709767091655924887e+00 9.299754113655648072e-05
9.716031457521507875e+00 9.285594285103809309e-05
9.722295823387094416e+00 9.271474207520463684e-05
9.728560189252679180e+00 9.257386275881359251e-05
9.734824555118262168e+00 9.243346712138371596e-05
9.741088920983845156e+00 9.229340343695503204e-05
9.747353286849431697e+00 9.215372555125318917e-05
9.753617652715014685e+00 9.201445546010771580e-05
9.759882018580599450e+00 9.187555852387840243e-05
9.766146384446184214e+00 9.173704789355832028e-05
9.772410750311768979e+00 9.159891240353609224e-05
9.778675116177353743e+00 9.146113438983119698e-05
9.784939482042936731e+00 9.132374951206315172e-05
9.791203847908523272e+00 9.118673781093608946e-05
9.797468213774106260e+00 9.105010710355683533e-05
9.803732579639691025e+00 9.091383622548130424e-05
9.809996945505274013e+00 9.077794737499347865e-05
9.816261311370860554e+00 9.064242610703519896e-05
9.822525677236445318e+00 9.050725533048320298e-05
9.828790043102030083e+00 9.037246335197890467e-05
9.835054408967614847e+00 9.023802425880301386e-05
9.841318774833199612e+00 9.010394914969799328e-05
9.847583140698784376e+00 8.997025212122689822e-05
9.853847506564365588e+00 8.983689833383785807e-05
9.860111872429950353e+00 8.970390559984496939e-05
9.866376238295535117e+00 8.957127148823685312e-05
9.872640604161118105e+00 8.943898687168859614e-05
9.878904970026704646e+00 8.930706486242294536e-05
9.885169335892289411e+00 8.917549210399504443e-05
9.891433701757872399e+00 8.904427151130307457e-05
9.897698067623457163e+00 8.891338726021630660e-05
9.903962433489041928e+00 8.878286115830497582e-05
9.910226799354626692e+00 8.865268203500937931e-05
9.916491165220211457e+00 8.852287519471912288e-05
9.922755531085794445e+00 8.839337158405045436e-05
9.929019896951380986e+00 8.826422409778531203e-05
9.935284262816963974e+00 8.813541934163640255e-05
9.941548628682548738e+00 8.800695681794857260e-05
9.947812994548133503e+00 8.787882959298506144e-05
9.954077360413718267e+00 8.775104024673760419e-05
9.960341726279303032e+00 8.762358731631927390e-05
9.966606092144886020e+00 8.749647744365403345e-05
9.972870458010470784e+00 8.736969310360824905e-05
9.979134823876055549e+00 8.724323854731784943e-05
9.985399189741640313e+00 8.711711206074378123e-05
9.991663555607225078e+00 8.699131988597399990e-05
9.997927921472809842e+00 8.686585351936646035e-05
